solve the next system in R5 space (5 equations)(5 unknowns):
eq1: - 2*x1 + 2*x2 + 2*x3 -   x4 +   x5  = 1
eq2: - 4*x1 + 4*x2 + 4*x3 + 4*x4 + 3*x5  = 31
eq3: + 2*x1 + 3*x2 + 2*x3 + 3*x4 + 2*x5  = 15
eq4: - 3*x1 -   x2 +   x3 + 2*x4 + 2*x5  = 8
eq5: + 5*x1 + 5*x2 + 3*x3 + 5*x4 + 5*x5  = 52

-2 ,2 ,2 ,-1 ,1 | 1
-4 ,4 ,4 ,4 ,3 | 31
2 ,3 ,2 ,3 ,2 | 15
-3 ,-1 ,1 ,2 ,2 | 8
5 ,5 ,3 ,5 ,5 | 52

implement the solution by ranking rows method:
transform A matrix to I by a ranking rows:
R2 --> R2 - 2*R1

-2 ,2 ,2 ,-1 ,1 | 1
0 ,0 ,0 ,6 ,1 | 29
2 ,3 ,2 ,3 ,2 | 15
-3 ,-1 ,1 ,2 ,2 | 8
5 ,5 ,3 ,5 ,5 | 52

R3 --> R3 + R1

-2 ,2 ,2 ,-1 ,1 | 1
0 ,0 ,0 ,6 ,1 | 29
0 ,5 ,4 ,2 ,3 | 16
-3 ,-1 ,1 ,2 ,2 | 8
5 ,5 ,3 ,5 ,5 | 52

R4 --> R4 - 1.5*R1

-2 ,2 ,2 ,-1 ,1 | 1
0 ,0 ,0 ,6 ,1 | 29
0 ,5 ,4 ,2 ,3 | 16
0 ,-4 ,-2 ,3.5 ,0.5 | 6.5
5 ,5 ,3 ,5 ,5 | 52

R5 --> R5 + 2.5*R1

-2 ,2 ,2 ,-1 ,1 | 1
0 ,0 ,0 ,6 ,1 | 29
0 ,5 ,4 ,2 ,3 | 16
0 ,-4 ,-2 ,3.5 ,0.5 | 6.5
0 ,10 ,8 ,2.5 ,7.5 | 54.5

R2 <--> R3

-2 ,2 ,2 ,-1 ,1 | 1
0 ,5 ,4 ,2 ,3 | 16
0 ,0 ,0 ,6 ,1 | 29
0 ,-4 ,-2 ,3.5 ,0.5 | 6.5
0 ,10 ,8 ,2.5 ,7.5 | 54.5

R1 --> R1 - 0.4*R2

-2 ,0 ,0.4 ,-1.8 ,-0.2 | -5.4
0 ,5 ,4 ,2 ,3 | 16
0 ,0 ,0 ,6 ,1 | 29
0 ,-4 ,-2 ,3.5 ,0.5 | 6.5
0 ,10 ,8 ,2.5 ,7.5 | 54.5

R4 --> R4 + 0.8*R2

-2 ,0 ,0.4 ,-1.8 ,-0.2 | -5.4
0 ,5 ,4 ,2 ,3 | 16
0 ,0 ,0 ,6 ,1 | 29
0 ,0 ,1.2 ,5.1 ,2.9 | 19.3
0 ,10 ,8 ,2.5 ,7.5 | 54.5

R5 --> R5 - 2*R2

-2 ,0 ,0.4 ,-1.8 ,-0.2 | -5.4
0 ,5 ,4 ,2 ,3 | 16
0 ,0 ,0 ,6 ,1 | 29
0 ,0 ,1.2 ,5.1 ,2.9 | 19.3
0 ,0 ,0 ,-1.5 ,1.5 | 22.5

R3 <--> R4

-2 ,0 ,0.4 ,-1.8 ,-0.2 | -5.4
0 ,5 ,4 ,2 ,3 | 16
0 ,0 ,1.2 ,5.1 ,2.9 | 19.3
0 ,0 ,0 ,6 ,1 | 29
0 ,0 ,0 ,-1.5 ,1.5 | 22.5

R1 --> R1 - 0.333*R3

-2 ,0 ,0 ,-3.5 ,-1.167 | -11.833
0 ,5 ,4 ,2 ,3 | 16
0 ,0 ,1.2 ,5.1 ,2.9 | 19.3
0 ,0 ,0 ,6 ,1 | 29
0 ,0 ,0 ,-1.5 ,1.5 | 22.5

R2 --> R2 - 3.333*R3

-2 ,0 ,0 ,-3.5 ,-1.167 | -11.833
0 ,5 ,0 ,-15 ,-6.667 | -48.333
0 ,0 ,1.2 ,5.1 ,2.9 | 19.3
0 ,0 ,0 ,6 ,1 | 29
0 ,0 ,0 ,-1.5 ,1.5 | 22.5

R1 --> R1 + 0.583*R4

-2 ,0 ,0 ,0 ,-0.583 | 5.083
0 ,5 ,0 ,-15 ,-6.667 | -48.333
0 ,0 ,1.2 ,5.1 ,2.9 | 19.3
0 ,0 ,0 ,6 ,1 | 29
0 ,0 ,0 ,-1.5 ,1.5 | 22.5

R2 --> R2 + 2.5*R4

-2 ,0 ,0 ,0 ,-0.583 | 5.083
0 ,5 ,0 ,0 ,-4.167 | 24.167
0 ,0 ,1.2 ,5.1 ,2.9 | 19.3
0 ,0 ,0 ,6 ,1 | 29
0 ,0 ,0 ,-1.5 ,1.5 | 22.5

R3 --> R3 - 0.85*R4

-2 ,0 ,0 ,0 ,-0.583 | 5.083
0 ,5 ,0 ,0 ,-4.167 | 24.167
0 ,0 ,1.2 ,0 ,2.05 | -5.35
0 ,0 ,0 ,6 ,1 | 29
0 ,0 ,0 ,-1.5 ,1.5 | 22.5

R5 --> R5 + 0.25*R4

-2 ,0 ,0 ,0 ,-0.583 | 5.083
0 ,5 ,0 ,0 ,-4.167 | 24.167
0 ,0 ,1.2 ,0 ,2.05 | -5.35
0 ,0 ,0 ,6 ,1 | 29
0 ,0 ,0 ,0 ,1.75 | 29.75

R5 --> 0.571*R5

-2 ,0 ,0 ,0 ,-0.583 | 5.083
0 ,5 ,0 ,0 ,-4.167 | 24.167
0 ,0 ,1.2 ,0 ,2.05 | -5.35
0 ,0 ,0 ,6 ,1 | 29
0 ,0 ,0 ,0 ,1 | 17

R1 --> R1 + 0.583*R5

-2 ,0 ,0 ,0 ,0 | 15
0 ,5 ,0 ,0 ,-4.167 | 24.167
0 ,0 ,1.2 ,0 ,2.05 | -5.35
0 ,0 ,0 ,6 ,1 | 29
0 ,0 ,0 ,0 ,1 | 17

R1 --> -0.5*R1

1 ,0 ,0 ,0 ,0 | -7.5
0 ,5 ,0 ,0 ,-4.167 | 24.167
0 ,0 ,1.2 ,0 ,2.05 | -5.35
0 ,0 ,0 ,6 ,1 | 29
0 ,0 ,0 ,0 ,1 | 17

R2 --> R2 + 4.167*R5

1 ,0 ,0 ,0 ,0 | -7.5
0 ,5 ,0 ,0 ,0 | 95
0 ,0 ,1.2 ,0 ,2.05 | -5.35
0 ,0 ,0 ,6 ,1 | 29
0 ,0 ,0 ,0 ,1 | 17

R2 --> 0.2*R2

1 ,0 ,0 ,0 ,0 | -7.5
0 ,1 ,0 ,0 ,0 | 19
0 ,0 ,1.2 ,0 ,2.05 | -5.35
0 ,0 ,0 ,6 ,1 | 29
0 ,0 ,0 ,0 ,1 | 17

R3 --> R3 - 2.05*R5

1 ,0 ,0 ,0 ,0 | -7.5
0 ,1 ,0 ,0 ,0 | 19
0 ,0 ,1.2 ,0 ,0 | -40.2
0 ,0 ,0 ,6 ,1 | 29
0 ,0 ,0 ,0 ,1 | 17

R3 --> 0.833*R3

1 ,0 ,0 ,0 ,0 | -7.5
0 ,1 ,0 ,0 ,0 | 19
0 ,0 ,1 ,0 ,0 | -33.5
0 ,0 ,0 ,6 ,1 | 29
0 ,0 ,0 ,0 ,1 | 17

R4 --> R4 - R5

1 ,0 ,0 ,0 ,0 | -7.5
0 ,1 ,0 ,0 ,0 | 19
0 ,0 ,1 ,0 ,0 | -33.5
0 ,0 ,0 ,6 ,0 | 12
0 ,0 ,0 ,0 ,1 | 17

R4 --> 0.167*R4

1 ,0 ,0 ,0 ,0 | -7.5
0 ,1 ,0 ,0 ,0 | 19
0 ,0 ,1 ,0 ,0 | -33.5
0 ,0 ,0 ,1 ,0 | 2
0 ,0 ,0 ,0 ,1 | 17

exist a single solution in R5 space for the system which is:
x = (-7.5 ,19 ,-33.5 ,2 ,17)
