solve the next system in R5 space (5 equations)(5 unknowns):
eq1: +   x1 + 5*x2 + 7*x3 + 3*x4 - 5*x5  = 0
eq2: + 2*x1 - 4*x2 + 7*x3 + 3*x4 - 2*x5  = 0
eq3: - 8*x1 - 3*x2 - 3*x3 - 4*x4 +   x5  = 0
eq4: +   x1 - 8*x2 - 3*x3        - 7*x5  = 0
eq5: + 8*x1 - 5*x2 + 3*x3 + 4*x4 - 2*x5  = 0

1 ,5 ,7 ,3 ,-5 | 0
2 ,-4 ,7 ,3 ,-2 | 0
-8 ,-3 ,-3 ,-4 ,1 | 0
1 ,-8 ,-3 ,0 ,-7 | 0
8 ,-5 ,3 ,4 ,-2 | 0

implement the solution by elementary matrices method:
transform A matrix to I by an elementary matrices:
R2 --> R2 - 2*R1

1 ,5 ,7 ,3 ,-5 | 0
0 ,-14 ,-7 ,-3 ,8 | 0
-8 ,-3 ,-3 ,-4 ,1 | 0
1 ,-8 ,-3 ,0 ,-7 | 0
8 ,-5 ,3 ,4 ,-2 | 0

R3 --> R3 + 8*R1

1 ,5 ,7 ,3 ,-5 | 0
0 ,-14 ,-7 ,-3 ,8 | 0
0 ,37 ,53 ,20 ,-39 | 0
1 ,-8 ,-3 ,0 ,-7 | 0
8 ,-5 ,3 ,4 ,-2 | 0

R4 --> R4 - R1

1 ,5 ,7 ,3 ,-5 | 0
0 ,-14 ,-7 ,-3 ,8 | 0
0 ,37 ,53 ,20 ,-39 | 0
0 ,-13 ,-10 ,-3 ,-2 | 0
8 ,-5 ,3 ,4 ,-2 | 0

R5 --> R5 - 8*R1

1 ,5 ,7 ,3 ,-5 | 0
0 ,-14 ,-7 ,-3 ,8 | 0
0 ,37 ,53 ,20 ,-39 | 0
0 ,-13 ,-10 ,-3 ,-2 | 0
0 ,-45 ,-53 ,-20 ,38 | 0

R1 --> R1 + 0.357*R2

1 ,0 ,4.5 ,1.929 ,-2.143 | 0
0 ,-14 ,-7 ,-3 ,8 | 0
0 ,37 ,53 ,20 ,-39 | 0
0 ,-13 ,-10 ,-3 ,-2 | 0
0 ,-45 ,-53 ,-20 ,38 | 0

R3 --> R3 + 2.643*R2

1 ,0 ,4.5 ,1.929 ,-2.143 | 0
0 ,-14 ,-7 ,-3 ,8 | 0
0 ,0 ,34.5 ,12.071 ,-17.857 | 0
0 ,-13 ,-10 ,-3 ,-2 | 0
0 ,-45 ,-53 ,-20 ,38 | 0

R4 --> R4 - 0.929*R2

1 ,0 ,4.5 ,1.929 ,-2.143 | 0
0 ,-14 ,-7 ,-3 ,8 | 0
0 ,0 ,34.5 ,12.071 ,-17.857 | 0
0 ,0 ,-3.5 ,-0.214 ,-9.429 | 0
0 ,-45 ,-53 ,-20 ,38 | 0

R5 --> R5 - 3.214*R2

1 ,0 ,4.5 ,1.929 ,-2.143 | 0
0 ,-14 ,-7 ,-3 ,8 | 0
0 ,0 ,34.5 ,12.071 ,-17.857 | 0
0 ,0 ,-3.5 ,-0.214 ,-9.429 | 0
0 ,0 ,-30.5 ,-10.357 ,12.286 | 0

R1 --> R1 - 0.13*R3

1 ,0 ,0 ,0.354 ,0.186 | 0
0 ,-14 ,-7 ,-3 ,8 | 0
0 ,0 ,34.5 ,12.071 ,-17.857 | 0
0 ,0 ,-3.5 ,-0.214 ,-9.429 | 0
0 ,0 ,-30.5 ,-10.357 ,12.286 | 0

R2 --> R2 + 0.203*R3

1 ,0 ,0 ,0.354 ,0.186 | 0
0 ,-14 ,0 ,-0.551 ,4.377 | 0
0 ,0 ,34.5 ,12.071 ,-17.857 | 0
0 ,0 ,-3.5 ,-0.214 ,-9.429 | 0
0 ,0 ,-30.5 ,-10.357 ,12.286 | 0

R4 --> R4 + 0.101*R3

1 ,0 ,0 ,0.354 ,0.186 | 0
0 ,-14 ,0 ,-0.551 ,4.377 | 0
0 ,0 ,34.5 ,12.071 ,-17.857 | 0
0 ,0 ,0 ,1.01 ,-11.24 | 0
0 ,0 ,-30.5 ,-10.357 ,12.286 | 0

R5 --> R5 + 0.884*R3

1 ,0 ,0 ,0.354 ,0.186 | 0
0 ,-14 ,0 ,-0.551 ,4.377 | 0
0 ,0 ,34.5 ,12.071 ,-17.857 | 0
0 ,0 ,0 ,1.01 ,-11.24 | 0
0 ,0 ,0 ,0.315 ,-3.501 | 0

R1 --> R1 - 0.35*R4

1 ,0 ,0 ,0 ,4.125 | 0
0 ,-14 ,0 ,-0.551 ,4.377 | 0
0 ,0 ,34.5 ,12.071 ,-17.857 | 0
0 ,0 ,0 ,1.01 ,-11.24 | 0
0 ,0 ,0 ,0.315 ,-3.501 | 0

R2 --> R2 + 0.545*R4

1 ,0 ,0 ,0 ,4.125 | 0
0 ,-14 ,0 ,0 ,-1.75 | 0
0 ,0 ,34.5 ,12.071 ,-17.857 | 0
0 ,0 ,0 ,1.01 ,-11.24 | 0
0 ,0 ,0 ,0.315 ,-3.501 | 0

R3 --> R3 - 11.948*R4

1 ,0 ,0 ,0 ,4.125 | 0
0 ,-14 ,0 ,0 ,-1.75 | 0
0 ,0 ,34.5 ,0 ,116.438 | 0
0 ,0 ,0 ,1.01 ,-11.24 | 0
0 ,0 ,0 ,0.315 ,-3.501 | 0

R5 --> R5 - 0.311*R4

1 ,0 ,0 ,0 ,4.125 | 0
0 ,-14 ,0 ,0 ,-1.75 | 0
0 ,0 ,34.5 ,0 ,116.438 | 0
0 ,0 ,0 ,1.01 ,-11.24 | 0
0 ,0 ,0 ,0 ,0 | 0

define a new column in the vector b when x5 is a free variable in R5 space:
1 ,0 ,0 ,0 ,4.125 | 0 ,0
0 ,-14 ,0 ,0 ,-1.75 | 0 ,0
0 ,0 ,34.5 ,0 ,116.438 | 0 ,0
0 ,0 ,0 ,1.01 ,-11.24 | 0 ,0
0 ,0 ,0 ,0 ,1 | 0 ,1

R1 --> R1 - 4.125*R5

1 ,0 ,0 ,0 ,0 | 0 ,-4.125
0 ,-14 ,0 ,0 ,-1.75 | 0 ,0
0 ,0 ,34.5 ,0 ,116.438 | 0 ,0
0 ,0 ,0 ,1.01 ,-11.24 | 0 ,0
0 ,0 ,0 ,0 ,1 | 0 ,1

R2 --> R2 + 1.75*R5

1 ,0 ,0 ,0 ,0 | 0 ,-4.125
0 ,-14 ,0 ,0 ,0 | 0 ,1.75
0 ,0 ,34.5 ,0 ,116.438 | 0 ,0
0 ,0 ,0 ,1.01 ,-11.24 | 0 ,0
0 ,0 ,0 ,0 ,1 | 0 ,1

R2 --> -0.071*R2

1 ,0 ,0 ,0 ,0 | 0 ,-4.125
0 ,1 ,0 ,0 ,0 | 0 ,-0.125
0 ,0 ,34.5 ,0 ,116.438 | 0 ,0
0 ,0 ,0 ,1.01 ,-11.24 | 0 ,0
0 ,0 ,0 ,0 ,1 | 0 ,1

R3 --> R3 - 116.438*R5

1 ,0 ,0 ,0 ,0 | 0 ,-4.125
0 ,1 ,0 ,0 ,0 | 0 ,-0.125
0 ,0 ,34.5 ,0 ,0 | 0 ,-116.438
0 ,0 ,0 ,1.01 ,-11.24 | 0 ,0
0 ,0 ,0 ,0 ,1 | 0 ,1

R3 --> 0.029*R3

1 ,0 ,0 ,0 ,0 | 0 ,-4.125
0 ,1 ,0 ,0 ,0 | 0 ,-0.125
0 ,0 ,1 ,0 ,0 | 0 ,-3.375
0 ,0 ,0 ,1.01 ,-11.24 | 0 ,0
0 ,0 ,0 ,0 ,1 | 0 ,1

R4 --> R4 + 11.24*R5

1 ,0 ,0 ,0 ,0 | 0 ,-4.125
0 ,1 ,0 ,0 ,0 | 0 ,-0.125
0 ,0 ,1 ,0 ,0 | 0 ,-3.375
0 ,0 ,0 ,1.01 ,0 | 0 ,11.24
0 ,0 ,0 ,0 ,1 | 0 ,1

R4 --> 0.99*R4

1 ,0 ,0 ,0 ,0 | 0 ,-4.125
0 ,1 ,0 ,0 ,0 | 0 ,-0.125
0 ,0 ,1 ,0 ,0 | 0 ,-3.375
0 ,0 ,0 ,1 ,0 | 0 ,11.125
0 ,0 ,0 ,0 ,1 | 0 ,1

the solution is an infinite set of vectors in R5 space which are linearly dependents in the vector space:
x = λ*(-4.125 ,-0.125 ,-3.375 ,11.125 ,1) when λ it's a free scalar that belongs to the R set
