solve the next system in R5 space (5 equations)(5 unknowns):
eq1: - 5*x1 - 6*x2 - 5*x3 - 5*x4 - 3*x5  = 0
eq2:        -   x2        + 4*x4 + 5*x5  = 0
eq3: - 6*x1 - 4*x2 - 6*x3        - 3*x5  = 0
eq4: - 5*x1 + 2*x2 - 5*x3 -   x4 - 2*x5  = 0
eq5: - 6*x1 -   x2 - 6*x3 + 5*x4 +   x5  = 0

-5 ,-6 ,-5 ,-5 ,-3 | 0
0 ,-1 ,0 ,4 ,5 | 0
-6 ,-4 ,-6 ,0 ,-3 | 0
-5 ,2 ,-5 ,-1 ,-2 | 0
-6 ,-1 ,-6 ,5 ,1 | 0

implement the solution by elementary matrices method:
transform A matrix to I by an elementary matrices:
R3 --> R3 - 1.2*R1

-5 ,-6 ,-5 ,-5 ,-3 | 0
0 ,-1 ,0 ,4 ,5 | 0
0 ,3.2 ,0 ,6 ,0.6 | 0
-5 ,2 ,-5 ,-1 ,-2 | 0
-6 ,-1 ,-6 ,5 ,1 | 0

R4 --> R4 - R1

-5 ,-6 ,-5 ,-5 ,-3 | 0
0 ,-1 ,0 ,4 ,5 | 0
0 ,3.2 ,0 ,6 ,0.6 | 0
0 ,8 ,0 ,4 ,1 | 0
-6 ,-1 ,-6 ,5 ,1 | 0

R5 --> R5 - 1.2*R1

-5 ,-6 ,-5 ,-5 ,-3 | 0
0 ,-1 ,0 ,4 ,5 | 0
0 ,3.2 ,0 ,6 ,0.6 | 0
0 ,8 ,0 ,4 ,1 | 0
0 ,6.2 ,0 ,11 ,4.6 | 0

R1 --> R1 - 6*R2

-5 ,0 ,-5 ,-29 ,-33 | 0
0 ,-1 ,0 ,4 ,5 | 0
0 ,3.2 ,0 ,6 ,0.6 | 0
0 ,8 ,0 ,4 ,1 | 0
0 ,6.2 ,0 ,11 ,4.6 | 0

R3 --> R3 + 3.2*R2

-5 ,0 ,-5 ,-29 ,-33 | 0
0 ,-1 ,0 ,4 ,5 | 0
0 ,0 ,0 ,18.8 ,16.6 | 0
0 ,8 ,0 ,4 ,1 | 0
0 ,6.2 ,0 ,11 ,4.6 | 0

R4 --> R4 + 8*R2

-5 ,0 ,-5 ,-29 ,-33 | 0
0 ,-1 ,0 ,4 ,5 | 0
0 ,0 ,0 ,18.8 ,16.6 | 0
0 ,0 ,0 ,36 ,41 | 0
0 ,6.2 ,0 ,11 ,4.6 | 0

R5 --> R5 + 6.2*R2

-5 ,0 ,-5 ,-29 ,-33 | 0
0 ,-1 ,0 ,4 ,5 | 0
0 ,0 ,0 ,18.8 ,16.6 | 0
0 ,0 ,0 ,36 ,41 | 0
0 ,0 ,0 ,35.8 ,35.6 | 0

R1 <--> R3

0 ,0 ,0 ,18.8 ,16.6 | 0
0 ,-1 ,0 ,4 ,5 | 0
-5 ,0 ,-5 ,-29 ,-33 | 0
0 ,0 ,0 ,36 ,41 | 0
0 ,0 ,0 ,35.8 ,35.6 | 0

R1 --> R1 - 0.522*R4

0 ,0 ,0 ,0 ,-4.811 | 0
0 ,-1 ,0 ,4 ,5 | 0
-5 ,0 ,-5 ,-29 ,-33 | 0
0 ,0 ,0 ,36 ,41 | 0
0 ,0 ,0 ,35.8 ,35.6 | 0

R1 --> -0.208*R1

0 ,0 ,0 ,0 ,1 | 0
0 ,-1 ,0 ,4 ,5 | 0
-5 ,0 ,-5 ,-29 ,-33 | 0
0 ,0 ,0 ,36 ,41 | 0
0 ,0 ,0 ,35.8 ,35.6 | 0

R2 --> R2 - 0.111*R4

0 ,0 ,0 ,0 ,1 | 0
0 ,-1 ,0 ,0 ,0.444 | 0
-5 ,0 ,-5 ,-29 ,-33 | 0
0 ,0 ,0 ,36 ,41 | 0
0 ,0 ,0 ,35.8 ,35.6 | 0

R3 --> R3 + 0.806*R4

0 ,0 ,0 ,0 ,1 | 0
0 ,-1 ,0 ,0 ,0.444 | 0
-5 ,0 ,-5 ,0 ,0.028 | 0
0 ,0 ,0 ,36 ,41 | 0
0 ,0 ,0 ,35.8 ,35.6 | 0

R5 --> R5 - 0.994*R4

0 ,0 ,0 ,0 ,1 | 0
0 ,-1 ,0 ,0 ,0.444 | 0
-5 ,0 ,-5 ,0 ,0.028 | 0
0 ,0 ,0 ,36 ,41 | 0
0 ,0 ,0 ,0 ,-5.172 | 0

R5 --> -0.193*R5

0 ,0 ,0 ,0 ,1 | 0
0 ,-1 ,0 ,0 ,0.444 | 0
-5 ,0 ,-5 ,0 ,0.028 | 0
0 ,0 ,0 ,36 ,41 | 0
0 ,0 ,0 ,0 ,1 | 0

R1 --> R1 - R5

0 ,0 ,0 ,0 ,0 | 0
0 ,-1 ,0 ,0 ,0.444 | 0
-5 ,0 ,-5 ,0 ,0.028 | 0
0 ,0 ,0 ,36 ,41 | 0
0 ,0 ,0 ,0 ,1 | 0

R2 --> R2 - 0.444*R5

0 ,0 ,0 ,0 ,0 | 0
0 ,-1 ,0 ,0 ,0 | 0
-5 ,0 ,-5 ,0 ,0.028 | 0
0 ,0 ,0 ,36 ,41 | 0
0 ,0 ,0 ,0 ,1 | 0

R2 --> - R2

0 ,0 ,0 ,0 ,0 | 0
0 ,1 ,0 ,0 ,0 | 0
-5 ,0 ,-5 ,0 ,0.028 | 0
0 ,0 ,0 ,36 ,41 | 0
0 ,0 ,0 ,0 ,1 | 0

R3 --> R3 - 0.028*R5

0 ,0 ,0 ,0 ,0 | 0
0 ,1 ,0 ,0 ,0 | 0
-5 ,0 ,-5 ,0 ,0 | 0
0 ,0 ,0 ,36 ,41 | 0
0 ,0 ,0 ,0 ,1 | 0

R4 --> R4 - 41*R5

0 ,0 ,0 ,0 ,0 | 0
0 ,1 ,0 ,0 ,0 | 0
-5 ,0 ,-5 ,0 ,0 | 0
0 ,0 ,0 ,36 ,0 | 0
0 ,0 ,0 ,0 ,1 | 0

R4 --> 0.028*R4

0 ,0 ,0 ,0 ,0 | 0
0 ,1 ,0 ,0 ,0 | 0
-5 ,0 ,-5 ,0 ,0 | 0
0 ,0 ,0 ,1 ,0 | 0
0 ,0 ,0 ,0 ,1 | 0

define a new column in the vector b when x1 is a free variable in R5 space:
1 ,0 ,0 ,0 ,0 | 0 ,1
0 ,1 ,0 ,0 ,0 | 0 ,0
-5 ,0 ,-5 ,0 ,0 | 0 ,0
0 ,0 ,0 ,1 ,0 | 0 ,0
0 ,0 ,0 ,0 ,1 | 0 ,0

R3 --> R3 + 5*R1

1 ,0 ,0 ,0 ,0 | 0 ,1
0 ,1 ,0 ,0 ,0 | 0 ,0
0 ,0 ,-5 ,0 ,0 | 0 ,5
0 ,0 ,0 ,1 ,0 | 0 ,0
0 ,0 ,0 ,0 ,1 | 0 ,0

R3 --> -0.2*R3

1 ,0 ,0 ,0 ,0 | 0 ,1
0 ,1 ,0 ,0 ,0 | 0 ,0
0 ,0 ,1 ,0 ,0 | 0 ,-1
0 ,0 ,0 ,1 ,0 | 0 ,0
0 ,0 ,0 ,0 ,1 | 0 ,0

the solution is an infinite set of vectors in R5 space which are linearly dependents in the vector space:
x = λ*(1 ,0 ,-1 ,0 ,0) when λ it's a free scalar that belongs to the R set
