solve the next system in R7 space (7 equations)(7 unknowns):
eq1: + 7*x1 + 4*x2 + 4*x3 -   x4 - 3*x5 -   x6 - 3*x7  = 0
eq2: - 5*x1 - 3*x2 + 4*x3 + 2*x4 - 4*x5 -   x6 + 7*x7  = 1
eq3: - 5*x1 + 7*x2 - 7*x3 -   x4 - 4*x5                = 5
eq4: + 6*x1 + 3*x2 + 5*x3 + 3*x4 - 5*x5                = 6
eq5: + 3*x1 +   x2 + 5*x3 -   x4 + 7*x5 - 5*x6 -   x7  = -18
eq6: +   x1        + 7*x3 - 5*x4 - 2*x5 - 2*x6 - 7*x7  = 7
eq7: -   x1        + 3*x3 + 3*x4 + 7*x5 - 2*x6 - 5*x7  = 14

7 ,4 ,4 ,-1 ,-3 ,-1 ,-3 | 0
-5 ,-3 ,4 ,2 ,-4 ,-1 ,7 | 1
-5 ,7 ,-7 ,-1 ,-4 ,0 ,0 | 5
6 ,3 ,5 ,3 ,-5 ,0 ,0 | 6
3 ,1 ,5 ,-1 ,7 ,-5 ,-1 | -18
1 ,0 ,7 ,-5 ,-2 ,-2 ,-7 | 7
-1 ,0 ,3 ,3 ,7 ,-2 ,-5 | 14

implement the solution by elementary matrices method:
transform A matrix to I by an elementary matrices:
R2 --> R2 + 0.714*R1

7 ,4 ,4 ,-1 ,-3 ,-1 ,-3 | 0
0 ,-0.143 ,6.857 ,1.286 ,-6.143 ,-1.714 ,4.857 | 1
-5 ,7 ,-7 ,-1 ,-4 ,0 ,0 | 5
6 ,3 ,5 ,3 ,-5 ,0 ,0 | 6
3 ,1 ,5 ,-1 ,7 ,-5 ,-1 | -18
1 ,0 ,7 ,-5 ,-2 ,-2 ,-7 | 7
-1 ,0 ,3 ,3 ,7 ,-2 ,-5 | 14

R3 --> R3 + 0.714*R1

7 ,4 ,4 ,-1 ,-3 ,-1 ,-3 | 0
0 ,-0.143 ,6.857 ,1.286 ,-6.143 ,-1.714 ,4.857 | 1
0 ,9.857 ,-4.143 ,-1.714 ,-6.143 ,-0.714 ,-2.143 | 5
6 ,3 ,5 ,3 ,-5 ,0 ,0 | 6
3 ,1 ,5 ,-1 ,7 ,-5 ,-1 | -18
1 ,0 ,7 ,-5 ,-2 ,-2 ,-7 | 7
-1 ,0 ,3 ,3 ,7 ,-2 ,-5 | 14

R4 --> R4 - 0.857*R1

7 ,4 ,4 ,-1 ,-3 ,-1 ,-3 | 0
0 ,-0.143 ,6.857 ,1.286 ,-6.143 ,-1.714 ,4.857 | 1
0 ,9.857 ,-4.143 ,-1.714 ,-6.143 ,-0.714 ,-2.143 | 5
0 ,-0.429 ,1.571 ,3.857 ,-2.429 ,0.857 ,2.571 | 6
3 ,1 ,5 ,-1 ,7 ,-5 ,-1 | -18
1 ,0 ,7 ,-5 ,-2 ,-2 ,-7 | 7
-1 ,0 ,3 ,3 ,7 ,-2 ,-5 | 14

R5 --> R5 - 0.429*R1

7 ,4 ,4 ,-1 ,-3 ,-1 ,-3 | 0
0 ,-0.143 ,6.857 ,1.286 ,-6.143 ,-1.714 ,4.857 | 1
0 ,9.857 ,-4.143 ,-1.714 ,-6.143 ,-0.714 ,-2.143 | 5
0 ,-0.429 ,1.571 ,3.857 ,-2.429 ,0.857 ,2.571 | 6
0 ,-0.714 ,3.286 ,-0.571 ,8.286 ,-4.571 ,0.286 | -18
1 ,0 ,7 ,-5 ,-2 ,-2 ,-7 | 7
-1 ,0 ,3 ,3 ,7 ,-2 ,-5 | 14

R6 --> R6 - 0.143*R1

7 ,4 ,4 ,-1 ,-3 ,-1 ,-3 | 0
0 ,-0.143 ,6.857 ,1.286 ,-6.143 ,-1.714 ,4.857 | 1
0 ,9.857 ,-4.143 ,-1.714 ,-6.143 ,-0.714 ,-2.143 | 5
0 ,-0.429 ,1.571 ,3.857 ,-2.429 ,0.857 ,2.571 | 6
0 ,-0.714 ,3.286 ,-0.571 ,8.286 ,-4.571 ,0.286 | -18
0 ,-0.571 ,6.429 ,-4.857 ,-1.571 ,-1.857 ,-6.571 | 7
-1 ,0 ,3 ,3 ,7 ,-2 ,-5 | 14

R7 --> R7 + 0.143*R1

7 ,4 ,4 ,-1 ,-3 ,-1 ,-3 | 0
0 ,-0.143 ,6.857 ,1.286 ,-6.143 ,-1.714 ,4.857 | 1
0 ,9.857 ,-4.143 ,-1.714 ,-6.143 ,-0.714 ,-2.143 | 5
0 ,-0.429 ,1.571 ,3.857 ,-2.429 ,0.857 ,2.571 | 6
0 ,-0.714 ,3.286 ,-0.571 ,8.286 ,-4.571 ,0.286 | -18
0 ,-0.571 ,6.429 ,-4.857 ,-1.571 ,-1.857 ,-6.571 | 7
0 ,0.571 ,3.571 ,2.857 ,6.571 ,-2.143 ,-5.429 | 14

R1 --> R1 + 28*R2

7 ,0 ,196 ,35 ,-175 ,-49 ,133 | 28
0 ,-0.143 ,6.857 ,1.286 ,-6.143 ,-1.714 ,4.857 | 1
0 ,9.857 ,-4.143 ,-1.714 ,-6.143 ,-0.714 ,-2.143 | 5
0 ,-0.429 ,1.571 ,3.857 ,-2.429 ,0.857 ,2.571 | 6
0 ,-0.714 ,3.286 ,-0.571 ,8.286 ,-4.571 ,0.286 | -18
0 ,-0.571 ,6.429 ,-4.857 ,-1.571 ,-1.857 ,-6.571 | 7
0 ,0.571 ,3.571 ,2.857 ,6.571 ,-2.143 ,-5.429 | 14

R3 --> R3 + 69*R2

7 ,0 ,196 ,35 ,-175 ,-49 ,133 | 28
0 ,-0.143 ,6.857 ,1.286 ,-6.143 ,-1.714 ,4.857 | 1
0 ,0 ,469 ,87 ,-430 ,-119 ,333 | 74
0 ,-0.429 ,1.571 ,3.857 ,-2.429 ,0.857 ,2.571 | 6
0 ,-0.714 ,3.286 ,-0.571 ,8.286 ,-4.571 ,0.286 | -18
0 ,-0.571 ,6.429 ,-4.857 ,-1.571 ,-1.857 ,-6.571 | 7
0 ,0.571 ,3.571 ,2.857 ,6.571 ,-2.143 ,-5.429 | 14

R4 --> R4 - 3*R2

7 ,0 ,196 ,35 ,-175 ,-49 ,133 | 28
0 ,-0.143 ,6.857 ,1.286 ,-6.143 ,-1.714 ,4.857 | 1
0 ,0 ,469 ,87 ,-430 ,-119 ,333 | 74
0 ,0 ,-19 ,0 ,16 ,6 ,-12 | 3
0 ,-0.714 ,3.286 ,-0.571 ,8.286 ,-4.571 ,0.286 | -18
0 ,-0.571 ,6.429 ,-4.857 ,-1.571 ,-1.857 ,-6.571 | 7
0 ,0.571 ,3.571 ,2.857 ,6.571 ,-2.143 ,-5.429 | 14

R5 --> R5 - 5*R2

7 ,0 ,196 ,35 ,-175 ,-49 ,133 | 28
0 ,-0.143 ,6.857 ,1.286 ,-6.143 ,-1.714 ,4.857 | 1
0 ,0 ,469 ,87 ,-430 ,-119 ,333 | 74
0 ,0 ,-19 ,0 ,16 ,6 ,-12 | 3
0 ,0 ,-31 ,-7 ,39 ,4 ,-24 | -23
0 ,-0.571 ,6.429 ,-4.857 ,-1.571 ,-1.857 ,-6.571 | 7
0 ,0.571 ,3.571 ,2.857 ,6.571 ,-2.143 ,-5.429 | 14

R6 --> R6 - 4*R2

7 ,0 ,196 ,35 ,-175 ,-49 ,133 | 28
0 ,-0.143 ,6.857 ,1.286 ,-6.143 ,-1.714 ,4.857 | 1
0 ,0 ,469 ,87 ,-430 ,-119 ,333 | 74
0 ,0 ,-19 ,0 ,16 ,6 ,-12 | 3
0 ,0 ,-31 ,-7 ,39 ,4 ,-24 | -23
0 ,0 ,-21 ,-10 ,23 ,5 ,-26 | 3
0 ,0.571 ,3.571 ,2.857 ,6.571 ,-2.143 ,-5.429 | 14

R7 --> R7 + 4*R2

7 ,0 ,196 ,35 ,-175 ,-49 ,133 | 28
0 ,-0.143 ,6.857 ,1.286 ,-6.143 ,-1.714 ,4.857 | 1
0 ,0 ,469 ,87 ,-430 ,-119 ,333 | 74
0 ,0 ,-19 ,0 ,16 ,6 ,-12 | 3
0 ,0 ,-31 ,-7 ,39 ,4 ,-24 | -23
0 ,0 ,-21 ,-10 ,23 ,5 ,-26 | 3
0 ,0 ,31 ,8 ,-18 ,-9 ,14 | 18

R1 --> R1 - 0.418*R3

7 ,0 ,0 ,-1.358 ,4.701 ,0.731 ,-6.164 | -2.925
0 ,-0.143 ,6.857 ,1.286 ,-6.143 ,-1.714 ,4.857 | 1
0 ,0 ,469 ,87 ,-430 ,-119 ,333 | 74
0 ,0 ,-19 ,0 ,16 ,6 ,-12 | 3
0 ,0 ,-31 ,-7 ,39 ,4 ,-24 | -23
0 ,0 ,-21 ,-10 ,23 ,5 ,-26 | 3
0 ,0 ,31 ,8 ,-18 ,-9 ,14 | 18

R2 --> R2 - 0.015*R3

7 ,0 ,0 ,-1.358 ,4.701 ,0.731 ,-6.164 | -2.925
0 ,-0.143 ,0 ,0.014 ,0.144 ,0.026 ,-0.012 | -0.082
0 ,0 ,469 ,87 ,-430 ,-119 ,333 | 74
0 ,0 ,-19 ,0 ,16 ,6 ,-12 | 3
0 ,0 ,-31 ,-7 ,39 ,4 ,-24 | -23
0 ,0 ,-21 ,-10 ,23 ,5 ,-26 | 3
0 ,0 ,31 ,8 ,-18 ,-9 ,14 | 18

R4 --> R4 + 0.041*R3

7 ,0 ,0 ,-1.358 ,4.701 ,0.731 ,-6.164 | -2.925
0 ,-0.143 ,0 ,0.014 ,0.144 ,0.026 ,-0.012 | -0.082
0 ,0 ,469 ,87 ,-430 ,-119 ,333 | 74
0 ,0 ,0 ,3.525 ,-1.42 ,1.179 ,1.49 | 5.998
0 ,0 ,-31 ,-7 ,39 ,4 ,-24 | -23
0 ,0 ,-21 ,-10 ,23 ,5 ,-26 | 3
0 ,0 ,31 ,8 ,-18 ,-9 ,14 | 18

R5 --> R5 + 0.066*R3

7 ,0 ,0 ,-1.358 ,4.701 ,0.731 ,-6.164 | -2.925
0 ,-0.143 ,0 ,0.014 ,0.144 ,0.026 ,-0.012 | -0.082
0 ,0 ,469 ,87 ,-430 ,-119 ,333 | 74
0 ,0 ,0 ,3.525 ,-1.42 ,1.179 ,1.49 | 5.998
0 ,0 ,0 ,-1.249 ,10.578 ,-3.866 ,-1.989 | -18.109
0 ,0 ,-21 ,-10 ,23 ,5 ,-26 | 3
0 ,0 ,31 ,8 ,-18 ,-9 ,14 | 18

R6 --> R6 + 0.045*R3

7 ,0 ,0 ,-1.358 ,4.701 ,0.731 ,-6.164 | -2.925
0 ,-0.143 ,0 ,0.014 ,0.144 ,0.026 ,-0.012 | -0.082
0 ,0 ,469 ,87 ,-430 ,-119 ,333 | 74
0 ,0 ,0 ,3.525 ,-1.42 ,1.179 ,1.49 | 5.998
0 ,0 ,0 ,-1.249 ,10.578 ,-3.866 ,-1.989 | -18.109
0 ,0 ,0 ,-6.104 ,3.746 ,-0.328 ,-11.09 | 6.313
0 ,0 ,31 ,8 ,-18 ,-9 ,14 | 18

R7 --> R7 - 0.066*R3

7 ,0 ,0 ,-1.358 ,4.701 ,0.731 ,-6.164 | -2.925
0 ,-0.143 ,0 ,0.014 ,0.144 ,0.026 ,-0.012 | -0.082
0 ,0 ,469 ,87 ,-430 ,-119 ,333 | 74
0 ,0 ,0 ,3.525 ,-1.42 ,1.179 ,1.49 | 5.998
0 ,0 ,0 ,-1.249 ,10.578 ,-3.866 ,-1.989 | -18.109
0 ,0 ,0 ,-6.104 ,3.746 ,-0.328 ,-11.09 | 6.313
0 ,0 ,0 ,2.249 ,10.422 ,-1.134 ,-8.011 | 13.109

R1 --> R1 + 0.385*R4

7 ,0 ,0 ,0 ,4.154 ,1.186 ,-5.59 | -0.614
0 ,-0.143 ,0 ,0.014 ,0.144 ,0.026 ,-0.012 | -0.082
0 ,0 ,469 ,87 ,-430 ,-119 ,333 | 74
0 ,0 ,0 ,3.525 ,-1.42 ,1.179 ,1.49 | 5.998
0 ,0 ,0 ,-1.249 ,10.578 ,-3.866 ,-1.989 | -18.109
0 ,0 ,0 ,-6.104 ,3.746 ,-0.328 ,-11.09 | 6.313
0 ,0 ,0 ,2.249 ,10.422 ,-1.134 ,-8.011 | 13.109

R2 --> R2 - 0.004*R4

7 ,0 ,0 ,0 ,4.154 ,1.186 ,-5.59 | -0.614
0 ,-0.143 ,0 ,0 ,0.15 ,0.021 ,-0.017 | -0.105
0 ,0 ,469 ,87 ,-430 ,-119 ,333 | 74
0 ,0 ,0 ,3.525 ,-1.42 ,1.179 ,1.49 | 5.998
0 ,0 ,0 ,-1.249 ,10.578 ,-3.866 ,-1.989 | -18.109
0 ,0 ,0 ,-6.104 ,3.746 ,-0.328 ,-11.09 | 6.313
0 ,0 ,0 ,2.249 ,10.422 ,-1.134 ,-8.011 | 13.109

R3 --> R3 - 24.684*R4

7 ,0 ,0 ,0 ,4.154 ,1.186 ,-5.59 | -0.614
0 ,-0.143 ,0 ,0 ,0.15 ,0.021 ,-0.017 | -0.105
0 ,0 ,469 ,0 ,-394.948 ,-148.105 ,296.211 | -74.053
0 ,0 ,0 ,3.525 ,-1.42 ,1.179 ,1.49 | 5.998
0 ,0 ,0 ,-1.249 ,10.578 ,-3.866 ,-1.989 | -18.109
0 ,0 ,0 ,-6.104 ,3.746 ,-0.328 ,-11.09 | 6.313
0 ,0 ,0 ,2.249 ,10.422 ,-1.134 ,-8.011 | 13.109

R5 --> R5 + 0.355*R4

7 ,0 ,0 ,0 ,4.154 ,1.186 ,-5.59 | -0.614
0 ,-0.143 ,0 ,0 ,0.15 ,0.021 ,-0.017 | -0.105
0 ,0 ,469 ,0 ,-394.948 ,-148.105 ,296.211 | -74.053
0 ,0 ,0 ,3.525 ,-1.42 ,1.179 ,1.49 | 5.998
0 ,0 ,0 ,0 ,10.074 ,-3.448 ,-1.461 | -15.982
0 ,0 ,0 ,-6.104 ,3.746 ,-0.328 ,-11.09 | 6.313
0 ,0 ,0 ,2.249 ,10.422 ,-1.134 ,-8.011 | 13.109

R6 --> R6 + 1.732*R4

7 ,0 ,0 ,0 ,4.154 ,1.186 ,-5.59 | -0.614
0 ,-0.143 ,0 ,0 ,0.15 ,0.021 ,-0.017 | -0.105
0 ,0 ,469 ,0 ,-394.948 ,-148.105 ,296.211 | -74.053
0 ,0 ,0 ,3.525 ,-1.42 ,1.179 ,1.49 | 5.998
0 ,0 ,0 ,0 ,10.074 ,-3.448 ,-1.461 | -15.982
0 ,0 ,0 ,0 ,1.287 ,1.714 ,-8.508 | 16.702
0 ,0 ,0 ,2.249 ,10.422 ,-1.134 ,-8.011 | 13.109

R7 --> R7 - 0.638*R4

7 ,0 ,0 ,0 ,4.154 ,1.186 ,-5.59 | -0.614
0 ,-0.143 ,0 ,0 ,0.15 ,0.021 ,-0.017 | -0.105
0 ,0 ,469 ,0 ,-394.948 ,-148.105 ,296.211 | -74.053
0 ,0 ,0 ,3.525 ,-1.42 ,1.179 ,1.49 | 5.998
0 ,0 ,0 ,0 ,10.074 ,-3.448 ,-1.461 | -15.982
0 ,0 ,0 ,0 ,1.287 ,1.714 ,-8.508 | 16.702
0 ,0 ,0 ,0 ,11.328 ,-1.887 ,-8.962 | 9.281

R1 --> R1 - 0.412*R5

7 ,0 ,0 ,0 ,0 ,2.607 ,-4.987 | 5.976
0 ,-0.143 ,0 ,0 ,0.15 ,0.021 ,-0.017 | -0.105
0 ,0 ,469 ,0 ,-394.948 ,-148.105 ,296.211 | -74.053
0 ,0 ,0 ,3.525 ,-1.42 ,1.179 ,1.49 | 5.998
0 ,0 ,0 ,0 ,10.074 ,-3.448 ,-1.461 | -15.982
0 ,0 ,0 ,0 ,1.287 ,1.714 ,-8.508 | 16.702
0 ,0 ,0 ,0 ,11.328 ,-1.887 ,-8.962 | 9.281

R2 --> R2 - 0.015*R5

7 ,0 ,0 ,0 ,0 ,2.607 ,-4.987 | 5.976
0 ,-0.143 ,0 ,0 ,0 ,0.072 ,0.004 | 0.132
0 ,0 ,469 ,0 ,-394.948 ,-148.105 ,296.211 | -74.053
0 ,0 ,0 ,3.525 ,-1.42 ,1.179 ,1.49 | 5.998
0 ,0 ,0 ,0 ,10.074 ,-3.448 ,-1.461 | -15.982
0 ,0 ,0 ,0 ,1.287 ,1.714 ,-8.508 | 16.702
0 ,0 ,0 ,0 ,11.328 ,-1.887 ,-8.962 | 9.281

R3 --> R3 + 39.203*R5

7 ,0 ,0 ,0 ,0 ,2.607 ,-4.987 | 5.976
0 ,-0.143 ,0 ,0 ,0 ,0.072 ,0.004 | 0.132
0 ,0 ,469 ,0 ,0 ,-283.265 ,238.936 | -700.614
0 ,0 ,0 ,3.525 ,-1.42 ,1.179 ,1.49 | 5.998
0 ,0 ,0 ,0 ,10.074 ,-3.448 ,-1.461 | -15.982
0 ,0 ,0 ,0 ,1.287 ,1.714 ,-8.508 | 16.702
0 ,0 ,0 ,0 ,11.328 ,-1.887 ,-8.962 | 9.281

R4 --> R4 + 0.141*R5

7 ,0 ,0 ,0 ,0 ,2.607 ,-4.987 | 5.976
0 ,-0.143 ,0 ,0 ,0 ,0.072 ,0.004 | 0.132
0 ,0 ,469 ,0 ,0 ,-283.265 ,238.936 | -700.614
0 ,0 ,0 ,3.525 ,0 ,0.693 ,1.284 | 3.745
0 ,0 ,0 ,0 ,10.074 ,-3.448 ,-1.461 | -15.982
0 ,0 ,0 ,0 ,1.287 ,1.714 ,-8.508 | 16.702
0 ,0 ,0 ,0 ,11.328 ,-1.887 ,-8.962 | 9.281

R6 --> R6 - 0.128*R5

7 ,0 ,0 ,0 ,0 ,2.607 ,-4.987 | 5.976
0 ,-0.143 ,0 ,0 ,0 ,0.072 ,0.004 | 0.132
0 ,0 ,469 ,0 ,0 ,-283.265 ,238.936 | -700.614
0 ,0 ,0 ,3.525 ,0 ,0.693 ,1.284 | 3.745
0 ,0 ,0 ,0 ,10.074 ,-3.448 ,-1.461 | -15.982
0 ,0 ,0 ,0 ,0 ,2.154 ,-8.322 | 18.743
0 ,0 ,0 ,0 ,11.328 ,-1.887 ,-8.962 | 9.281

R7 --> R7 - 1.124*R5

7 ,0 ,0 ,0 ,0 ,2.607 ,-4.987 | 5.976
0 ,-0.143 ,0 ,0 ,0 ,0.072 ,0.004 | 0.132
0 ,0 ,469 ,0 ,0 ,-283.265 ,238.936 | -700.614
0 ,0 ,0 ,3.525 ,0 ,0.693 ,1.284 | 3.745
0 ,0 ,0 ,0 ,10.074 ,-3.448 ,-1.461 | -15.982
0 ,0 ,0 ,0 ,0 ,2.154 ,-8.322 | 18.743
0 ,0 ,0 ,0 ,0 ,1.99 ,-7.319 | 27.253

R1 --> R1 - 1.21*R6

7 ,0 ,0 ,0 ,0 ,0 ,5.085 | -16.71
0 ,-0.143 ,0 ,0 ,0 ,0.072 ,0.004 | 0.132
0 ,0 ,469 ,0 ,0 ,-283.265 ,238.936 | -700.614
0 ,0 ,0 ,3.525 ,0 ,0.693 ,1.284 | 3.745
0 ,0 ,0 ,0 ,10.074 ,-3.448 ,-1.461 | -15.982
0 ,0 ,0 ,0 ,0 ,2.154 ,-8.322 | 18.743
0 ,0 ,0 ,0 ,0 ,1.99 ,-7.319 | 27.253

R2 --> R2 - 0.034*R6

7 ,0 ,0 ,0 ,0 ,0 ,5.085 | -16.71
0 ,-0.143 ,0 ,0 ,0 ,0 ,0.283 | -0.496
0 ,0 ,469 ,0 ,0 ,-283.265 ,238.936 | -700.614
0 ,0 ,0 ,3.525 ,0 ,0.693 ,1.284 | 3.745
0 ,0 ,0 ,0 ,10.074 ,-3.448 ,-1.461 | -15.982
0 ,0 ,0 ,0 ,0 ,2.154 ,-8.322 | 18.743
0 ,0 ,0 ,0 ,0 ,1.99 ,-7.319 | 27.253

R3 --> R3 + 131.494*R6

7 ,0 ,0 ,0 ,0 ,0 ,5.085 | -16.71
0 ,-0.143 ,0 ,0 ,0 ,0 ,0.283 | -0.496
0 ,0 ,469 ,0 ,0 ,0 ,-855.298 | 1763.988
0 ,0 ,0 ,3.525 ,0 ,0.693 ,1.284 | 3.745
0 ,0 ,0 ,0 ,10.074 ,-3.448 ,-1.461 | -15.982
0 ,0 ,0 ,0 ,0 ,2.154 ,-8.322 | 18.743
0 ,0 ,0 ,0 ,0 ,1.99 ,-7.319 | 27.253

R4 --> R4 - 0.322*R6

7 ,0 ,0 ,0 ,0 ,0 ,5.085 | -16.71
0 ,-0.143 ,0 ,0 ,0 ,0 ,0.283 | -0.496
0 ,0 ,469 ,0 ,0 ,0 ,-855.298 | 1763.988
0 ,0 ,0 ,3.525 ,0 ,0 ,3.962 | -2.286
0 ,0 ,0 ,0 ,10.074 ,-3.448 ,-1.461 | -15.982
0 ,0 ,0 ,0 ,0 ,2.154 ,-8.322 | 18.743
0 ,0 ,0 ,0 ,0 ,1.99 ,-7.319 | 27.253

R5 --> R5 + 1.6*R6

7 ,0 ,0 ,0 ,0 ,0 ,5.085 | -16.71
0 ,-0.143 ,0 ,0 ,0 ,0 ,0.283 | -0.496
0 ,0 ,469 ,0 ,0 ,0 ,-855.298 | 1763.988
0 ,0 ,0 ,3.525 ,0 ,0 ,3.962 | -2.286
0 ,0 ,0 ,0 ,10.074 ,0 ,-14.779 | 14.015
0 ,0 ,0 ,0 ,0 ,2.154 ,-8.322 | 18.743
0 ,0 ,0 ,0 ,0 ,1.99 ,-7.319 | 27.253

R7 --> R7 - 0.924*R6

7 ,0 ,0 ,0 ,0 ,0 ,5.085 | -16.71
0 ,-0.143 ,0 ,0 ,0 ,0 ,0.283 | -0.496
0 ,0 ,469 ,0 ,0 ,0 ,-855.298 | 1763.988
0 ,0 ,0 ,3.525 ,0 ,0 ,3.962 | -2.286
0 ,0 ,0 ,0 ,10.074 ,0 ,-14.779 | 14.015
0 ,0 ,0 ,0 ,0 ,2.154 ,-8.322 | 18.743
0 ,0 ,0 ,0 ,0 ,0 ,0.368 | 9.939

R7 --> 2.717*R7

7 ,0 ,0 ,0 ,0 ,0 ,5.085 | -16.71
0 ,-0.143 ,0 ,0 ,0 ,0 ,0.283 | -0.496
0 ,0 ,469 ,0 ,0 ,0 ,-855.298 | 1763.988
0 ,0 ,0 ,3.525 ,0 ,0 ,3.962 | -2.286
0 ,0 ,0 ,0 ,10.074 ,0 ,-14.779 | 14.015
0 ,0 ,0 ,0 ,0 ,2.154 ,-8.322 | 18.743
0 ,0 ,0 ,0 ,0 ,0 ,1 | 27

R1 --> R1 - 5.085*R7

7 ,0 ,0 ,0 ,0 ,0 ,0 | -154
0 ,-0.143 ,0 ,0 ,0 ,0 ,0.283 | -0.496
0 ,0 ,469 ,0 ,0 ,0 ,-855.298 | 1763.988
0 ,0 ,0 ,3.525 ,0 ,0 ,3.962 | -2.286
0 ,0 ,0 ,0 ,10.074 ,0 ,-14.779 | 14.015
0 ,0 ,0 ,0 ,0 ,2.154 ,-8.322 | 18.743
0 ,0 ,0 ,0 ,0 ,0 ,1 | 27

R1 --> 0.143*R1

1 ,0 ,0 ,0 ,0 ,0 ,0 | -22
0 ,-0.143 ,0 ,0 ,0 ,0 ,0.283 | -0.496
0 ,0 ,469 ,0 ,0 ,0 ,-855.298 | 1763.988
0 ,0 ,0 ,3.525 ,0 ,0 ,3.962 | -2.286
0 ,0 ,0 ,0 ,10.074 ,0 ,-14.779 | 14.015
0 ,0 ,0 ,0 ,0 ,2.154 ,-8.322 | 18.743
0 ,0 ,0 ,0 ,0 ,0 ,1 | 27

R2 --> R2 - 0.283*R7

1 ,0 ,0 ,0 ,0 ,0 ,0 | -22
0 ,-0.143 ,0 ,0 ,0 ,0 ,0 | -8.143
0 ,0 ,469 ,0 ,0 ,0 ,-855.298 | 1763.988
0 ,0 ,0 ,3.525 ,0 ,0 ,3.962 | -2.286
0 ,0 ,0 ,0 ,10.074 ,0 ,-14.779 | 14.015
0 ,0 ,0 ,0 ,0 ,2.154 ,-8.322 | 18.743
0 ,0 ,0 ,0 ,0 ,0 ,1 | 27

R2 --> -7*R2

1 ,0 ,0 ,0 ,0 ,0 ,0 | -22
0 ,1 ,0 ,0 ,0 ,0 ,0 | 57
0 ,0 ,469 ,0 ,0 ,0 ,-855.298 | 1763.988
0 ,0 ,0 ,3.525 ,0 ,0 ,3.962 | -2.286
0 ,0 ,0 ,0 ,10.074 ,0 ,-14.779 | 14.015
0 ,0 ,0 ,0 ,0 ,2.154 ,-8.322 | 18.743
0 ,0 ,0 ,0 ,0 ,0 ,1 | 27

R3 --> R3 + 855.298*R7

1 ,0 ,0 ,0 ,0 ,0 ,0 | -22
0 ,1 ,0 ,0 ,0 ,0 ,0 | 57
0 ,0 ,469 ,0 ,0 ,0 ,0 | 24856.652
0 ,0 ,0 ,3.525 ,0 ,0 ,3.962 | -2.286
0 ,0 ,0 ,0 ,10.074 ,0 ,-14.779 | 14.015
0 ,0 ,0 ,0 ,0 ,2.154 ,-8.322 | 18.743
0 ,0 ,0 ,0 ,0 ,0 ,1 | 27

R3 --> 0.002*R3

1 ,0 ,0 ,0 ,0 ,0 ,0 | -22
0 ,1 ,0 ,0 ,0 ,0 ,0 | 57
0 ,0 ,1 ,0 ,0 ,0 ,0 | 53
0 ,0 ,0 ,3.525 ,0 ,0 ,3.962 | -2.286
0 ,0 ,0 ,0 ,10.074 ,0 ,-14.779 | 14.015
0 ,0 ,0 ,0 ,0 ,2.154 ,-8.322 | 18.743
0 ,0 ,0 ,0 ,0 ,0 ,1 | 27

R4 --> R4 - 3.962*R7

1 ,0 ,0 ,0 ,0 ,0 ,0 | -22
0 ,1 ,0 ,0 ,0 ,0 ,0 | 57
0 ,0 ,1 ,0 ,0 ,0 ,0 | 53
0 ,0 ,0 ,3.525 ,0 ,0 ,0 | -109.258
0 ,0 ,0 ,0 ,10.074 ,0 ,-14.779 | 14.015
0 ,0 ,0 ,0 ,0 ,2.154 ,-8.322 | 18.743
0 ,0 ,0 ,0 ,0 ,0 ,1 | 27

R4 --> 0.284*R4

1 ,0 ,0 ,0 ,0 ,0 ,0 | -22
0 ,1 ,0 ,0 ,0 ,0 ,0 | 57
0 ,0 ,1 ,0 ,0 ,0 ,0 | 53
0 ,0 ,0 ,1 ,0 ,0 ,0 | -31
0 ,0 ,0 ,0 ,10.074 ,0 ,-14.779 | 14.015
0 ,0 ,0 ,0 ,0 ,2.154 ,-8.322 | 18.743
0 ,0 ,0 ,0 ,0 ,0 ,1 | 27

R5 --> R5 + 14.779*R7

1 ,0 ,0 ,0 ,0 ,0 ,0 | -22
0 ,1 ,0 ,0 ,0 ,0 ,0 | 57
0 ,0 ,1 ,0 ,0 ,0 ,0 | 53
0 ,0 ,0 ,1 ,0 ,0 ,0 | -31
0 ,0 ,0 ,0 ,10.074 ,0 ,0 | 413.045
0 ,0 ,0 ,0 ,0 ,2.154 ,-8.322 | 18.743
0 ,0 ,0 ,0 ,0 ,0 ,1 | 27

R5 --> 0.099*R5

1 ,0 ,0 ,0 ,0 ,0 ,0 | -22
0 ,1 ,0 ,0 ,0 ,0 ,0 | 57
0 ,0 ,1 ,0 ,0 ,0 ,0 | 53
0 ,0 ,0 ,1 ,0 ,0 ,0 | -31
0 ,0 ,0 ,0 ,1 ,0 ,0 | 41
0 ,0 ,0 ,0 ,0 ,2.154 ,-8.322 | 18.743
0 ,0 ,0 ,0 ,0 ,0 ,1 | 27

R6 --> R6 + 8.322*R7

1 ,0 ,0 ,0 ,0 ,0 ,0 | -22
0 ,1 ,0 ,0 ,0 ,0 ,0 | 57
0 ,0 ,1 ,0 ,0 ,0 ,0 | 53
0 ,0 ,0 ,1 ,0 ,0 ,0 | -31
0 ,0 ,0 ,0 ,1 ,0 ,0 | 41
0 ,0 ,0 ,0 ,0 ,2.154 ,0 | 243.422
0 ,0 ,0 ,0 ,0 ,0 ,1 | 27

R6 --> 0.464*R6

1 ,0 ,0 ,0 ,0 ,0 ,0 | -22
0 ,1 ,0 ,0 ,0 ,0 ,0 | 57
0 ,0 ,1 ,0 ,0 ,0 ,0 | 53
0 ,0 ,0 ,1 ,0 ,0 ,0 | -31
0 ,0 ,0 ,0 ,1 ,0 ,0 | 41
0 ,0 ,0 ,0 ,0 ,1 ,0 | 113
0 ,0 ,0 ,0 ,0 ,0 ,1 | 27

exist a single solution in R7 space for the system which is:
x = (-22 ,57 ,53 ,-31 ,41 ,113 ,27)
