solve the next system in R7 space (7 equations)(7 unknowns):
eq1: - 3*x1 - 6*x2        -   x4 - 5*x5 - 2*x6 - 4*x7  = 2
eq2: + 3*x1 - 2*x2 - 2*x3 + 3*x4 + 5*x5 + 5*x6         = -3
eq3: + 5*x1 + 7*x2 + 4*x3 + 4*x4 + 7*x5 -   x6 - 2*x7  = -10
eq4: + 3*x1               - 7*x4 + 3*x5 + 7*x6 - 6*x7  = 5
eq5: - 6*x1               - 2*x4 - 7*x5 - 4*x6 - 6*x7  = -7
eq6:        +   x2 + 7*x3 - 3*x4 + 4*x5 + 5*x6 + 3*x7  = 7
eq7:        + 7*x2 + 2*x3        + 2*x5 -   x6 - 3*x7  = -11

-3 ,-6 ,0 ,-1 ,-5 ,-2 ,-4 | 2
3 ,-2 ,-2 ,3 ,5 ,5 ,0 | -3
5 ,7 ,4 ,4 ,7 ,-1 ,-2 | -10
3 ,0 ,0 ,-7 ,3 ,7 ,-6 | 5
-6 ,0 ,0 ,-2 ,-7 ,-4 ,-6 | -7
0 ,1 ,7 ,-3 ,4 ,5 ,3 | 7
0 ,7 ,2 ,0 ,2 ,-1 ,-3 | -11

implement the solution by ranking rows method:
transform A matrix to I by a ranking rows:
R2 --> R2 + R1

-3 ,-6 ,0 ,-1 ,-5 ,-2 ,-4 | 2
0 ,-8 ,-2 ,2 ,0 ,3 ,-4 | -1
5 ,7 ,4 ,4 ,7 ,-1 ,-2 | -10
3 ,0 ,0 ,-7 ,3 ,7 ,-6 | 5
-6 ,0 ,0 ,-2 ,-7 ,-4 ,-6 | -7
0 ,1 ,7 ,-3 ,4 ,5 ,3 | 7
0 ,7 ,2 ,0 ,2 ,-1 ,-3 | -11

R3 --> R3 + 1.667*R1

-3 ,-6 ,0 ,-1 ,-5 ,-2 ,-4 | 2
0 ,-8 ,-2 ,2 ,0 ,3 ,-4 | -1
0 ,-3 ,4 ,2.333 ,-1.333 ,-4.333 ,-8.667 | -6.667
3 ,0 ,0 ,-7 ,3 ,7 ,-6 | 5
-6 ,0 ,0 ,-2 ,-7 ,-4 ,-6 | -7
0 ,1 ,7 ,-3 ,4 ,5 ,3 | 7
0 ,7 ,2 ,0 ,2 ,-1 ,-3 | -11

R4 --> R4 + R1

-3 ,-6 ,0 ,-1 ,-5 ,-2 ,-4 | 2
0 ,-8 ,-2 ,2 ,0 ,3 ,-4 | -1
0 ,-3 ,4 ,2.333 ,-1.333 ,-4.333 ,-8.667 | -6.667
0 ,-6 ,0 ,-8 ,-2 ,5 ,-10 | 7
-6 ,0 ,0 ,-2 ,-7 ,-4 ,-6 | -7
0 ,1 ,7 ,-3 ,4 ,5 ,3 | 7
0 ,7 ,2 ,0 ,2 ,-1 ,-3 | -11

R5 --> R5 - 2*R1

-3 ,-6 ,0 ,-1 ,-5 ,-2 ,-4 | 2
0 ,-8 ,-2 ,2 ,0 ,3 ,-4 | -1
0 ,-3 ,4 ,2.333 ,-1.333 ,-4.333 ,-8.667 | -6.667
0 ,-6 ,0 ,-8 ,-2 ,5 ,-10 | 7
0 ,12 ,0 ,0 ,3 ,0 ,2 | -11
0 ,1 ,7 ,-3 ,4 ,5 ,3 | 7
0 ,7 ,2 ,0 ,2 ,-1 ,-3 | -11

R1 --> R1 - 0.75*R2

-3 ,0 ,1.5 ,-2.5 ,-5 ,-4.25 ,-1 | 2.75
0 ,-8 ,-2 ,2 ,0 ,3 ,-4 | -1
0 ,-3 ,4 ,2.333 ,-1.333 ,-4.333 ,-8.667 | -6.667
0 ,-6 ,0 ,-8 ,-2 ,5 ,-10 | 7
0 ,12 ,0 ,0 ,3 ,0 ,2 | -11
0 ,1 ,7 ,-3 ,4 ,5 ,3 | 7
0 ,7 ,2 ,0 ,2 ,-1 ,-3 | -11

R3 --> R3 - 0.375*R2

-3 ,0 ,1.5 ,-2.5 ,-5 ,-4.25 ,-1 | 2.75
0 ,-8 ,-2 ,2 ,0 ,3 ,-4 | -1
0 ,0 ,4.75 ,1.583 ,-1.333 ,-5.458 ,-7.167 | -6.292
0 ,-6 ,0 ,-8 ,-2 ,5 ,-10 | 7
0 ,12 ,0 ,0 ,3 ,0 ,2 | -11
0 ,1 ,7 ,-3 ,4 ,5 ,3 | 7
0 ,7 ,2 ,0 ,2 ,-1 ,-3 | -11

R4 --> R4 - 0.75*R2

-3 ,0 ,1.5 ,-2.5 ,-5 ,-4.25 ,-1 | 2.75
0 ,-8 ,-2 ,2 ,0 ,3 ,-4 | -1
0 ,0 ,4.75 ,1.583 ,-1.333 ,-5.458 ,-7.167 | -6.292
0 ,0 ,1.5 ,-9.5 ,-2 ,2.75 ,-7 | 7.75
0 ,12 ,0 ,0 ,3 ,0 ,2 | -11
0 ,1 ,7 ,-3 ,4 ,5 ,3 | 7
0 ,7 ,2 ,0 ,2 ,-1 ,-3 | -11

R5 --> R5 + 1.5*R2

-3 ,0 ,1.5 ,-2.5 ,-5 ,-4.25 ,-1 | 2.75
0 ,-8 ,-2 ,2 ,0 ,3 ,-4 | -1
0 ,0 ,4.75 ,1.583 ,-1.333 ,-5.458 ,-7.167 | -6.292
0 ,0 ,1.5 ,-9.5 ,-2 ,2.75 ,-7 | 7.75
0 ,0 ,-3 ,3 ,3 ,4.5 ,-4 | -12.5
0 ,1 ,7 ,-3 ,4 ,5 ,3 | 7
0 ,7 ,2 ,0 ,2 ,-1 ,-3 | -11

R6 --> R6 + 0.125*R2

-3 ,0 ,1.5 ,-2.5 ,-5 ,-4.25 ,-1 | 2.75
0 ,-8 ,-2 ,2 ,0 ,3 ,-4 | -1
0 ,0 ,4.75 ,1.583 ,-1.333 ,-5.458 ,-7.167 | -6.292
0 ,0 ,1.5 ,-9.5 ,-2 ,2.75 ,-7 | 7.75
0 ,0 ,-3 ,3 ,3 ,4.5 ,-4 | -12.5
0 ,0 ,6.75 ,-2.75 ,4 ,5.375 ,2.5 | 6.875
0 ,7 ,2 ,0 ,2 ,-1 ,-3 | -11

R7 --> R7 + 0.875*R2

-3 ,0 ,1.5 ,-2.5 ,-5 ,-4.25 ,-1 | 2.75
0 ,-8 ,-2 ,2 ,0 ,3 ,-4 | -1
0 ,0 ,4.75 ,1.583 ,-1.333 ,-5.458 ,-7.167 | -6.292
0 ,0 ,1.5 ,-9.5 ,-2 ,2.75 ,-7 | 7.75
0 ,0 ,-3 ,3 ,3 ,4.5 ,-4 | -12.5
0 ,0 ,6.75 ,-2.75 ,4 ,5.375 ,2.5 | 6.875
0 ,0 ,0.25 ,1.75 ,2 ,1.625 ,-6.5 | -11.875

R1 --> R1 - 0.316*R3

-3 ,0 ,0 ,-3 ,-4.579 ,-2.526 ,1.263 | 4.737
0 ,-8 ,-2 ,2 ,0 ,3 ,-4 | -1
0 ,0 ,4.75 ,1.583 ,-1.333 ,-5.458 ,-7.167 | -6.292
0 ,0 ,1.5 ,-9.5 ,-2 ,2.75 ,-7 | 7.75
0 ,0 ,-3 ,3 ,3 ,4.5 ,-4 | -12.5
0 ,0 ,6.75 ,-2.75 ,4 ,5.375 ,2.5 | 6.875
0 ,0 ,0.25 ,1.75 ,2 ,1.625 ,-6.5 | -11.875

R2 --> R2 + 0.421*R3

-3 ,0 ,0 ,-3 ,-4.579 ,-2.526 ,1.263 | 4.737
0 ,-8 ,0 ,2.667 ,-0.561 ,0.702 ,-7.018 | -3.649
0 ,0 ,4.75 ,1.583 ,-1.333 ,-5.458 ,-7.167 | -6.292
0 ,0 ,1.5 ,-9.5 ,-2 ,2.75 ,-7 | 7.75
0 ,0 ,-3 ,3 ,3 ,4.5 ,-4 | -12.5
0 ,0 ,6.75 ,-2.75 ,4 ,5.375 ,2.5 | 6.875
0 ,0 ,0.25 ,1.75 ,2 ,1.625 ,-6.5 | -11.875

R4 --> R4 - 0.316*R3

-3 ,0 ,0 ,-3 ,-4.579 ,-2.526 ,1.263 | 4.737
0 ,-8 ,0 ,2.667 ,-0.561 ,0.702 ,-7.018 | -3.649
0 ,0 ,4.75 ,1.583 ,-1.333 ,-5.458 ,-7.167 | -6.292
0 ,0 ,0 ,-10 ,-1.579 ,4.474 ,-4.737 | 9.737
0 ,0 ,-3 ,3 ,3 ,4.5 ,-4 | -12.5
0 ,0 ,6.75 ,-2.75 ,4 ,5.375 ,2.5 | 6.875
0 ,0 ,0.25 ,1.75 ,2 ,1.625 ,-6.5 | -11.875

R5 --> R5 + 0.632*R3

-3 ,0 ,0 ,-3 ,-4.579 ,-2.526 ,1.263 | 4.737
0 ,-8 ,0 ,2.667 ,-0.561 ,0.702 ,-7.018 | -3.649
0 ,0 ,4.75 ,1.583 ,-1.333 ,-5.458 ,-7.167 | -6.292
0 ,0 ,0 ,-10 ,-1.579 ,4.474 ,-4.737 | 9.737
0 ,0 ,0 ,4 ,2.158 ,1.053 ,-8.526 | -16.474
0 ,0 ,6.75 ,-2.75 ,4 ,5.375 ,2.5 | 6.875
0 ,0 ,0.25 ,1.75 ,2 ,1.625 ,-6.5 | -11.875

R6 --> R6 - 1.421*R3

-3 ,0 ,0 ,-3 ,-4.579 ,-2.526 ,1.263 | 4.737
0 ,-8 ,0 ,2.667 ,-0.561 ,0.702 ,-7.018 | -3.649
0 ,0 ,4.75 ,1.583 ,-1.333 ,-5.458 ,-7.167 | -6.292
0 ,0 ,0 ,-10 ,-1.579 ,4.474 ,-4.737 | 9.737
0 ,0 ,0 ,4 ,2.158 ,1.053 ,-8.526 | -16.474
0 ,0 ,0 ,-5 ,5.895 ,13.132 ,12.684 | 15.816
0 ,0 ,0.25 ,1.75 ,2 ,1.625 ,-6.5 | -11.875

R7 --> R7 - 0.053*R3

-3 ,0 ,0 ,-3 ,-4.579 ,-2.526 ,1.263 | 4.737
0 ,-8 ,0 ,2.667 ,-0.561 ,0.702 ,-7.018 | -3.649
0 ,0 ,4.75 ,1.583 ,-1.333 ,-5.458 ,-7.167 | -6.292
0 ,0 ,0 ,-10 ,-1.579 ,4.474 ,-4.737 | 9.737
0 ,0 ,0 ,4 ,2.158 ,1.053 ,-8.526 | -16.474
0 ,0 ,0 ,-5 ,5.895 ,13.132 ,12.684 | 15.816
0 ,0 ,0 ,1.667 ,2.07 ,1.912 ,-6.123 | -11.544

R1 --> R1 - 0.3*R4

-3 ,0 ,0 ,0 ,-4.105 ,-3.868 ,2.684 | 1.816
0 ,-8 ,0 ,2.667 ,-0.561 ,0.702 ,-7.018 | -3.649
0 ,0 ,4.75 ,1.583 ,-1.333 ,-5.458 ,-7.167 | -6.292
0 ,0 ,0 ,-10 ,-1.579 ,4.474 ,-4.737 | 9.737
0 ,0 ,0 ,4 ,2.158 ,1.053 ,-8.526 | -16.474
0 ,0 ,0 ,-5 ,5.895 ,13.132 ,12.684 | 15.816
0 ,0 ,0 ,1.667 ,2.07 ,1.912 ,-6.123 | -11.544

R2 --> R2 + 0.267*R4

-3 ,0 ,0 ,0 ,-4.105 ,-3.868 ,2.684 | 1.816
0 ,-8 ,0 ,0 ,-0.982 ,1.895 ,-8.281 | -1.053
0 ,0 ,4.75 ,1.583 ,-1.333 ,-5.458 ,-7.167 | -6.292
0 ,0 ,0 ,-10 ,-1.579 ,4.474 ,-4.737 | 9.737
0 ,0 ,0 ,4 ,2.158 ,1.053 ,-8.526 | -16.474
0 ,0 ,0 ,-5 ,5.895 ,13.132 ,12.684 | 15.816
0 ,0 ,0 ,1.667 ,2.07 ,1.912 ,-6.123 | -11.544

R3 --> R3 + 0.158*R4

-3 ,0 ,0 ,0 ,-4.105 ,-3.868 ,2.684 | 1.816
0 ,-8 ,0 ,0 ,-0.982 ,1.895 ,-8.281 | -1.053
0 ,0 ,4.75 ,0 ,-1.583 ,-4.75 ,-7.917 | -4.75
0 ,0 ,0 ,-10 ,-1.579 ,4.474 ,-4.737 | 9.737
0 ,0 ,0 ,4 ,2.158 ,1.053 ,-8.526 | -16.474
0 ,0 ,0 ,-5 ,5.895 ,13.132 ,12.684 | 15.816
0 ,0 ,0 ,1.667 ,2.07 ,1.912 ,-6.123 | -11.544

R5 --> R5 + 0.4*R4

-3 ,0 ,0 ,0 ,-4.105 ,-3.868 ,2.684 | 1.816
0 ,-8 ,0 ,0 ,-0.982 ,1.895 ,-8.281 | -1.053
0 ,0 ,4.75 ,0 ,-1.583 ,-4.75 ,-7.917 | -4.75
0 ,0 ,0 ,-10 ,-1.579 ,4.474 ,-4.737 | 9.737
0 ,0 ,0 ,0 ,1.526 ,2.842 ,-10.421 | -12.579
0 ,0 ,0 ,-5 ,5.895 ,13.132 ,12.684 | 15.816
0 ,0 ,0 ,1.667 ,2.07 ,1.912 ,-6.123 | -11.544

R6 --> R6 - 0.5*R4

-3 ,0 ,0 ,0 ,-4.105 ,-3.868 ,2.684 | 1.816
0 ,-8 ,0 ,0 ,-0.982 ,1.895 ,-8.281 | -1.053
0 ,0 ,4.75 ,0 ,-1.583 ,-4.75 ,-7.917 | -4.75
0 ,0 ,0 ,-10 ,-1.579 ,4.474 ,-4.737 | 9.737
0 ,0 ,0 ,0 ,1.526 ,2.842 ,-10.421 | -12.579
0 ,0 ,0 ,0 ,6.684 ,10.895 ,15.053 | 10.947
0 ,0 ,0 ,1.667 ,2.07 ,1.912 ,-6.123 | -11.544

R7 --> R7 + 0.167*R4

-3 ,0 ,0 ,0 ,-4.105 ,-3.868 ,2.684 | 1.816
0 ,-8 ,0 ,0 ,-0.982 ,1.895 ,-8.281 | -1.053
0 ,0 ,4.75 ,0 ,-1.583 ,-4.75 ,-7.917 | -4.75
0 ,0 ,0 ,-10 ,-1.579 ,4.474 ,-4.737 | 9.737
0 ,0 ,0 ,0 ,1.526 ,2.842 ,-10.421 | -12.579
0 ,0 ,0 ,0 ,6.684 ,10.895 ,15.053 | 10.947
0 ,0 ,0 ,0 ,1.807 ,2.658 ,-6.912 | -9.921

R1 --> R1 + 2.69*R5

-3 ,0 ,0 ,0 ,0 ,3.776 ,-25.345 | -32.017
0 ,-8 ,0 ,0 ,-0.982 ,1.895 ,-8.281 | -1.053
0 ,0 ,4.75 ,0 ,-1.583 ,-4.75 ,-7.917 | -4.75
0 ,0 ,0 ,-10 ,-1.579 ,4.474 ,-4.737 | 9.737
0 ,0 ,0 ,0 ,1.526 ,2.842 ,-10.421 | -12.579
0 ,0 ,0 ,0 ,6.684 ,10.895 ,15.053 | 10.947
0 ,0 ,0 ,0 ,1.807 ,2.658 ,-6.912 | -9.921

R2 --> R2 + 0.644*R5

-3 ,0 ,0 ,0 ,0 ,3.776 ,-25.345 | -32.017
0 ,-8 ,0 ,0 ,0 ,3.724 ,-14.989 | -9.149
0 ,0 ,4.75 ,0 ,-1.583 ,-4.75 ,-7.917 | -4.75
0 ,0 ,0 ,-10 ,-1.579 ,4.474 ,-4.737 | 9.737
0 ,0 ,0 ,0 ,1.526 ,2.842 ,-10.421 | -12.579
0 ,0 ,0 ,0 ,6.684 ,10.895 ,15.053 | 10.947
0 ,0 ,0 ,0 ,1.807 ,2.658 ,-6.912 | -9.921

R3 --> R3 + 1.037*R5

-3 ,0 ,0 ,0 ,0 ,3.776 ,-25.345 | -32.017
0 ,-8 ,0 ,0 ,0 ,3.724 ,-14.989 | -9.149
0 ,0 ,4.75 ,0 ,0 ,-1.802 ,-18.727 | -17.799
0 ,0 ,0 ,-10 ,-1.579 ,4.474 ,-4.737 | 9.737
0 ,0 ,0 ,0 ,1.526 ,2.842 ,-10.421 | -12.579
0 ,0 ,0 ,0 ,6.684 ,10.895 ,15.053 | 10.947
0 ,0 ,0 ,0 ,1.807 ,2.658 ,-6.912 | -9.921

R4 --> R4 + 1.034*R5

-3 ,0 ,0 ,0 ,0 ,3.776 ,-25.345 | -32.017
0 ,-8 ,0 ,0 ,0 ,3.724 ,-14.989 | -9.149
0 ,0 ,4.75 ,0 ,0 ,-1.802 ,-18.727 | -17.799
0 ,0 ,0 ,-10 ,0 ,7.414 ,-15.517 | -3.276
0 ,0 ,0 ,0 ,1.526 ,2.842 ,-10.421 | -12.579
0 ,0 ,0 ,0 ,6.684 ,10.895 ,15.053 | 10.947
0 ,0 ,0 ,0 ,1.807 ,2.658 ,-6.912 | -9.921

R6 --> R6 - 4.379*R5

-3 ,0 ,0 ,0 ,0 ,3.776 ,-25.345 | -32.017
0 ,-8 ,0 ,0 ,0 ,3.724 ,-14.989 | -9.149
0 ,0 ,4.75 ,0 ,0 ,-1.802 ,-18.727 | -17.799
0 ,0 ,0 ,-10 ,0 ,7.414 ,-15.517 | -3.276
0 ,0 ,0 ,0 ,1.526 ,2.842 ,-10.421 | -12.579
0 ,0 ,0 ,0 ,0 ,-1.552 ,60.69 | 66.034
0 ,0 ,0 ,0 ,1.807 ,2.658 ,-6.912 | -9.921

R7 --> R7 - 1.184*R5

-3 ,0 ,0 ,0 ,0 ,3.776 ,-25.345 | -32.017
0 ,-8 ,0 ,0 ,0 ,3.724 ,-14.989 | -9.149
0 ,0 ,4.75 ,0 ,0 ,-1.802 ,-18.727 | -17.799
0 ,0 ,0 ,-10 ,0 ,7.414 ,-15.517 | -3.276
0 ,0 ,0 ,0 ,1.526 ,2.842 ,-10.421 | -12.579
0 ,0 ,0 ,0 ,0 ,-1.552 ,60.69 | 66.034
0 ,0 ,0 ,0 ,0 ,-0.707 ,5.425 | 4.971

R1 --> R1 + 2.433*R6

-3 ,0 ,0 ,0 ,0 ,0 ,122.333 | 128.667
0 ,-8 ,0 ,0 ,0 ,3.724 ,-14.989 | -9.149
0 ,0 ,4.75 ,0 ,0 ,-1.802 ,-18.727 | -17.799
0 ,0 ,0 ,-10 ,0 ,7.414 ,-15.517 | -3.276
0 ,0 ,0 ,0 ,1.526 ,2.842 ,-10.421 | -12.579
0 ,0 ,0 ,0 ,0 ,-1.552 ,60.69 | 66.034
0 ,0 ,0 ,0 ,0 ,-0.707 ,5.425 | 4.971

R2 --> R2 + 2.4*R6

-3 ,0 ,0 ,0 ,0 ,0 ,122.333 | 128.667
0 ,-8 ,0 ,0 ,0 ,0 ,130.667 | 149.333
0 ,0 ,4.75 ,0 ,0 ,-1.802 ,-18.727 | -17.799
0 ,0 ,0 ,-10 ,0 ,7.414 ,-15.517 | -3.276
0 ,0 ,0 ,0 ,1.526 ,2.842 ,-10.421 | -12.579
0 ,0 ,0 ,0 ,0 ,-1.552 ,60.69 | 66.034
0 ,0 ,0 ,0 ,0 ,-0.707 ,5.425 | 4.971

R3 --> R3 - 1.161*R6

-3 ,0 ,0 ,0 ,0 ,0 ,122.333 | 128.667
0 ,-8 ,0 ,0 ,0 ,0 ,130.667 | 149.333
0 ,0 ,4.75 ,0 ,0 ,0 ,-89.195 | -94.472
0 ,0 ,0 ,-10 ,0 ,7.414 ,-15.517 | -3.276
0 ,0 ,0 ,0 ,1.526 ,2.842 ,-10.421 | -12.579
0 ,0 ,0 ,0 ,0 ,-1.552 ,60.69 | 66.034
0 ,0 ,0 ,0 ,0 ,-0.707 ,5.425 | 4.971

R4 --> R4 + 4.778*R6

-3 ,0 ,0 ,0 ,0 ,0 ,122.333 | 128.667
0 ,-8 ,0 ,0 ,0 ,0 ,130.667 | 149.333
0 ,0 ,4.75 ,0 ,0 ,0 ,-89.195 | -94.472
0 ,0 ,0 ,-10 ,0 ,0 ,274.445 | 312.223
0 ,0 ,0 ,0 ,1.526 ,2.842 ,-10.421 | -12.579
0 ,0 ,0 ,0 ,0 ,-1.552 ,60.69 | 66.034
0 ,0 ,0 ,0 ,0 ,-0.707 ,5.425 | 4.971

R5 --> R5 + 1.832*R6

-3 ,0 ,0 ,0 ,0 ,0 ,122.333 | 128.667
0 ,-8 ,0 ,0 ,0 ,0 ,130.667 | 149.333
0 ,0 ,4.75 ,0 ,0 ,0 ,-89.195 | -94.472
0 ,0 ,0 ,-10 ,0 ,0 ,274.445 | 312.223
0 ,0 ,0 ,0 ,1.526 ,0 ,100.737 | 108.369
0 ,0 ,0 ,0 ,0 ,-1.552 ,60.69 | 66.034
0 ,0 ,0 ,0 ,0 ,-0.707 ,5.425 | 4.971

R7 --> R7 - 0.456*R6

-3 ,0 ,0 ,0 ,0 ,0 ,122.333 | 128.667
0 ,-8 ,0 ,0 ,0 ,0 ,130.667 | 149.333
0 ,0 ,4.75 ,0 ,0 ,0 ,-89.195 | -94.472
0 ,0 ,0 ,-10 ,0 ,0 ,274.445 | 312.223
0 ,0 ,0 ,0 ,1.526 ,0 ,100.737 | 108.369
0 ,0 ,0 ,0 ,0 ,-1.552 ,60.69 | 66.034
0 ,0 ,0 ,0 ,0 ,0 ,-22.222 | -25.111

R7 --> -0.045*R7

-3 ,0 ,0 ,0 ,0 ,0 ,122.333 | 128.667
0 ,-8 ,0 ,0 ,0 ,0 ,130.667 | 149.333
0 ,0 ,4.75 ,0 ,0 ,0 ,-89.195 | -94.472
0 ,0 ,0 ,-10 ,0 ,0 ,274.445 | 312.223
0 ,0 ,0 ,0 ,1.526 ,0 ,100.737 | 108.369
0 ,0 ,0 ,0 ,0 ,-1.552 ,60.69 | 66.034
0 ,0 ,0 ,0 ,0 ,0 ,1 | 1.13

R1 --> R1 - 122.333*R7

-3 ,0 ,0 ,0 ,0 ,0 ,0 | -9.57
0 ,-8 ,0 ,0 ,0 ,0 ,130.667 | 149.333
0 ,0 ,4.75 ,0 ,0 ,0 ,-89.195 | -94.472
0 ,0 ,0 ,-10 ,0 ,0 ,274.445 | 312.223
0 ,0 ,0 ,0 ,1.526 ,0 ,100.737 | 108.369
0 ,0 ,0 ,0 ,0 ,-1.552 ,60.69 | 66.034
0 ,0 ,0 ,0 ,0 ,0 ,1 | 1.13

R1 --> -0.333*R1

1 ,0 ,0 ,0 ,0 ,0 ,0 | 3.19
0 ,-8 ,0 ,0 ,0 ,0 ,130.667 | 149.333
0 ,0 ,4.75 ,0 ,0 ,0 ,-89.195 | -94.472
0 ,0 ,0 ,-10 ,0 ,0 ,274.445 | 312.223
0 ,0 ,0 ,0 ,1.526 ,0 ,100.737 | 108.369
0 ,0 ,0 ,0 ,0 ,-1.552 ,60.69 | 66.034
0 ,0 ,0 ,0 ,0 ,0 ,1 | 1.13

R2 --> R2 - 130.667*R7

1 ,0 ,0 ,0 ,0 ,0 ,0 | 3.19
0 ,-8 ,0 ,0 ,0 ,0 ,0 | 1.68
0 ,0 ,4.75 ,0 ,0 ,0 ,-89.195 | -94.472
0 ,0 ,0 ,-10 ,0 ,0 ,274.445 | 312.223
0 ,0 ,0 ,0 ,1.526 ,0 ,100.737 | 108.369
0 ,0 ,0 ,0 ,0 ,-1.552 ,60.69 | 66.034
0 ,0 ,0 ,0 ,0 ,0 ,1 | 1.13

R2 --> -0.125*R2

1 ,0 ,0 ,0 ,0 ,0 ,0 | 3.19
0 ,1 ,0 ,0 ,0 ,0 ,0 | -0.21
0 ,0 ,4.75 ,0 ,0 ,0 ,-89.195 | -94.472
0 ,0 ,0 ,-10 ,0 ,0 ,274.445 | 312.223
0 ,0 ,0 ,0 ,1.526 ,0 ,100.737 | 108.369
0 ,0 ,0 ,0 ,0 ,-1.552 ,60.69 | 66.034
0 ,0 ,0 ,0 ,0 ,0 ,1 | 1.13

R3 --> R3 + 89.195*R7

1 ,0 ,0 ,0 ,0 ,0 ,0 | 3.19
0 ,1 ,0 ,0 ,0 ,0 ,0 | -0.21
0 ,0 ,4.75 ,0 ,0 ,0 ,0 | 6.317
0 ,0 ,0 ,-10 ,0 ,0 ,274.445 | 312.223
0 ,0 ,0 ,0 ,1.526 ,0 ,100.737 | 108.369
0 ,0 ,0 ,0 ,0 ,-1.552 ,60.69 | 66.034
0 ,0 ,0 ,0 ,0 ,0 ,1 | 1.13

R3 --> 0.211*R3

1 ,0 ,0 ,0 ,0 ,0 ,0 | 3.19
0 ,1 ,0 ,0 ,0 ,0 ,0 | -0.21
0 ,0 ,1 ,0 ,0 ,0 ,0 | 1.33
0 ,0 ,0 ,-10 ,0 ,0 ,274.445 | 312.223
0 ,0 ,0 ,0 ,1.526 ,0 ,100.737 | 108.369
0 ,0 ,0 ,0 ,0 ,-1.552 ,60.69 | 66.034
0 ,0 ,0 ,0 ,0 ,0 ,1 | 1.13

R4 --> R4 - 274.445*R7

1 ,0 ,0 ,0 ,0 ,0 ,0 | 3.19
0 ,1 ,0 ,0 ,0 ,0 ,0 | -0.21
0 ,0 ,1 ,0 ,0 ,0 ,0 | 1.33
0 ,0 ,0 ,-10 ,0 ,0 ,0 | 2.1
0 ,0 ,0 ,0 ,1.526 ,0 ,100.737 | 108.369
0 ,0 ,0 ,0 ,0 ,-1.552 ,60.69 | 66.034
0 ,0 ,0 ,0 ,0 ,0 ,1 | 1.13

R4 --> -0.1*R4

1 ,0 ,0 ,0 ,0 ,0 ,0 | 3.19
0 ,1 ,0 ,0 ,0 ,0 ,0 | -0.21
0 ,0 ,1 ,0 ,0 ,0 ,0 | 1.33
0 ,0 ,0 ,1 ,0 ,0 ,0 | -0.21
0 ,0 ,0 ,0 ,1.526 ,0 ,100.737 | 108.369
0 ,0 ,0 ,0 ,0 ,-1.552 ,60.69 | 66.034
0 ,0 ,0 ,0 ,0 ,0 ,1 | 1.13

R5 --> R5 - 100.737*R7

1 ,0 ,0 ,0 ,0 ,0 ,0 | 3.19
0 ,1 ,0 ,0 ,0 ,0 ,0 | -0.21
0 ,0 ,1 ,0 ,0 ,0 ,0 | 1.33
0 ,0 ,0 ,1 ,0 ,0 ,0 | -0.21
0 ,0 ,0 ,0 ,1.526 ,0 ,0 | -5.464
0 ,0 ,0 ,0 ,0 ,-1.552 ,60.69 | 66.034
0 ,0 ,0 ,0 ,0 ,0 ,1 | 1.13

R5 --> 0.655*R5

1 ,0 ,0 ,0 ,0 ,0 ,0 | 3.19
0 ,1 ,0 ,0 ,0 ,0 ,0 | -0.21
0 ,0 ,1 ,0 ,0 ,0 ,0 | 1.33
0 ,0 ,0 ,1 ,0 ,0 ,0 | -0.21
0 ,0 ,0 ,0 ,1 ,0 ,0 | -3.58
0 ,0 ,0 ,0 ,0 ,-1.552 ,60.69 | 66.034
0 ,0 ,0 ,0 ,0 ,0 ,1 | 1.13

R6 --> R6 - 60.69*R7

1 ,0 ,0 ,0 ,0 ,0 ,0 | 3.19
0 ,1 ,0 ,0 ,0 ,0 ,0 | -0.21
0 ,0 ,1 ,0 ,0 ,0 ,0 | 1.33
0 ,0 ,0 ,1 ,0 ,0 ,0 | -0.21
0 ,0 ,0 ,0 ,1 ,0 ,0 | -3.58
0 ,0 ,0 ,0 ,0 ,-1.552 ,0 | -2.545
0 ,0 ,0 ,0 ,0 ,0 ,1 | 1.13

R6 --> -0.644*R6

1 ,0 ,0 ,0 ,0 ,0 ,0 | 3.19
0 ,1 ,0 ,0 ,0 ,0 ,0 | -0.21
0 ,0 ,1 ,0 ,0 ,0 ,0 | 1.33
0 ,0 ,0 ,1 ,0 ,0 ,0 | -0.21
0 ,0 ,0 ,0 ,1 ,0 ,0 | -3.58
0 ,0 ,0 ,0 ,0 ,1 ,0 | 1.64
0 ,0 ,0 ,0 ,0 ,0 ,1 | 1.13

exist a single solution in R7 space for the system which is:
x = (3.19 ,-0.21 ,1.33 ,-0.21 ,-3.58 ,1.64 ,1.13)
