solve the next system in R7 space (7 equations)(7 unknowns):
eq1: - 4*x1 - 3*x2        +   x4 + 4*x5 + 2*x6         = 0
eq2: - 4*x1               +   x4 -   x5 - 4*x6 - 3*x7  = 0
eq3: -   x1 - 3*x2        +   x4 - 3*x5 -   x6 - 3*x7  = 0
eq4: - 3*x1               -   x4 -   x5 + 4*x6 + 2*x7  = 0
eq5: + 2*x1 - 4*x2                      +   x6 +   x7  = 0
eq6: - 2*x1 - 3*x2        - 2*x4               - 4*x7  = 0
eq7: - 4*x1 + 2*x2        + 4*x4 + 2*x5 - 4*x6 -   x7  = 0

-4 ,-3 ,0 ,1 ,4 ,2 ,0 | 0
-4 ,0 ,0 ,1 ,-1 ,-4 ,-3 | 0
-1 ,-3 ,0 ,1 ,-3 ,-1 ,-3 | 0
-3 ,0 ,0 ,-1 ,-1 ,4 ,2 | 0
2 ,-4 ,0 ,0 ,0 ,1 ,1 | 0
-2 ,-3 ,0 ,-2 ,0 ,0 ,-4 | 0
-4 ,2 ,0 ,4 ,2 ,-4 ,-1 | 0

implement the solution by elementary matrices method:
transform A matrix to I by an elementary matrices:
R2 --> R2 - R1

-4 ,-3 ,0 ,1 ,4 ,2 ,0 | 0
0 ,3 ,0 ,0 ,-5 ,-6 ,-3 | 0
-1 ,-3 ,0 ,1 ,-3 ,-1 ,-3 | 0
-3 ,0 ,0 ,-1 ,-1 ,4 ,2 | 0
2 ,-4 ,0 ,0 ,0 ,1 ,1 | 0
-2 ,-3 ,0 ,-2 ,0 ,0 ,-4 | 0
-4 ,2 ,0 ,4 ,2 ,-4 ,-1 | 0

R3 --> R3 - 0.25*R1

-4 ,-3 ,0 ,1 ,4 ,2 ,0 | 0
0 ,3 ,0 ,0 ,-5 ,-6 ,-3 | 0
0 ,-2.25 ,0 ,0.75 ,-4 ,-1.5 ,-3 | 0
-3 ,0 ,0 ,-1 ,-1 ,4 ,2 | 0
2 ,-4 ,0 ,0 ,0 ,1 ,1 | 0
-2 ,-3 ,0 ,-2 ,0 ,0 ,-4 | 0
-4 ,2 ,0 ,4 ,2 ,-4 ,-1 | 0

R4 --> R4 - 0.75*R1

-4 ,-3 ,0 ,1 ,4 ,2 ,0 | 0
0 ,3 ,0 ,0 ,-5 ,-6 ,-3 | 0
0 ,-2.25 ,0 ,0.75 ,-4 ,-1.5 ,-3 | 0
0 ,2.25 ,0 ,-1.75 ,-4 ,2.5 ,2 | 0
2 ,-4 ,0 ,0 ,0 ,1 ,1 | 0
-2 ,-3 ,0 ,-2 ,0 ,0 ,-4 | 0
-4 ,2 ,0 ,4 ,2 ,-4 ,-1 | 0

R5 --> R5 + 0.5*R1

-4 ,-3 ,0 ,1 ,4 ,2 ,0 | 0
0 ,3 ,0 ,0 ,-5 ,-6 ,-3 | 0
0 ,-2.25 ,0 ,0.75 ,-4 ,-1.5 ,-3 | 0
0 ,2.25 ,0 ,-1.75 ,-4 ,2.5 ,2 | 0
0 ,-5.5 ,0 ,0.5 ,2 ,2 ,1 | 0
-2 ,-3 ,0 ,-2 ,0 ,0 ,-4 | 0
-4 ,2 ,0 ,4 ,2 ,-4 ,-1 | 0

R6 --> R6 - 0.5*R1

-4 ,-3 ,0 ,1 ,4 ,2 ,0 | 0
0 ,3 ,0 ,0 ,-5 ,-6 ,-3 | 0
0 ,-2.25 ,0 ,0.75 ,-4 ,-1.5 ,-3 | 0
0 ,2.25 ,0 ,-1.75 ,-4 ,2.5 ,2 | 0
0 ,-5.5 ,0 ,0.5 ,2 ,2 ,1 | 0
0 ,-1.5 ,0 ,-2.5 ,-2 ,-1 ,-4 | 0
-4 ,2 ,0 ,4 ,2 ,-4 ,-1 | 0

R7 --> R7 - R1

-4 ,-3 ,0 ,1 ,4 ,2 ,0 | 0
0 ,3 ,0 ,0 ,-5 ,-6 ,-3 | 0
0 ,-2.25 ,0 ,0.75 ,-4 ,-1.5 ,-3 | 0
0 ,2.25 ,0 ,-1.75 ,-4 ,2.5 ,2 | 0
0 ,-5.5 ,0 ,0.5 ,2 ,2 ,1 | 0
0 ,-1.5 ,0 ,-2.5 ,-2 ,-1 ,-4 | 0
0 ,5 ,0 ,3 ,-2 ,-6 ,-1 | 0

R1 --> R1 + R2

-4 ,0 ,0 ,1 ,-1 ,-4 ,-3 | 0
0 ,3 ,0 ,0 ,-5 ,-6 ,-3 | 0
0 ,-2.25 ,0 ,0.75 ,-4 ,-1.5 ,-3 | 0
0 ,2.25 ,0 ,-1.75 ,-4 ,2.5 ,2 | 0
0 ,-5.5 ,0 ,0.5 ,2 ,2 ,1 | 0
0 ,-1.5 ,0 ,-2.5 ,-2 ,-1 ,-4 | 0
0 ,5 ,0 ,3 ,-2 ,-6 ,-1 | 0

R3 --> R3 + 0.75*R2

-4 ,0 ,0 ,1 ,-1 ,-4 ,-3 | 0
0 ,3 ,0 ,0 ,-5 ,-6 ,-3 | 0
0 ,0 ,0 ,0.75 ,-7.75 ,-6 ,-5.25 | 0
0 ,2.25 ,0 ,-1.75 ,-4 ,2.5 ,2 | 0
0 ,-5.5 ,0 ,0.5 ,2 ,2 ,1 | 0
0 ,-1.5 ,0 ,-2.5 ,-2 ,-1 ,-4 | 0
0 ,5 ,0 ,3 ,-2 ,-6 ,-1 | 0

R4 --> R4 - 0.75*R2

-4 ,0 ,0 ,1 ,-1 ,-4 ,-3 | 0
0 ,3 ,0 ,0 ,-5 ,-6 ,-3 | 0
0 ,0 ,0 ,0.75 ,-7.75 ,-6 ,-5.25 | 0
0 ,0 ,0 ,-1.75 ,-0.25 ,7 ,4.25 | 0
0 ,-5.5 ,0 ,0.5 ,2 ,2 ,1 | 0
0 ,-1.5 ,0 ,-2.5 ,-2 ,-1 ,-4 | 0
0 ,5 ,0 ,3 ,-2 ,-6 ,-1 | 0

R5 --> R5 + 1.833*R2

-4 ,0 ,0 ,1 ,-1 ,-4 ,-3 | 0
0 ,3 ,0 ,0 ,-5 ,-6 ,-3 | 0
0 ,0 ,0 ,0.75 ,-7.75 ,-6 ,-5.25 | 0
0 ,0 ,0 ,-1.75 ,-0.25 ,7 ,4.25 | 0
0 ,0 ,0 ,0.5 ,-7.167 ,-9 ,-4.5 | 0
0 ,-1.5 ,0 ,-2.5 ,-2 ,-1 ,-4 | 0
0 ,5 ,0 ,3 ,-2 ,-6 ,-1 | 0

R6 --> R6 + 0.5*R2

-4 ,0 ,0 ,1 ,-1 ,-4 ,-3 | 0
0 ,3 ,0 ,0 ,-5 ,-6 ,-3 | 0
0 ,0 ,0 ,0.75 ,-7.75 ,-6 ,-5.25 | 0
0 ,0 ,0 ,-1.75 ,-0.25 ,7 ,4.25 | 0
0 ,0 ,0 ,0.5 ,-7.167 ,-9 ,-4.5 | 0
0 ,0 ,0 ,-2.5 ,-4.5 ,-4 ,-5.5 | 0
0 ,5 ,0 ,3 ,-2 ,-6 ,-1 | 0

R7 --> R7 - 1.667*R2

-4 ,0 ,0 ,1 ,-1 ,-4 ,-3 | 0
0 ,3 ,0 ,0 ,-5 ,-6 ,-3 | 0
0 ,0 ,0 ,0.75 ,-7.75 ,-6 ,-5.25 | 0
0 ,0 ,0 ,-1.75 ,-0.25 ,7 ,4.25 | 0
0 ,0 ,0 ,0.5 ,-7.167 ,-9 ,-4.5 | 0
0 ,0 ,0 ,-2.5 ,-4.5 ,-4 ,-5.5 | 0
0 ,0 ,0 ,3 ,6.333 ,4 ,4 | 0

R1 --> R1 + 0.571*R4

-4 ,0 ,0 ,0 ,-1.143 ,0 ,-0.571 | 0
0 ,3 ,0 ,0 ,-5 ,-6 ,-3 | 0
0 ,0 ,0 ,0.75 ,-7.75 ,-6 ,-5.25 | 0
0 ,0 ,0 ,-1.75 ,-0.25 ,7 ,4.25 | 0
0 ,0 ,0 ,0.5 ,-7.167 ,-9 ,-4.5 | 0
0 ,0 ,0 ,-2.5 ,-4.5 ,-4 ,-5.5 | 0
0 ,0 ,0 ,3 ,6.333 ,4 ,4 | 0

R3 --> R3 + 0.429*R4

-4 ,0 ,0 ,0 ,-1.143 ,0 ,-0.571 | 0
0 ,3 ,0 ,0 ,-5 ,-6 ,-3 | 0
0 ,0 ,0 ,0 ,-7.857 ,-3 ,-3.429 | 0
0 ,0 ,0 ,-1.75 ,-0.25 ,7 ,4.25 | 0
0 ,0 ,0 ,0.5 ,-7.167 ,-9 ,-4.5 | 0
0 ,0 ,0 ,-2.5 ,-4.5 ,-4 ,-5.5 | 0
0 ,0 ,0 ,3 ,6.333 ,4 ,4 | 0

R5 --> R5 + 0.286*R4

-4 ,0 ,0 ,0 ,-1.143 ,0 ,-0.571 | 0
0 ,3 ,0 ,0 ,-5 ,-6 ,-3 | 0
0 ,0 ,0 ,0 ,-7.857 ,-3 ,-3.429 | 0
0 ,0 ,0 ,-1.75 ,-0.25 ,7 ,4.25 | 0
0 ,0 ,0 ,0 ,-7.238 ,-7 ,-3.286 | 0
0 ,0 ,0 ,-2.5 ,-4.5 ,-4 ,-5.5 | 0
0 ,0 ,0 ,3 ,6.333 ,4 ,4 | 0

R6 --> R6 - 1.429*R4

-4 ,0 ,0 ,0 ,-1.143 ,0 ,-0.571 | 0
0 ,3 ,0 ,0 ,-5 ,-6 ,-3 | 0
0 ,0 ,0 ,0 ,-7.857 ,-3 ,-3.429 | 0
0 ,0 ,0 ,-1.75 ,-0.25 ,7 ,4.25 | 0
0 ,0 ,0 ,0 ,-7.238 ,-7 ,-3.286 | 0
0 ,0 ,0 ,0 ,-4.143 ,-14 ,-11.571 | 0
0 ,0 ,0 ,3 ,6.333 ,4 ,4 | 0

R7 --> R7 + 1.714*R4

-4 ,0 ,0 ,0 ,-1.143 ,0 ,-0.571 | 0
0 ,3 ,0 ,0 ,-5 ,-6 ,-3 | 0
0 ,0 ,0 ,0 ,-7.857 ,-3 ,-3.429 | 0
0 ,0 ,0 ,-1.75 ,-0.25 ,7 ,4.25 | 0
0 ,0 ,0 ,0 ,-7.238 ,-7 ,-3.286 | 0
0 ,0 ,0 ,0 ,-4.143 ,-14 ,-11.571 | 0
0 ,0 ,0 ,0 ,5.905 ,16 ,11.286 | 0

R1 --> R1 - 0.158*R5

-4 ,0 ,0 ,0 ,0 ,1.105 ,-0.053 | 0
0 ,3 ,0 ,0 ,-5 ,-6 ,-3 | 0
0 ,0 ,0 ,0 ,-7.857 ,-3 ,-3.429 | 0
0 ,0 ,0 ,-1.75 ,-0.25 ,7 ,4.25 | 0
0 ,0 ,0 ,0 ,-7.238 ,-7 ,-3.286 | 0
0 ,0 ,0 ,0 ,-4.143 ,-14 ,-11.571 | 0
0 ,0 ,0 ,0 ,5.905 ,16 ,11.286 | 0

R2 --> R2 - 0.691*R5

-4 ,0 ,0 ,0 ,0 ,1.105 ,-0.053 | 0
0 ,3 ,0 ,0 ,0 ,-1.164 ,-0.73 | 0
0 ,0 ,0 ,0 ,-7.857 ,-3 ,-3.429 | 0
0 ,0 ,0 ,-1.75 ,-0.25 ,7 ,4.25 | 0
0 ,0 ,0 ,0 ,-7.238 ,-7 ,-3.286 | 0
0 ,0 ,0 ,0 ,-4.143 ,-14 ,-11.571 | 0
0 ,0 ,0 ,0 ,5.905 ,16 ,11.286 | 0

R3 --> R3 - 1.086*R5

-4 ,0 ,0 ,0 ,0 ,1.105 ,-0.053 | 0
0 ,3 ,0 ,0 ,0 ,-1.164 ,-0.73 | 0
0 ,0 ,0 ,0 ,0 ,4.599 ,0.138 | 0
0 ,0 ,0 ,-1.75 ,-0.25 ,7 ,4.25 | 0
0 ,0 ,0 ,0 ,-7.238 ,-7 ,-3.286 | 0
0 ,0 ,0 ,0 ,-4.143 ,-14 ,-11.571 | 0
0 ,0 ,0 ,0 ,5.905 ,16 ,11.286 | 0

R4 --> R4 - 0.035*R5

-4 ,0 ,0 ,0 ,0 ,1.105 ,-0.053 | 0
0 ,3 ,0 ,0 ,0 ,-1.164 ,-0.73 | 0
0 ,0 ,0 ,0 ,0 ,4.599 ,0.138 | 0
0 ,0 ,0 ,-1.75 ,0 ,7.242 ,4.363 | 0
0 ,0 ,0 ,0 ,-7.238 ,-7 ,-3.286 | 0
0 ,0 ,0 ,0 ,-4.143 ,-14 ,-11.571 | 0
0 ,0 ,0 ,0 ,5.905 ,16 ,11.286 | 0

R6 --> R6 - 0.572*R5

-4 ,0 ,0 ,0 ,0 ,1.105 ,-0.053 | 0
0 ,3 ,0 ,0 ,0 ,-1.164 ,-0.73 | 0
0 ,0 ,0 ,0 ,0 ,4.599 ,0.138 | 0
0 ,0 ,0 ,-1.75 ,0 ,7.242 ,4.363 | 0
0 ,0 ,0 ,0 ,-7.238 ,-7 ,-3.286 | 0
0 ,0 ,0 ,0 ,0 ,-9.993 ,-9.691 | 0
0 ,0 ,0 ,0 ,5.905 ,16 ,11.286 | 0

R7 --> R7 + 0.816*R5

-4 ,0 ,0 ,0 ,0 ,1.105 ,-0.053 | 0
0 ,3 ,0 ,0 ,0 ,-1.164 ,-0.73 | 0
0 ,0 ,0 ,0 ,0 ,4.599 ,0.138 | 0
0 ,0 ,0 ,-1.75 ,0 ,7.242 ,4.363 | 0
0 ,0 ,0 ,0 ,-7.238 ,-7 ,-3.286 | 0
0 ,0 ,0 ,0 ,0 ,-9.993 ,-9.691 | 0
0 ,0 ,0 ,0 ,0 ,10.289 ,8.605 | 0

R1 --> R1 + 0.111*R6

-4 ,0 ,0 ,0 ,0 ,0 ,-1.124 | 0
0 ,3 ,0 ,0 ,0 ,-1.164 ,-0.73 | 0
0 ,0 ,0 ,0 ,0 ,4.599 ,0.138 | 0
0 ,0 ,0 ,-1.75 ,0 ,7.242 ,4.363 | 0
0 ,0 ,0 ,0 ,-7.238 ,-7 ,-3.286 | 0
0 ,0 ,0 ,0 ,0 ,-9.993 ,-9.691 | 0
0 ,0 ,0 ,0 ,0 ,10.289 ,8.605 | 0

R2 --> R2 - 0.117*R6

-4 ,0 ,0 ,0 ,0 ,0 ,-1.124 | 0
0 ,3 ,0 ,0 ,0 ,0 ,0.399 | 0
0 ,0 ,0 ,0 ,0 ,4.599 ,0.138 | 0
0 ,0 ,0 ,-1.75 ,0 ,7.242 ,4.363 | 0
0 ,0 ,0 ,0 ,-7.238 ,-7 ,-3.286 | 0
0 ,0 ,0 ,0 ,0 ,-9.993 ,-9.691 | 0
0 ,0 ,0 ,0 ,0 ,10.289 ,8.605 | 0

R3 --> R3 + 0.46*R6

-4 ,0 ,0 ,0 ,0 ,0 ,-1.124 | 0
0 ,3 ,0 ,0 ,0 ,0 ,0.399 | 0
0 ,0 ,0 ,0 ,0 ,0 ,-4.321 | 0
0 ,0 ,0 ,-1.75 ,0 ,7.242 ,4.363 | 0
0 ,0 ,0 ,0 ,-7.238 ,-7 ,-3.286 | 0
0 ,0 ,0 ,0 ,0 ,-9.993 ,-9.691 | 0
0 ,0 ,0 ,0 ,0 ,10.289 ,8.605 | 0

R3 --> -0.231*R3

-4 ,0 ,0 ,0 ,0 ,0 ,-1.124 | 0
0 ,3 ,0 ,0 ,0 ,0 ,0.399 | 0
0 ,0 ,0 ,0 ,0 ,0 ,1 | 0
0 ,0 ,0 ,-1.75 ,0 ,7.242 ,4.363 | 0
0 ,0 ,0 ,0 ,-7.238 ,-7 ,-3.286 | 0
0 ,0 ,0 ,0 ,0 ,-9.993 ,-9.691 | 0
0 ,0 ,0 ,0 ,0 ,10.289 ,8.605 | 0

R4 --> R4 + 0.725*R6

-4 ,0 ,0 ,0 ,0 ,0 ,-1.124 | 0
0 ,3 ,0 ,0 ,0 ,0 ,0.399 | 0
0 ,0 ,0 ,0 ,0 ,0 ,1 | 0
0 ,0 ,0 ,-1.75 ,0 ,0 ,-2.659 | 0
0 ,0 ,0 ,0 ,-7.238 ,-7 ,-3.286 | 0
0 ,0 ,0 ,0 ,0 ,-9.993 ,-9.691 | 0
0 ,0 ,0 ,0 ,0 ,10.289 ,8.605 | 0

R5 --> R5 - 0.7*R6

-4 ,0 ,0 ,0 ,0 ,0 ,-1.124 | 0
0 ,3 ,0 ,0 ,0 ,0 ,0.399 | 0
0 ,0 ,0 ,0 ,0 ,0 ,1 | 0
0 ,0 ,0 ,-1.75 ,0 ,0 ,-2.659 | 0
0 ,0 ,0 ,0 ,-7.238 ,0 ,3.502 | 0
0 ,0 ,0 ,0 ,0 ,-9.993 ,-9.691 | 0
0 ,0 ,0 ,0 ,0 ,10.289 ,8.605 | 0

R7 --> R7 + 1.03*R6

-4 ,0 ,0 ,0 ,0 ,0 ,-1.124 | 0
0 ,3 ,0 ,0 ,0 ,0 ,0.399 | 0
0 ,0 ,0 ,0 ,0 ,0 ,1 | 0
0 ,0 ,0 ,-1.75 ,0 ,0 ,-2.659 | 0
0 ,0 ,0 ,0 ,-7.238 ,0 ,3.502 | 0
0 ,0 ,0 ,0 ,0 ,-9.993 ,-9.691 | 0
0 ,0 ,0 ,0 ,0 ,0 ,-1.373 | 0

R7 --> -0.729*R7

-4 ,0 ,0 ,0 ,0 ,0 ,-1.124 | 0
0 ,3 ,0 ,0 ,0 ,0 ,0.399 | 0
0 ,0 ,0 ,0 ,0 ,0 ,1 | 0
0 ,0 ,0 ,-1.75 ,0 ,0 ,-2.659 | 0
0 ,0 ,0 ,0 ,-7.238 ,0 ,3.502 | 0
0 ,0 ,0 ,0 ,0 ,-9.993 ,-9.691 | 0
0 ,0 ,0 ,0 ,0 ,0 ,1 | 0

R1 --> R1 + 1.124*R7

-4 ,0 ,0 ,0 ,0 ,0 ,0 | 0
0 ,3 ,0 ,0 ,0 ,0 ,0.399 | 0
0 ,0 ,0 ,0 ,0 ,0 ,1 | 0
0 ,0 ,0 ,-1.75 ,0 ,0 ,-2.659 | 0
0 ,0 ,0 ,0 ,-7.238 ,0 ,3.502 | 0
0 ,0 ,0 ,0 ,0 ,-9.993 ,-9.691 | 0
0 ,0 ,0 ,0 ,0 ,0 ,1 | 0

R1 --> -0.25*R1

1 ,0 ,0 ,0 ,0 ,0 ,0 | 0
0 ,3 ,0 ,0 ,0 ,0 ,0.399 | 0
0 ,0 ,0 ,0 ,0 ,0 ,1 | 0
0 ,0 ,0 ,-1.75 ,0 ,0 ,-2.659 | 0
0 ,0 ,0 ,0 ,-7.238 ,0 ,3.502 | 0
0 ,0 ,0 ,0 ,0 ,-9.993 ,-9.691 | 0
0 ,0 ,0 ,0 ,0 ,0 ,1 | 0

R2 --> R2 - 0.399*R7

1 ,0 ,0 ,0 ,0 ,0 ,0 | 0
0 ,3 ,0 ,0 ,0 ,0 ,0 | 0
0 ,0 ,0 ,0 ,0 ,0 ,1 | 0
0 ,0 ,0 ,-1.75 ,0 ,0 ,-2.659 | 0
0 ,0 ,0 ,0 ,-7.238 ,0 ,3.502 | 0
0 ,0 ,0 ,0 ,0 ,-9.993 ,-9.691 | 0
0 ,0 ,0 ,0 ,0 ,0 ,1 | 0

R2 --> 0.333*R2

1 ,0 ,0 ,0 ,0 ,0 ,0 | 0
0 ,1 ,0 ,0 ,0 ,0 ,0 | 0
0 ,0 ,0 ,0 ,0 ,0 ,1 | 0
0 ,0 ,0 ,-1.75 ,0 ,0 ,-2.659 | 0
0 ,0 ,0 ,0 ,-7.238 ,0 ,3.502 | 0
0 ,0 ,0 ,0 ,0 ,-9.993 ,-9.691 | 0
0 ,0 ,0 ,0 ,0 ,0 ,1 | 0

R3 --> R3 - R7

1 ,0 ,0 ,0 ,0 ,0 ,0 | 0
0 ,1 ,0 ,0 ,0 ,0 ,0 | 0
0 ,0 ,0 ,0 ,0 ,0 ,0 | 0
0 ,0 ,0 ,-1.75 ,0 ,0 ,-2.659 | 0
0 ,0 ,0 ,0 ,-7.238 ,0 ,3.502 | 0
0 ,0 ,0 ,0 ,0 ,-9.993 ,-9.691 | 0
0 ,0 ,0 ,0 ,0 ,0 ,1 | 0

R4 --> R4 + 2.659*R7

1 ,0 ,0 ,0 ,0 ,0 ,0 | 0
0 ,1 ,0 ,0 ,0 ,0 ,0 | 0
0 ,0 ,0 ,0 ,0 ,0 ,0 | 0
0 ,0 ,0 ,-1.75 ,0 ,0 ,0 | 0
0 ,0 ,0 ,0 ,-7.238 ,0 ,3.502 | 0
0 ,0 ,0 ,0 ,0 ,-9.993 ,-9.691 | 0
0 ,0 ,0 ,0 ,0 ,0 ,1 | 0

R4 --> -0.571*R4

1 ,0 ,0 ,0 ,0 ,0 ,0 | 0
0 ,1 ,0 ,0 ,0 ,0 ,0 | 0
0 ,0 ,0 ,0 ,0 ,0 ,0 | 0
0 ,0 ,0 ,1 ,0 ,0 ,0 | 0
0 ,0 ,0 ,0 ,-7.238 ,0 ,3.502 | 0
0 ,0 ,0 ,0 ,0 ,-9.993 ,-9.691 | 0
0 ,0 ,0 ,0 ,0 ,0 ,1 | 0

R5 --> R5 - 3.502*R7

1 ,0 ,0 ,0 ,0 ,0 ,0 | 0
0 ,1 ,0 ,0 ,0 ,0 ,0 | 0
0 ,0 ,0 ,0 ,0 ,0 ,0 | 0
0 ,0 ,0 ,1 ,0 ,0 ,0 | 0
0 ,0 ,0 ,0 ,-7.238 ,0 ,0 | 0
0 ,0 ,0 ,0 ,0 ,-9.993 ,-9.691 | 0
0 ,0 ,0 ,0 ,0 ,0 ,1 | 0

R5 --> -0.138*R5

1 ,0 ,0 ,0 ,0 ,0 ,0 | 0
0 ,1 ,0 ,0 ,0 ,0 ,0 | 0
0 ,0 ,0 ,0 ,0 ,0 ,0 | 0
0 ,0 ,0 ,1 ,0 ,0 ,0 | 0
0 ,0 ,0 ,0 ,1 ,0 ,0 | 0
0 ,0 ,0 ,0 ,0 ,-9.993 ,-9.691 | 0
0 ,0 ,0 ,0 ,0 ,0 ,1 | 0

R6 --> R6 + 9.691*R7

1 ,0 ,0 ,0 ,0 ,0 ,0 | 0
0 ,1 ,0 ,0 ,0 ,0 ,0 | 0
0 ,0 ,0 ,0 ,0 ,0 ,0 | 0
0 ,0 ,0 ,1 ,0 ,0 ,0 | 0
0 ,0 ,0 ,0 ,1 ,0 ,0 | 0
0 ,0 ,0 ,0 ,0 ,-9.993 ,0 | 0
0 ,0 ,0 ,0 ,0 ,0 ,1 | 0

R6 --> -0.1*R6

1 ,0 ,0 ,0 ,0 ,0 ,0 | 0
0 ,1 ,0 ,0 ,0 ,0 ,0 | 0
0 ,0 ,0 ,0 ,0 ,0 ,0 | 0
0 ,0 ,0 ,1 ,0 ,0 ,0 | 0
0 ,0 ,0 ,0 ,1 ,0 ,0 | 0
0 ,0 ,0 ,0 ,0 ,1 ,0 | 0
0 ,0 ,0 ,0 ,0 ,0 ,1 | 0

define a new column in the vector b when x3 is a free variable in R7 space:
1 ,0 ,0 ,0 ,0 ,0 ,0 | 0 ,0
0 ,1 ,0 ,0 ,0 ,0 ,0 | 0 ,0
0 ,0 ,1 ,0 ,0 ,0 ,0 | 0 ,1
0 ,0 ,0 ,1 ,0 ,0 ,0 | 0 ,0
0 ,0 ,0 ,0 ,1 ,0 ,0 | 0 ,0
0 ,0 ,0 ,0 ,0 ,1 ,0 | 0 ,0
0 ,0 ,0 ,0 ,0 ,0 ,1 | 0 ,0

the solution is an infinite set of vectors in R7 space which are linearly dependents in the vector space:
x = λ*(0 ,0 ,1 ,0 ,0 ,0 ,0) when λ it's a free scalar that belongs to the R set
