solve the next system in R7 space (7 equations)(7 unknowns):
eq1:        - 4*x2 - 2*x3 + 7*x4 + 7*x5 +   x6         = 3
eq2:        + 2*x2 + 3*x3 +   x4 + 2*x5 + 3*x6         = 8
eq3:        -   x2 -   x3 - 5*x4 + 2*x5 - 3*x6 -   x7  = 9
eq4: + 2*x1 +   x2 + 3*x3        - 5*x5 +   x6 - 6*x7  = 11
eq5: + 2*x1 + 4*x2        + 4*x4 - 3*x5 + 2*x6 + 4*x7  = 14
eq6: + 4*x1 + 2*x2 + 6*x3 + 3*x4        - 4*x6 - 2*x7  = 18
eq7: + 6*x1 + 2*x2 + 5*x3 - 3*x4 - 3*x5 - 4*x6 - 2*x7  = 18

0 ,-4 ,-2 ,7 ,7 ,1 ,0 | 3
0 ,2 ,3 ,1 ,2 ,3 ,0 | 8
0 ,-1 ,-1 ,-5 ,2 ,-3 ,-1 | 9
2 ,1 ,3 ,0 ,-5 ,1 ,-6 | 11
2 ,4 ,0 ,4 ,-3 ,2 ,4 | 14
4 ,2 ,6 ,3 ,0 ,-4 ,-2 | 18
6 ,2 ,5 ,-3 ,-3 ,-4 ,-2 | 18

implement the solution by elementary matrices method:
transform A matrix to I by an elementary matrices:
R1 <--> R4

2 ,1 ,3 ,0 ,-5 ,1 ,-6 | 11
0 ,2 ,3 ,1 ,2 ,3 ,0 | 8
0 ,-1 ,-1 ,-5 ,2 ,-3 ,-1 | 9
0 ,-4 ,-2 ,7 ,7 ,1 ,0 | 3
2 ,4 ,0 ,4 ,-3 ,2 ,4 | 14
4 ,2 ,6 ,3 ,0 ,-4 ,-2 | 18
6 ,2 ,5 ,-3 ,-3 ,-4 ,-2 | 18

R5 --> R5 - R1

2 ,1 ,3 ,0 ,-5 ,1 ,-6 | 11
0 ,2 ,3 ,1 ,2 ,3 ,0 | 8
0 ,-1 ,-1 ,-5 ,2 ,-3 ,-1 | 9
0 ,-4 ,-2 ,7 ,7 ,1 ,0 | 3
0 ,3 ,-3 ,4 ,2 ,1 ,10 | 3
4 ,2 ,6 ,3 ,0 ,-4 ,-2 | 18
6 ,2 ,5 ,-3 ,-3 ,-4 ,-2 | 18

R6 --> R6 - 2*R1

2 ,1 ,3 ,0 ,-5 ,1 ,-6 | 11
0 ,2 ,3 ,1 ,2 ,3 ,0 | 8
0 ,-1 ,-1 ,-5 ,2 ,-3 ,-1 | 9
0 ,-4 ,-2 ,7 ,7 ,1 ,0 | 3
0 ,3 ,-3 ,4 ,2 ,1 ,10 | 3
0 ,0 ,0 ,3 ,10 ,-6 ,10 | -4
6 ,2 ,5 ,-3 ,-3 ,-4 ,-2 | 18

R7 --> R7 - 3*R1

2 ,1 ,3 ,0 ,-5 ,1 ,-6 | 11
0 ,2 ,3 ,1 ,2 ,3 ,0 | 8
0 ,-1 ,-1 ,-5 ,2 ,-3 ,-1 | 9
0 ,-4 ,-2 ,7 ,7 ,1 ,0 | 3
0 ,3 ,-3 ,4 ,2 ,1 ,10 | 3
0 ,0 ,0 ,3 ,10 ,-6 ,10 | -4
0 ,-1 ,-4 ,-3 ,12 ,-7 ,16 | -15

R1 --> R1 - 0.5*R2

2 ,0 ,1.5 ,-0.5 ,-6 ,-0.5 ,-6 | 7
0 ,2 ,3 ,1 ,2 ,3 ,0 | 8
0 ,-1 ,-1 ,-5 ,2 ,-3 ,-1 | 9
0 ,-4 ,-2 ,7 ,7 ,1 ,0 | 3
0 ,3 ,-3 ,4 ,2 ,1 ,10 | 3
0 ,0 ,0 ,3 ,10 ,-6 ,10 | -4
0 ,-1 ,-4 ,-3 ,12 ,-7 ,16 | -15

R3 --> R3 + 0.5*R2

2 ,0 ,1.5 ,-0.5 ,-6 ,-0.5 ,-6 | 7
0 ,2 ,3 ,1 ,2 ,3 ,0 | 8
0 ,0 ,0.5 ,-4.5 ,3 ,-1.5 ,-1 | 13
0 ,-4 ,-2 ,7 ,7 ,1 ,0 | 3
0 ,3 ,-3 ,4 ,2 ,1 ,10 | 3
0 ,0 ,0 ,3 ,10 ,-6 ,10 | -4
0 ,-1 ,-4 ,-3 ,12 ,-7 ,16 | -15

R4 --> R4 + 2*R2

2 ,0 ,1.5 ,-0.5 ,-6 ,-0.5 ,-6 | 7
0 ,2 ,3 ,1 ,2 ,3 ,0 | 8
0 ,0 ,0.5 ,-4.5 ,3 ,-1.5 ,-1 | 13
0 ,0 ,4 ,9 ,11 ,7 ,0 | 19
0 ,3 ,-3 ,4 ,2 ,1 ,10 | 3
0 ,0 ,0 ,3 ,10 ,-6 ,10 | -4
0 ,-1 ,-4 ,-3 ,12 ,-7 ,16 | -15

R5 --> R5 - 1.5*R2

2 ,0 ,1.5 ,-0.5 ,-6 ,-0.5 ,-6 | 7
0 ,2 ,3 ,1 ,2 ,3 ,0 | 8
0 ,0 ,0.5 ,-4.5 ,3 ,-1.5 ,-1 | 13
0 ,0 ,4 ,9 ,11 ,7 ,0 | 19
0 ,0 ,-7.5 ,2.5 ,-1 ,-3.5 ,10 | -9
0 ,0 ,0 ,3 ,10 ,-6 ,10 | -4
0 ,-1 ,-4 ,-3 ,12 ,-7 ,16 | -15

R7 --> R7 + 0.5*R2

2 ,0 ,1.5 ,-0.5 ,-6 ,-0.5 ,-6 | 7
0 ,2 ,3 ,1 ,2 ,3 ,0 | 8
0 ,0 ,0.5 ,-4.5 ,3 ,-1.5 ,-1 | 13
0 ,0 ,4 ,9 ,11 ,7 ,0 | 19
0 ,0 ,-7.5 ,2.5 ,-1 ,-3.5 ,10 | -9
0 ,0 ,0 ,3 ,10 ,-6 ,10 | -4
0 ,0 ,-2.5 ,-2.5 ,13 ,-5.5 ,16 | -11

R1 --> R1 - 3*R3

2 ,0 ,0 ,13 ,-15 ,4 ,-3 | -32
0 ,2 ,3 ,1 ,2 ,3 ,0 | 8
0 ,0 ,0.5 ,-4.5 ,3 ,-1.5 ,-1 | 13
0 ,0 ,4 ,9 ,11 ,7 ,0 | 19
0 ,0 ,-7.5 ,2.5 ,-1 ,-3.5 ,10 | -9
0 ,0 ,0 ,3 ,10 ,-6 ,10 | -4
0 ,0 ,-2.5 ,-2.5 ,13 ,-5.5 ,16 | -11

R2 --> R2 - 6*R3

2 ,0 ,0 ,13 ,-15 ,4 ,-3 | -32
0 ,2 ,0 ,28 ,-16 ,12 ,6 | -70
0 ,0 ,0.5 ,-4.5 ,3 ,-1.5 ,-1 | 13
0 ,0 ,4 ,9 ,11 ,7 ,0 | 19
0 ,0 ,-7.5 ,2.5 ,-1 ,-3.5 ,10 | -9
0 ,0 ,0 ,3 ,10 ,-6 ,10 | -4
0 ,0 ,-2.5 ,-2.5 ,13 ,-5.5 ,16 | -11

R4 --> R4 - 8*R3

2 ,0 ,0 ,13 ,-15 ,4 ,-3 | -32
0 ,2 ,0 ,28 ,-16 ,12 ,6 | -70
0 ,0 ,0.5 ,-4.5 ,3 ,-1.5 ,-1 | 13
0 ,0 ,0 ,45 ,-13 ,19 ,8 | -85
0 ,0 ,-7.5 ,2.5 ,-1 ,-3.5 ,10 | -9
0 ,0 ,0 ,3 ,10 ,-6 ,10 | -4
0 ,0 ,-2.5 ,-2.5 ,13 ,-5.5 ,16 | -11

R5 --> R5 + 15*R3

2 ,0 ,0 ,13 ,-15 ,4 ,-3 | -32
0 ,2 ,0 ,28 ,-16 ,12 ,6 | -70
0 ,0 ,0.5 ,-4.5 ,3 ,-1.5 ,-1 | 13
0 ,0 ,0 ,45 ,-13 ,19 ,8 | -85
0 ,0 ,0 ,-65 ,44 ,-26 ,-5 | 186
0 ,0 ,0 ,3 ,10 ,-6 ,10 | -4
0 ,0 ,-2.5 ,-2.5 ,13 ,-5.5 ,16 | -11

R7 --> R7 + 5*R3

2 ,0 ,0 ,13 ,-15 ,4 ,-3 | -32
0 ,2 ,0 ,28 ,-16 ,12 ,6 | -70
0 ,0 ,0.5 ,-4.5 ,3 ,-1.5 ,-1 | 13
0 ,0 ,0 ,45 ,-13 ,19 ,8 | -85
0 ,0 ,0 ,-65 ,44 ,-26 ,-5 | 186
0 ,0 ,0 ,3 ,10 ,-6 ,10 | -4
0 ,0 ,0 ,-25 ,28 ,-13 ,11 | 54

R1 --> R1 - 0.289*R4

2 ,0 ,0 ,0 ,-11.244 ,-1.489 ,-5.311 | -7.444
0 ,2 ,0 ,28 ,-16 ,12 ,6 | -70
0 ,0 ,0.5 ,-4.5 ,3 ,-1.5 ,-1 | 13
0 ,0 ,0 ,45 ,-13 ,19 ,8 | -85
0 ,0 ,0 ,-65 ,44 ,-26 ,-5 | 186
0 ,0 ,0 ,3 ,10 ,-6 ,10 | -4
0 ,0 ,0 ,-25 ,28 ,-13 ,11 | 54

R2 --> R2 - 0.622*R4

2 ,0 ,0 ,0 ,-11.244 ,-1.489 ,-5.311 | -7.444
0 ,2 ,0 ,0 ,-7.911 ,0.178 ,1.022 | -17.111
0 ,0 ,0.5 ,-4.5 ,3 ,-1.5 ,-1 | 13
0 ,0 ,0 ,45 ,-13 ,19 ,8 | -85
0 ,0 ,0 ,-65 ,44 ,-26 ,-5 | 186
0 ,0 ,0 ,3 ,10 ,-6 ,10 | -4
0 ,0 ,0 ,-25 ,28 ,-13 ,11 | 54

R3 --> R3 + 0.1*R4

2 ,0 ,0 ,0 ,-11.244 ,-1.489 ,-5.311 | -7.444
0 ,2 ,0 ,0 ,-7.911 ,0.178 ,1.022 | -17.111
0 ,0 ,0.5 ,0 ,1.7 ,0.4 ,-0.2 | 4.5
0 ,0 ,0 ,45 ,-13 ,19 ,8 | -85
0 ,0 ,0 ,-65 ,44 ,-26 ,-5 | 186
0 ,0 ,0 ,3 ,10 ,-6 ,10 | -4
0 ,0 ,0 ,-25 ,28 ,-13 ,11 | 54

R5 --> R5 + 1.444*R4

2 ,0 ,0 ,0 ,-11.244 ,-1.489 ,-5.311 | -7.444
0 ,2 ,0 ,0 ,-7.911 ,0.178 ,1.022 | -17.111
0 ,0 ,0.5 ,0 ,1.7 ,0.4 ,-0.2 | 4.5
0 ,0 ,0 ,45 ,-13 ,19 ,8 | -85
0 ,0 ,0 ,0 ,25.222 ,1.444 ,6.556 | 63.222
0 ,0 ,0 ,3 ,10 ,-6 ,10 | -4
0 ,0 ,0 ,-25 ,28 ,-13 ,11 | 54

R6 --> R6 - 0.067*R4

2 ,0 ,0 ,0 ,-11.244 ,-1.489 ,-5.311 | -7.444
0 ,2 ,0 ,0 ,-7.911 ,0.178 ,1.022 | -17.111
0 ,0 ,0.5 ,0 ,1.7 ,0.4 ,-0.2 | 4.5
0 ,0 ,0 ,45 ,-13 ,19 ,8 | -85
0 ,0 ,0 ,0 ,25.222 ,1.444 ,6.556 | 63.222
0 ,0 ,0 ,0 ,10.867 ,-7.267 ,9.467 | 1.667
0 ,0 ,0 ,-25 ,28 ,-13 ,11 | 54

R7 --> R7 + 0.556*R4

2 ,0 ,0 ,0 ,-11.244 ,-1.489 ,-5.311 | -7.444
0 ,2 ,0 ,0 ,-7.911 ,0.178 ,1.022 | -17.111
0 ,0 ,0.5 ,0 ,1.7 ,0.4 ,-0.2 | 4.5
0 ,0 ,0 ,45 ,-13 ,19 ,8 | -85
0 ,0 ,0 ,0 ,25.222 ,1.444 ,6.556 | 63.222
0 ,0 ,0 ,0 ,10.867 ,-7.267 ,9.467 | 1.667
0 ,0 ,0 ,0 ,20.778 ,-2.444 ,15.444 | 6.778

R1 --> R1 + 0.446*R5

2 ,0 ,0 ,0 ,0 ,-0.845 ,-2.389 | 20.741
0 ,2 ,0 ,0 ,-7.911 ,0.178 ,1.022 | -17.111
0 ,0 ,0.5 ,0 ,1.7 ,0.4 ,-0.2 | 4.5
0 ,0 ,0 ,45 ,-13 ,19 ,8 | -85
0 ,0 ,0 ,0 ,25.222 ,1.444 ,6.556 | 63.222
0 ,0 ,0 ,0 ,10.867 ,-7.267 ,9.467 | 1.667
0 ,0 ,0 ,0 ,20.778 ,-2.444 ,15.444 | 6.778

R2 --> R2 + 0.314*R5

2 ,0 ,0 ,0 ,0 ,-0.845 ,-2.389 | 20.741
0 ,2 ,0 ,0 ,0 ,0.631 ,3.078 | 2.719
0 ,0 ,0.5 ,0 ,1.7 ,0.4 ,-0.2 | 4.5
0 ,0 ,0 ,45 ,-13 ,19 ,8 | -85
0 ,0 ,0 ,0 ,25.222 ,1.444 ,6.556 | 63.222
0 ,0 ,0 ,0 ,10.867 ,-7.267 ,9.467 | 1.667
0 ,0 ,0 ,0 ,20.778 ,-2.444 ,15.444 | 6.778

R3 --> R3 - 0.067*R5

2 ,0 ,0 ,0 ,0 ,-0.845 ,-2.389 | 20.741
0 ,2 ,0 ,0 ,0 ,0.631 ,3.078 | 2.719
0 ,0 ,0.5 ,0 ,0 ,0.303 ,-0.642 | 0.239
0 ,0 ,0 ,45 ,-13 ,19 ,8 | -85
0 ,0 ,0 ,0 ,25.222 ,1.444 ,6.556 | 63.222
0 ,0 ,0 ,0 ,10.867 ,-7.267 ,9.467 | 1.667
0 ,0 ,0 ,0 ,20.778 ,-2.444 ,15.444 | 6.778

R4 --> R4 + 0.515*R5

2 ,0 ,0 ,0 ,0 ,-0.845 ,-2.389 | 20.741
0 ,2 ,0 ,0 ,0 ,0.631 ,3.078 | 2.719
0 ,0 ,0.5 ,0 ,0 ,0.303 ,-0.642 | 0.239
0 ,0 ,0 ,45 ,0 ,19.744 ,11.379 | -52.414
0 ,0 ,0 ,0 ,25.222 ,1.444 ,6.556 | 63.222
0 ,0 ,0 ,0 ,10.867 ,-7.267 ,9.467 | 1.667
0 ,0 ,0 ,0 ,20.778 ,-2.444 ,15.444 | 6.778

R6 --> R6 - 0.431*R5

2 ,0 ,0 ,0 ,0 ,-0.845 ,-2.389 | 20.741
0 ,2 ,0 ,0 ,0 ,0.631 ,3.078 | 2.719
0 ,0 ,0.5 ,0 ,0 ,0.303 ,-0.642 | 0.239
0 ,0 ,0 ,45 ,0 ,19.744 ,11.379 | -52.414
0 ,0 ,0 ,0 ,25.222 ,1.444 ,6.556 | 63.222
0 ,0 ,0 ,0 ,0 ,-7.889 ,6.642 | -25.572
0 ,0 ,0 ,0 ,20.778 ,-2.444 ,15.444 | 6.778

R7 --> R7 - 0.824*R5

2 ,0 ,0 ,0 ,0 ,-0.845 ,-2.389 | 20.741
0 ,2 ,0 ,0 ,0 ,0.631 ,3.078 | 2.719
0 ,0 ,0.5 ,0 ,0 ,0.303 ,-0.642 | 0.239
0 ,0 ,0 ,45 ,0 ,19.744 ,11.379 | -52.414
0 ,0 ,0 ,0 ,25.222 ,1.444 ,6.556 | 63.222
0 ,0 ,0 ,0 ,0 ,-7.889 ,6.642 | -25.572
0 ,0 ,0 ,0 ,0 ,-3.634 ,10.044 | -45.304

R1 --> R1 - 0.107*R6

2 ,0 ,0 ,0 ,0 ,0 ,-3.1 | 23.48
0 ,2 ,0 ,0 ,0 ,0.631 ,3.078 | 2.719
0 ,0 ,0.5 ,0 ,0 ,0.303 ,-0.642 | 0.239
0 ,0 ,0 ,45 ,0 ,19.744 ,11.379 | -52.414
0 ,0 ,0 ,0 ,25.222 ,1.444 ,6.556 | 63.222
0 ,0 ,0 ,0 ,0 ,-7.889 ,6.642 | -25.572
0 ,0 ,0 ,0 ,0 ,-3.634 ,10.044 | -45.304

R2 --> R2 + 0.08*R6

2 ,0 ,0 ,0 ,0 ,0 ,-3.1 | 23.48
0 ,2 ,0 ,0 ,0 ,0 ,3.61 | 0.674
0 ,0 ,0.5 ,0 ,0 ,0.303 ,-0.642 | 0.239
0 ,0 ,0 ,45 ,0 ,19.744 ,11.379 | -52.414
0 ,0 ,0 ,0 ,25.222 ,1.444 ,6.556 | 63.222
0 ,0 ,0 ,0 ,0 ,-7.889 ,6.642 | -25.572
0 ,0 ,0 ,0 ,0 ,-3.634 ,10.044 | -45.304

R3 --> R3 + 0.038*R6

2 ,0 ,0 ,0 ,0 ,0 ,-3.1 | 23.48
0 ,2 ,0 ,0 ,0 ,0 ,3.61 | 0.674
0 ,0 ,0.5 ,0 ,0 ,0 ,-0.387 | -0.742
0 ,0 ,0 ,45 ,0 ,19.744 ,11.379 | -52.414
0 ,0 ,0 ,0 ,25.222 ,1.444 ,6.556 | 63.222
0 ,0 ,0 ,0 ,0 ,-7.889 ,6.642 | -25.572
0 ,0 ,0 ,0 ,0 ,-3.634 ,10.044 | -45.304

R4 --> R4 + 2.503*R6

2 ,0 ,0 ,0 ,0 ,0 ,-3.1 | 23.48
0 ,2 ,0 ,0 ,0 ,0 ,3.61 | 0.674
0 ,0 ,0.5 ,0 ,0 ,0 ,-0.387 | -0.742
0 ,0 ,0 ,45 ,0 ,0 ,28.003 | -116.415
0 ,0 ,0 ,0 ,25.222 ,1.444 ,6.556 | 63.222
0 ,0 ,0 ,0 ,0 ,-7.889 ,6.642 | -25.572
0 ,0 ,0 ,0 ,0 ,-3.634 ,10.044 | -45.304

R5 --> R5 + 0.183*R6

2 ,0 ,0 ,0 ,0 ,0 ,-3.1 | 23.48
0 ,2 ,0 ,0 ,0 ,0 ,3.61 | 0.674
0 ,0 ,0.5 ,0 ,0 ,0 ,-0.387 | -0.742
0 ,0 ,0 ,45 ,0 ,0 ,28.003 | -116.415
0 ,0 ,0 ,0 ,25.222 ,0 ,7.772 | 58.54
0 ,0 ,0 ,0 ,0 ,-7.889 ,6.642 | -25.572
0 ,0 ,0 ,0 ,0 ,-3.634 ,10.044 | -45.304

R7 --> R7 - 0.461*R6

2 ,0 ,0 ,0 ,0 ,0 ,-3.1 | 23.48
0 ,2 ,0 ,0 ,0 ,0 ,3.61 | 0.674
0 ,0 ,0.5 ,0 ,0 ,0 ,-0.387 | -0.742
0 ,0 ,0 ,45 ,0 ,0 ,28.003 | -116.415
0 ,0 ,0 ,0 ,25.222 ,0 ,7.772 | 58.54
0 ,0 ,0 ,0 ,0 ,-7.889 ,6.642 | -25.572
0 ,0 ,0 ,0 ,0 ,0 ,6.984 | -33.523

R7 --> 0.143*R7

2 ,0 ,0 ,0 ,0 ,0 ,-3.1 | 23.48
0 ,2 ,0 ,0 ,0 ,0 ,3.61 | 0.674
0 ,0 ,0.5 ,0 ,0 ,0 ,-0.387 | -0.742
0 ,0 ,0 ,45 ,0 ,0 ,28.003 | -116.415
0 ,0 ,0 ,0 ,25.222 ,0 ,7.772 | 58.54
0 ,0 ,0 ,0 ,0 ,-7.889 ,6.642 | -25.572
0 ,0 ,0 ,0 ,0 ,0 ,1 | -4.8

R1 --> R1 + 3.1*R7

2 ,0 ,0 ,0 ,0 ,0 ,0 | 8.6
0 ,2 ,0 ,0 ,0 ,0 ,3.61 | 0.674
0 ,0 ,0.5 ,0 ,0 ,0 ,-0.387 | -0.742
0 ,0 ,0 ,45 ,0 ,0 ,28.003 | -116.415
0 ,0 ,0 ,0 ,25.222 ,0 ,7.772 | 58.54
0 ,0 ,0 ,0 ,0 ,-7.889 ,6.642 | -25.572
0 ,0 ,0 ,0 ,0 ,0 ,1 | -4.8

R1 --> 0.5*R1

1 ,0 ,0 ,0 ,0 ,0 ,0 | 4.3
0 ,2 ,0 ,0 ,0 ,0 ,3.61 | 0.674
0 ,0 ,0.5 ,0 ,0 ,0 ,-0.387 | -0.742
0 ,0 ,0 ,45 ,0 ,0 ,28.003 | -116.415
0 ,0 ,0 ,0 ,25.222 ,0 ,7.772 | 58.54
0 ,0 ,0 ,0 ,0 ,-7.889 ,6.642 | -25.572
0 ,0 ,0 ,0 ,0 ,0 ,1 | -4.8

R2 --> R2 - 3.61*R7

1 ,0 ,0 ,0 ,0 ,0 ,0 | 4.3
0 ,2 ,0 ,0 ,0 ,0 ,0 | 18
0 ,0 ,0.5 ,0 ,0 ,0 ,-0.387 | -0.742
0 ,0 ,0 ,45 ,0 ,0 ,28.003 | -116.415
0 ,0 ,0 ,0 ,25.222 ,0 ,7.772 | 58.54
0 ,0 ,0 ,0 ,0 ,-7.889 ,6.642 | -25.572
0 ,0 ,0 ,0 ,0 ,0 ,1 | -4.8

R2 --> 0.5*R2

1 ,0 ,0 ,0 ,0 ,0 ,0 | 4.3
0 ,1 ,0 ,0 ,0 ,0 ,0 | 9
0 ,0 ,0.5 ,0 ,0 ,0 ,-0.387 | -0.742
0 ,0 ,0 ,45 ,0 ,0 ,28.003 | -116.415
0 ,0 ,0 ,0 ,25.222 ,0 ,7.772 | 58.54
0 ,0 ,0 ,0 ,0 ,-7.889 ,6.642 | -25.572
0 ,0 ,0 ,0 ,0 ,0 ,1 | -4.8

R3 --> R3 + 0.387*R7

1 ,0 ,0 ,0 ,0 ,0 ,0 | 4.3
0 ,1 ,0 ,0 ,0 ,0 ,0 | 9
0 ,0 ,0.5 ,0 ,0 ,0 ,0 | -2.6
0 ,0 ,0 ,45 ,0 ,0 ,28.003 | -116.415
0 ,0 ,0 ,0 ,25.222 ,0 ,7.772 | 58.54
0 ,0 ,0 ,0 ,0 ,-7.889 ,6.642 | -25.572
0 ,0 ,0 ,0 ,0 ,0 ,1 | -4.8

R3 --> 2*R3

1 ,0 ,0 ,0 ,0 ,0 ,0 | 4.3
0 ,1 ,0 ,0 ,0 ,0 ,0 | 9
0 ,0 ,1 ,0 ,0 ,0 ,0 | -5.2
0 ,0 ,0 ,45 ,0 ,0 ,28.003 | -116.415
0 ,0 ,0 ,0 ,25.222 ,0 ,7.772 | 58.54
0 ,0 ,0 ,0 ,0 ,-7.889 ,6.642 | -25.572
0 ,0 ,0 ,0 ,0 ,0 ,1 | -4.8

R4 --> R4 - 28.003*R7

1 ,0 ,0 ,0 ,0 ,0 ,0 | 4.3
0 ,1 ,0 ,0 ,0 ,0 ,0 | 9
0 ,0 ,1 ,0 ,0 ,0 ,0 | -5.2
0 ,0 ,0 ,45 ,0 ,0 ,0 | 18
0 ,0 ,0 ,0 ,25.222 ,0 ,7.772 | 58.54
0 ,0 ,0 ,0 ,0 ,-7.889 ,6.642 | -25.572
0 ,0 ,0 ,0 ,0 ,0 ,1 | -4.8

R4 --> 0.022*R4

1 ,0 ,0 ,0 ,0 ,0 ,0 | 4.3
0 ,1 ,0 ,0 ,0 ,0 ,0 | 9
0 ,0 ,1 ,0 ,0 ,0 ,0 | -5.2
0 ,0 ,0 ,1 ,0 ,0 ,0 | 0.4
0 ,0 ,0 ,0 ,25.222 ,0 ,7.772 | 58.54
0 ,0 ,0 ,0 ,0 ,-7.889 ,6.642 | -25.572
0 ,0 ,0 ,0 ,0 ,0 ,1 | -4.8

R5 --> R5 - 7.772*R7

1 ,0 ,0 ,0 ,0 ,0 ,0 | 4.3
0 ,1 ,0 ,0 ,0 ,0 ,0 | 9
0 ,0 ,1 ,0 ,0 ,0 ,0 | -5.2
0 ,0 ,0 ,1 ,0 ,0 ,0 | 0.4
0 ,0 ,0 ,0 ,25.222 ,0 ,0 | 95.844
0 ,0 ,0 ,0 ,0 ,-7.889 ,6.642 | -25.572
0 ,0 ,0 ,0 ,0 ,0 ,1 | -4.8

R5 --> 0.04*R5

1 ,0 ,0 ,0 ,0 ,0 ,0 | 4.3
0 ,1 ,0 ,0 ,0 ,0 ,0 | 9
0 ,0 ,1 ,0 ,0 ,0 ,0 | -5.2
0 ,0 ,0 ,1 ,0 ,0 ,0 | 0.4
0 ,0 ,0 ,0 ,1 ,0 ,0 | 3.8
0 ,0 ,0 ,0 ,0 ,-7.889 ,6.642 | -25.572
0 ,0 ,0 ,0 ,0 ,0 ,1 | -4.8

R6 --> R6 - 6.642*R7

1 ,0 ,0 ,0 ,0 ,0 ,0 | 4.3
0 ,1 ,0 ,0 ,0 ,0 ,0 | 9
0 ,0 ,1 ,0 ,0 ,0 ,0 | -5.2
0 ,0 ,0 ,1 ,0 ,0 ,0 | 0.4
0 ,0 ,0 ,0 ,1 ,0 ,0 | 3.8
0 ,0 ,0 ,0 ,0 ,-7.889 ,0 | 6.311
0 ,0 ,0 ,0 ,0 ,0 ,1 | -4.8

R6 --> -0.127*R6

1 ,0 ,0 ,0 ,0 ,0 ,0 | 4.3
0 ,1 ,0 ,0 ,0 ,0 ,0 | 9
0 ,0 ,1 ,0 ,0 ,0 ,0 | -5.2
0 ,0 ,0 ,1 ,0 ,0 ,0 | 0.4
0 ,0 ,0 ,0 ,1 ,0 ,0 | 3.8
0 ,0 ,0 ,0 ,0 ,1 ,0 | -0.8
0 ,0 ,0 ,0 ,0 ,0 ,1 | -4.8

exist a single solution in R7 space for the system which is:
x = (4.3 ,9 ,-5.2 ,0.4 ,3.8 ,-0.8 ,-4.8)
