solve the next system in R7 space (7 equations)(7 unknowns):
eq1: + 7*x1 + 6*x2 + 4*x3 + 2*x4 - 2*x5 - 7*x6 + 5*x7  = -8
eq2:        - 3*x2 + 7*x3 - 7*x4 + 4*x5        - 7*x7  = -8
eq3: + 5*x1 - 3*x2 + 4*x3 - 5*x4        + 4*x6         = 10
eq4: + 4*x1 + 3*x2 - 5*x3        + 4*x5 - 2*x6 - 3*x7  = 14
eq5: + 6*x1 - 3*x2 + 6*x3 - 3*x4 - 4*x5 + 2*x6 + 5*x7  = 1
eq6: - 7*x1 +   x2 - 7*x3 + 6*x4 - 2*x5 + 3*x6 + 2*x7  = 8
eq7: + 6*x1 - 2*x2 - 5*x3 -   x4 - 3*x5 + 4*x6 - 2*x7  = 2

7 ,6 ,4 ,2 ,-2 ,-7 ,5 | -8
0 ,-3 ,7 ,-7 ,4 ,0 ,-7 | -8
5 ,-3 ,4 ,-5 ,0 ,4 ,0 | 10
4 ,3 ,-5 ,0 ,4 ,-2 ,-3 | 14
6 ,-3 ,6 ,-3 ,-4 ,2 ,5 | 1
-7 ,1 ,-7 ,6 ,-2 ,3 ,2 | 8
6 ,-2 ,-5 ,-1 ,-3 ,4 ,-2 | 2

implement the solution by elementary matrices method:
transform A matrix to I by an elementary matrices:
R3 --> R3 - 0.714*R1

7 ,6 ,4 ,2 ,-2 ,-7 ,5 | -8
0 ,-3 ,7 ,-7 ,4 ,0 ,-7 | -8
0 ,-7.286 ,1.143 ,-6.429 ,1.429 ,9 ,-3.571 | 15.714
4 ,3 ,-5 ,0 ,4 ,-2 ,-3 | 14
6 ,-3 ,6 ,-3 ,-4 ,2 ,5 | 1
-7 ,1 ,-7 ,6 ,-2 ,3 ,2 | 8
6 ,-2 ,-5 ,-1 ,-3 ,4 ,-2 | 2

R4 --> R4 - 0.571*R1

7 ,6 ,4 ,2 ,-2 ,-7 ,5 | -8
0 ,-3 ,7 ,-7 ,4 ,0 ,-7 | -8
0 ,-7.286 ,1.143 ,-6.429 ,1.429 ,9 ,-3.571 | 15.714
0 ,-0.429 ,-7.286 ,-1.143 ,5.143 ,2 ,-5.857 | 18.571
6 ,-3 ,6 ,-3 ,-4 ,2 ,5 | 1
-7 ,1 ,-7 ,6 ,-2 ,3 ,2 | 8
6 ,-2 ,-5 ,-1 ,-3 ,4 ,-2 | 2

R5 --> R5 - 0.857*R1

7 ,6 ,4 ,2 ,-2 ,-7 ,5 | -8
0 ,-3 ,7 ,-7 ,4 ,0 ,-7 | -8
0 ,-7.286 ,1.143 ,-6.429 ,1.429 ,9 ,-3.571 | 15.714
0 ,-0.429 ,-7.286 ,-1.143 ,5.143 ,2 ,-5.857 | 18.571
0 ,-8.143 ,2.571 ,-4.714 ,-2.286 ,8 ,0.714 | 7.857
-7 ,1 ,-7 ,6 ,-2 ,3 ,2 | 8
6 ,-2 ,-5 ,-1 ,-3 ,4 ,-2 | 2

R6 --> R6 + R1

7 ,6 ,4 ,2 ,-2 ,-7 ,5 | -8
0 ,-3 ,7 ,-7 ,4 ,0 ,-7 | -8
0 ,-7.286 ,1.143 ,-6.429 ,1.429 ,9 ,-3.571 | 15.714
0 ,-0.429 ,-7.286 ,-1.143 ,5.143 ,2 ,-5.857 | 18.571
0 ,-8.143 ,2.571 ,-4.714 ,-2.286 ,8 ,0.714 | 7.857
0 ,7 ,-3 ,8 ,-4 ,-4 ,7 | 0
6 ,-2 ,-5 ,-1 ,-3 ,4 ,-2 | 2

R7 --> R7 - 0.857*R1

7 ,6 ,4 ,2 ,-2 ,-7 ,5 | -8
0 ,-3 ,7 ,-7 ,4 ,0 ,-7 | -8
0 ,-7.286 ,1.143 ,-6.429 ,1.429 ,9 ,-3.571 | 15.714
0 ,-0.429 ,-7.286 ,-1.143 ,5.143 ,2 ,-5.857 | 18.571
0 ,-8.143 ,2.571 ,-4.714 ,-2.286 ,8 ,0.714 | 7.857
0 ,7 ,-3 ,8 ,-4 ,-4 ,7 | 0
0 ,-7.143 ,-8.429 ,-2.714 ,-1.286 ,10 ,-6.286 | 8.857

R1 --> R1 + 2*R2

7 ,0 ,18 ,-12 ,6 ,-7 ,-9 | -24
0 ,-3 ,7 ,-7 ,4 ,0 ,-7 | -8
0 ,-7.286 ,1.143 ,-6.429 ,1.429 ,9 ,-3.571 | 15.714
0 ,-0.429 ,-7.286 ,-1.143 ,5.143 ,2 ,-5.857 | 18.571
0 ,-8.143 ,2.571 ,-4.714 ,-2.286 ,8 ,0.714 | 7.857
0 ,7 ,-3 ,8 ,-4 ,-4 ,7 | 0
0 ,-7.143 ,-8.429 ,-2.714 ,-1.286 ,10 ,-6.286 | 8.857

R3 --> R3 - 2.429*R2

7 ,0 ,18 ,-12 ,6 ,-7 ,-9 | -24
0 ,-3 ,7 ,-7 ,4 ,0 ,-7 | -8
0 ,0 ,-15.857 ,10.571 ,-8.286 ,9 ,13.429 | 35.143
0 ,-0.429 ,-7.286 ,-1.143 ,5.143 ,2 ,-5.857 | 18.571
0 ,-8.143 ,2.571 ,-4.714 ,-2.286 ,8 ,0.714 | 7.857
0 ,7 ,-3 ,8 ,-4 ,-4 ,7 | 0
0 ,-7.143 ,-8.429 ,-2.714 ,-1.286 ,10 ,-6.286 | 8.857

R4 --> R4 - 0.143*R2

7 ,0 ,18 ,-12 ,6 ,-7 ,-9 | -24
0 ,-3 ,7 ,-7 ,4 ,0 ,-7 | -8
0 ,0 ,-15.857 ,10.571 ,-8.286 ,9 ,13.429 | 35.143
0 ,0 ,-8.286 ,-0.143 ,4.571 ,2 ,-4.857 | 19.714
0 ,-8.143 ,2.571 ,-4.714 ,-2.286 ,8 ,0.714 | 7.857
0 ,7 ,-3 ,8 ,-4 ,-4 ,7 | 0
0 ,-7.143 ,-8.429 ,-2.714 ,-1.286 ,10 ,-6.286 | 8.857

R5 --> R5 - 2.714*R2

7 ,0 ,18 ,-12 ,6 ,-7 ,-9 | -24
0 ,-3 ,7 ,-7 ,4 ,0 ,-7 | -8
0 ,0 ,-15.857 ,10.571 ,-8.286 ,9 ,13.429 | 35.143
0 ,0 ,-8.286 ,-0.143 ,4.571 ,2 ,-4.857 | 19.714
0 ,0 ,-16.429 ,14.286 ,-13.143 ,8 ,19.714 | 29.571
0 ,7 ,-3 ,8 ,-4 ,-4 ,7 | 0
0 ,-7.143 ,-8.429 ,-2.714 ,-1.286 ,10 ,-6.286 | 8.857

R6 --> R6 + 2.333*R2

7 ,0 ,18 ,-12 ,6 ,-7 ,-9 | -24
0 ,-3 ,7 ,-7 ,4 ,0 ,-7 | -8
0 ,0 ,-15.857 ,10.571 ,-8.286 ,9 ,13.429 | 35.143
0 ,0 ,-8.286 ,-0.143 ,4.571 ,2 ,-4.857 | 19.714
0 ,0 ,-16.429 ,14.286 ,-13.143 ,8 ,19.714 | 29.571
0 ,0 ,13.333 ,-8.333 ,5.333 ,-4 ,-9.333 | -18.667
0 ,-7.143 ,-8.429 ,-2.714 ,-1.286 ,10 ,-6.286 | 8.857

R7 --> R7 - 2.381*R2

7 ,0 ,18 ,-12 ,6 ,-7 ,-9 | -24
0 ,-3 ,7 ,-7 ,4 ,0 ,-7 | -8
0 ,0 ,-15.857 ,10.571 ,-8.286 ,9 ,13.429 | 35.143
0 ,0 ,-8.286 ,-0.143 ,4.571 ,2 ,-4.857 | 19.714
0 ,0 ,-16.429 ,14.286 ,-13.143 ,8 ,19.714 | 29.571
0 ,0 ,13.333 ,-8.333 ,5.333 ,-4 ,-9.333 | -18.667
0 ,0 ,-25.095 ,13.952 ,-10.81 ,10 ,10.381 | 27.905

R1 --> R1 + 1.135*R3

7 ,0 ,0 ,0 ,-3.405 ,3.216 ,6.243 | 15.892
0 ,-3 ,7 ,-7 ,4 ,0 ,-7 | -8
0 ,0 ,-15.857 ,10.571 ,-8.286 ,9 ,13.429 | 35.143
0 ,0 ,-8.286 ,-0.143 ,4.571 ,2 ,-4.857 | 19.714
0 ,0 ,-16.429 ,14.286 ,-13.143 ,8 ,19.714 | 29.571
0 ,0 ,13.333 ,-8.333 ,5.333 ,-4 ,-9.333 | -18.667
0 ,0 ,-25.095 ,13.952 ,-10.81 ,10 ,10.381 | 27.905

R2 --> R2 + 0.441*R3

7 ,0 ,0 ,0 ,-3.405 ,3.216 ,6.243 | 15.892
0 ,-3 ,0 ,-2.333 ,0.342 ,3.973 ,-1.072 | 7.514
0 ,0 ,-15.857 ,10.571 ,-8.286 ,9 ,13.429 | 35.143
0 ,0 ,-8.286 ,-0.143 ,4.571 ,2 ,-4.857 | 19.714
0 ,0 ,-16.429 ,14.286 ,-13.143 ,8 ,19.714 | 29.571
0 ,0 ,13.333 ,-8.333 ,5.333 ,-4 ,-9.333 | -18.667
0 ,0 ,-25.095 ,13.952 ,-10.81 ,10 ,10.381 | 27.905

R4 --> R4 - 0.523*R3

7 ,0 ,0 ,0 ,-3.405 ,3.216 ,6.243 | 15.892
0 ,-3 ,0 ,-2.333 ,0.342 ,3.973 ,-1.072 | 7.514
0 ,0 ,-15.857 ,10.571 ,-8.286 ,9 ,13.429 | 35.143
0 ,0 ,0 ,-5.667 ,8.901 ,-2.703 ,-11.874 | 1.351
0 ,0 ,-16.429 ,14.286 ,-13.143 ,8 ,19.714 | 29.571
0 ,0 ,13.333 ,-8.333 ,5.333 ,-4 ,-9.333 | -18.667
0 ,0 ,-25.095 ,13.952 ,-10.81 ,10 ,10.381 | 27.905

R5 --> R5 - 1.036*R3

7 ,0 ,0 ,0 ,-3.405 ,3.216 ,6.243 | 15.892
0 ,-3 ,0 ,-2.333 ,0.342 ,3.973 ,-1.072 | 7.514
0 ,0 ,-15.857 ,10.571 ,-8.286 ,9 ,13.429 | 35.143
0 ,0 ,0 ,-5.667 ,8.901 ,-2.703 ,-11.874 | 1.351
0 ,0 ,0 ,3.333 ,-4.559 ,-1.324 ,5.802 | -6.838
0 ,0 ,13.333 ,-8.333 ,5.333 ,-4 ,-9.333 | -18.667
0 ,0 ,-25.095 ,13.952 ,-10.81 ,10 ,10.381 | 27.905

R6 --> R6 + 0.841*R3

7 ,0 ,0 ,0 ,-3.405 ,3.216 ,6.243 | 15.892
0 ,-3 ,0 ,-2.333 ,0.342 ,3.973 ,-1.072 | 7.514
0 ,0 ,-15.857 ,10.571 ,-8.286 ,9 ,13.429 | 35.143
0 ,0 ,0 ,-5.667 ,8.901 ,-2.703 ,-11.874 | 1.351
0 ,0 ,0 ,3.333 ,-4.559 ,-1.324 ,5.802 | -6.838
0 ,0 ,0 ,0.556 ,-1.634 ,3.568 ,1.958 | 10.883
0 ,0 ,-25.095 ,13.952 ,-10.81 ,10 ,10.381 | 27.905

R7 --> R7 - 1.583*R3

7 ,0 ,0 ,0 ,-3.405 ,3.216 ,6.243 | 15.892
0 ,-3 ,0 ,-2.333 ,0.342 ,3.973 ,-1.072 | 7.514
0 ,0 ,-15.857 ,10.571 ,-8.286 ,9 ,13.429 | 35.143
0 ,0 ,0 ,-5.667 ,8.901 ,-2.703 ,-11.874 | 1.351
0 ,0 ,0 ,3.333 ,-4.559 ,-1.324 ,5.802 | -6.838
0 ,0 ,0 ,0.556 ,-1.634 ,3.568 ,1.958 | 10.883
0 ,0 ,0 ,-2.778 ,2.303 ,-4.243 ,-10.871 | -27.712

R1 --> R1 + 0*R4

7 ,0 ,0 ,0 ,-3.405 ,3.216 ,6.243 | 15.892
0 ,-3 ,0 ,-2.333 ,0.342 ,3.973 ,-1.072 | 7.514
0 ,0 ,-15.857 ,10.571 ,-8.286 ,9 ,13.429 | 35.143
0 ,0 ,0 ,-5.667 ,8.901 ,-2.703 ,-11.874 | 1.351
0 ,0 ,0 ,3.333 ,-4.559 ,-1.324 ,5.802 | -6.838
0 ,0 ,0 ,0.556 ,-1.634 ,3.568 ,1.958 | 10.883
0 ,0 ,0 ,-2.778 ,2.303 ,-4.243 ,-10.871 | -27.712

R2 --> R2 - 0.412*R4

7 ,0 ,0 ,0 ,-3.405 ,3.216 ,6.243 | 15.892
0 ,-3 ,0 ,0 ,-3.323 ,5.086 ,3.817 | 6.957
0 ,0 ,-15.857 ,10.571 ,-8.286 ,9 ,13.429 | 35.143
0 ,0 ,0 ,-5.667 ,8.901 ,-2.703 ,-11.874 | 1.351
0 ,0 ,0 ,3.333 ,-4.559 ,-1.324 ,5.802 | -6.838
0 ,0 ,0 ,0.556 ,-1.634 ,3.568 ,1.958 | 10.883
0 ,0 ,0 ,-2.778 ,2.303 ,-4.243 ,-10.871 | -27.712

R3 --> R3 + 1.866*R4

7 ,0 ,0 ,0 ,-3.405 ,3.216 ,6.243 | 15.892
0 ,-3 ,0 ,0 ,-3.323 ,5.086 ,3.817 | 6.957
0 ,0 ,-15.857 ,0 ,8.319 ,3.958 ,-8.723 | 37.664
0 ,0 ,0 ,-5.667 ,8.901 ,-2.703 ,-11.874 | 1.351
0 ,0 ,0 ,3.333 ,-4.559 ,-1.324 ,5.802 | -6.838
0 ,0 ,0 ,0.556 ,-1.634 ,3.568 ,1.958 | 10.883
0 ,0 ,0 ,-2.778 ,2.303 ,-4.243 ,-10.871 | -27.712

R5 --> R5 + 0.588*R4

7 ,0 ,0 ,0 ,-3.405 ,3.216 ,6.243 | 15.892
0 ,-3 ,0 ,0 ,-3.323 ,5.086 ,3.817 | 6.957
0 ,0 ,-15.857 ,0 ,8.319 ,3.958 ,-8.723 | 37.664
0 ,0 ,0 ,-5.667 ,8.901 ,-2.703 ,-11.874 | 1.351
0 ,0 ,0 ,0 ,0.677 ,-2.914 ,-1.183 | -6.043
0 ,0 ,0 ,0.556 ,-1.634 ,3.568 ,1.958 | 10.883
0 ,0 ,0 ,-2.778 ,2.303 ,-4.243 ,-10.871 | -27.712

R6 --> R6 + 0.098*R4

7 ,0 ,0 ,0 ,-3.405 ,3.216 ,6.243 | 15.892
0 ,-3 ,0 ,0 ,-3.323 ,5.086 ,3.817 | 6.957
0 ,0 ,-15.857 ,0 ,8.319 ,3.958 ,-8.723 | 37.664
0 ,0 ,0 ,-5.667 ,8.901 ,-2.703 ,-11.874 | 1.351
0 ,0 ,0 ,0 ,0.677 ,-2.914 ,-1.183 | -6.043
0 ,0 ,0 ,0 ,-0.761 ,3.303 ,0.794 | 11.015
0 ,0 ,0 ,-2.778 ,2.303 ,-4.243 ,-10.871 | -27.712

R7 --> R7 - 0.49*R4

7 ,0 ,0 ,0 ,-3.405 ,3.216 ,6.243 | 15.892
0 ,-3 ,0 ,0 ,-3.323 ,5.086 ,3.817 | 6.957
0 ,0 ,-15.857 ,0 ,8.319 ,3.958 ,-8.723 | 37.664
0 ,0 ,0 ,-5.667 ,8.901 ,-2.703 ,-11.874 | 1.351
0 ,0 ,0 ,0 ,0.677 ,-2.914 ,-1.183 | -6.043
0 ,0 ,0 ,0 ,-0.761 ,3.303 ,0.794 | 11.015
0 ,0 ,0 ,0 ,-2.06 ,-2.918 ,-5.05 | -28.374

R1 --> R1 + 5.028*R5

7 ,0 ,0 ,0 ,0 ,-11.437 ,0.296 | -14.493
0 ,-3 ,0 ,0 ,-3.323 ,5.086 ,3.817 | 6.957
0 ,0 ,-15.857 ,0 ,8.319 ,3.958 ,-8.723 | 37.664
0 ,0 ,0 ,-5.667 ,8.901 ,-2.703 ,-11.874 | 1.351
0 ,0 ,0 ,0 ,0.677 ,-2.914 ,-1.183 | -6.043
0 ,0 ,0 ,0 ,-0.761 ,3.303 ,0.794 | 11.015
0 ,0 ,0 ,0 ,-2.06 ,-2.918 ,-5.05 | -28.374

R2 --> R2 + 4.906*R5

7 ,0 ,0 ,0 ,0 ,-11.437 ,0.296 | -14.493
0 ,-3 ,0 ,0 ,0 ,-9.211 ,-1.986 | -22.69
0 ,0 ,-15.857 ,0 ,8.319 ,3.958 ,-8.723 | 37.664
0 ,0 ,0 ,-5.667 ,8.901 ,-2.703 ,-11.874 | 1.351
0 ,0 ,0 ,0 ,0.677 ,-2.914 ,-1.183 | -6.043
0 ,0 ,0 ,0 ,-0.761 ,3.303 ,0.794 | 11.015
0 ,0 ,0 ,0 ,-2.06 ,-2.918 ,-5.05 | -28.374

R3 --> R3 - 12.284*R5

7 ,0 ,0 ,0 ,0 ,-11.437 ,0.296 | -14.493
0 ,-3 ,0 ,0 ,0 ,-9.211 ,-1.986 | -22.69
0 ,0 ,-15.857 ,0 ,0 ,39.754 ,5.807 | 111.893
0 ,0 ,0 ,-5.667 ,8.901 ,-2.703 ,-11.874 | 1.351
0 ,0 ,0 ,0 ,0.677 ,-2.914 ,-1.183 | -6.043
0 ,0 ,0 ,0 ,-0.761 ,3.303 ,0.794 | 11.015
0 ,0 ,0 ,0 ,-2.06 ,-2.918 ,-5.05 | -28.374

R4 --> R4 - 13.142*R5

7 ,0 ,0 ,0 ,0 ,-11.437 ,0.296 | -14.493
0 ,-3 ,0 ,0 ,0 ,-9.211 ,-1.986 | -22.69
0 ,0 ,-15.857 ,0 ,0 ,39.754 ,5.807 | 111.893
0 ,0 ,0 ,-5.667 ,0 ,35.596 ,3.671 | 80.77
0 ,0 ,0 ,0 ,0.677 ,-2.914 ,-1.183 | -6.043
0 ,0 ,0 ,0 ,-0.761 ,3.303 ,0.794 | 11.015
0 ,0 ,0 ,0 ,-2.06 ,-2.918 ,-5.05 | -28.374

R6 --> R6 + 1.124*R5

7 ,0 ,0 ,0 ,0 ,-11.437 ,0.296 | -14.493
0 ,-3 ,0 ,0 ,0 ,-9.211 ,-1.986 | -22.69
0 ,0 ,-15.857 ,0 ,0 ,39.754 ,5.807 | 111.893
0 ,0 ,0 ,-5.667 ,0 ,35.596 ,3.671 | 80.77
0 ,0 ,0 ,0 ,0.677 ,-2.914 ,-1.183 | -6.043
0 ,0 ,0 ,0 ,0 ,0.028 ,-0.535 | 4.225
0 ,0 ,0 ,0 ,-2.06 ,-2.918 ,-5.05 | -28.374

R7 --> R7 + 3.041*R5

7 ,0 ,0 ,0 ,0 ,-11.437 ,0.296 | -14.493
0 ,-3 ,0 ,0 ,0 ,-9.211 ,-1.986 | -22.69
0 ,0 ,-15.857 ,0 ,0 ,39.754 ,5.807 | 111.893
0 ,0 ,0 ,-5.667 ,0 ,35.596 ,3.671 | 80.77
0 ,0 ,0 ,0 ,0.677 ,-2.914 ,-1.183 | -6.043
0 ,0 ,0 ,0 ,0 ,0.028 ,-0.535 | 4.225
0 ,0 ,0 ,0 ,0 ,-11.782 ,-8.648 | -46.753

R1 --> R1 + 405.884*R6

7 ,0 ,0 ,0 ,0 ,0 ,-216.937 | 1700.515
0 ,-3 ,0 ,0 ,0 ,-9.211 ,-1.986 | -22.69
0 ,0 ,-15.857 ,0 ,0 ,39.754 ,5.807 | 111.893
0 ,0 ,0 ,-5.667 ,0 ,35.596 ,3.671 | 80.77
0 ,0 ,0 ,0 ,0.677 ,-2.914 ,-1.183 | -6.043
0 ,0 ,0 ,0 ,0 ,0.028 ,-0.535 | 4.225
0 ,0 ,0 ,0 ,0 ,-11.782 ,-8.648 | -46.753

R2 --> R2 + 326.906*R6

7 ,0 ,0 ,0 ,0 ,0 ,-216.937 | 1700.515
0 ,-3 ,0 ,0 ,0 ,0 ,-176.949 | 1358.608
0 ,0 ,-15.857 ,0 ,0 ,39.754 ,5.807 | 111.893
0 ,0 ,0 ,-5.667 ,0 ,35.596 ,3.671 | 80.77
0 ,0 ,0 ,0 ,0.677 ,-2.914 ,-1.183 | -6.043
0 ,0 ,0 ,0 ,0 ,0.028 ,-0.535 | 4.225
0 ,0 ,0 ,0 ,0 ,-11.782 ,-8.648 | -46.753

R3 --> R3 - 1410.881*R6

7 ,0 ,0 ,0 ,0 ,0 ,-216.937 | 1700.515
0 ,-3 ,0 ,0 ,0 ,0 ,-176.949 | 1358.608
0 ,0 ,-15.857 ,0 ,0 ,0 ,760.923 | -5849.601
0 ,0 ,0 ,-5.667 ,0 ,35.596 ,3.671 | 80.77
0 ,0 ,0 ,0 ,0.677 ,-2.914 ,-1.183 | -6.043
0 ,0 ,0 ,0 ,0 ,0.028 ,-0.535 | 4.225
0 ,0 ,0 ,0 ,0 ,-11.782 ,-8.648 | -46.753

R4 --> R4 - 1263.304*R6

7 ,0 ,0 ,0 ,0 ,0 ,-216.937 | 1700.515
0 ,-3 ,0 ,0 ,0 ,0 ,-176.949 | 1358.608
0 ,0 ,-15.857 ,0 ,0 ,0 ,760.923 | -5849.601
0 ,0 ,0 ,-5.667 ,0 ,0 ,679.803 | -5257.157
0 ,0 ,0 ,0 ,0.677 ,-2.914 ,-1.183 | -6.043
0 ,0 ,0 ,0 ,0 ,0.028 ,-0.535 | 4.225
0 ,0 ,0 ,0 ,0 ,-11.782 ,-8.648 | -46.753

R5 --> R5 + 103.423*R6

7 ,0 ,0 ,0 ,0 ,0 ,-216.937 | 1700.515
0 ,-3 ,0 ,0 ,0 ,0 ,-176.949 | 1358.608
0 ,0 ,-15.857 ,0 ,0 ,0 ,760.923 | -5849.601
0 ,0 ,0 ,-5.667 ,0 ,0 ,679.803 | -5257.157
0 ,0 ,0 ,0 ,0.677 ,0 ,-56.536 | 430.957
0 ,0 ,0 ,0 ,0 ,0.028 ,-0.535 | 4.225
0 ,0 ,0 ,0 ,0 ,-11.782 ,-8.648 | -46.753

R7 --> R7 + 418.13*R6

7 ,0 ,0 ,0 ,0 ,0 ,-216.937 | 1700.515
0 ,-3 ,0 ,0 ,0 ,0 ,-176.949 | 1358.608
0 ,0 ,-15.857 ,0 ,0 ,0 ,760.923 | -5849.601
0 ,0 ,0 ,-5.667 ,0 ,0 ,679.803 | -5257.157
0 ,0 ,0 ,0 ,0.677 ,0 ,-56.536 | 430.957
0 ,0 ,0 ,0 ,0 ,0.028 ,-0.535 | 4.225
0 ,0 ,0 ,0 ,0 ,0 ,-232.435 | 1720.002

R7 --> -0.004*R7

7 ,0 ,0 ,0 ,0 ,0 ,-216.937 | 1700.515
0 ,-3 ,0 ,0 ,0 ,0 ,-176.949 | 1358.608
0 ,0 ,-15.857 ,0 ,0 ,0 ,760.923 | -5849.601
0 ,0 ,0 ,-5.667 ,0 ,0 ,679.803 | -5257.157
0 ,0 ,0 ,0 ,0.677 ,0 ,-56.536 | 430.957
0 ,0 ,0 ,0 ,0 ,0.028 ,-0.535 | 4.225
0 ,0 ,0 ,0 ,0 ,0 ,1 | -7.4

R1 --> R1 + 216.937*R7

7 ,0 ,0 ,0 ,0 ,0 ,0 | 95.2
0 ,-3 ,0 ,0 ,0 ,0 ,-176.949 | 1358.608
0 ,0 ,-15.857 ,0 ,0 ,0 ,760.923 | -5849.601
0 ,0 ,0 ,-5.667 ,0 ,0 ,679.803 | -5257.157
0 ,0 ,0 ,0 ,0.677 ,0 ,-56.536 | 430.957
0 ,0 ,0 ,0 ,0 ,0.028 ,-0.535 | 4.225
0 ,0 ,0 ,0 ,0 ,0 ,1 | -7.4

R1 --> 0.143*R1

1 ,0 ,0 ,0 ,0 ,0 ,0 | 13.6
0 ,-3 ,0 ,0 ,0 ,0 ,-176.949 | 1358.608
0 ,0 ,-15.857 ,0 ,0 ,0 ,760.923 | -5849.601
0 ,0 ,0 ,-5.667 ,0 ,0 ,679.803 | -5257.157
0 ,0 ,0 ,0 ,0.677 ,0 ,-56.536 | 430.957
0 ,0 ,0 ,0 ,0 ,0.028 ,-0.535 | 4.225
0 ,0 ,0 ,0 ,0 ,0 ,1 | -7.4

R2 --> R2 + 176.949*R7

1 ,0 ,0 ,0 ,0 ,0 ,0 | 13.6
0 ,-3 ,0 ,0 ,0 ,0 ,0 | 49.2
0 ,0 ,-15.857 ,0 ,0 ,0 ,760.923 | -5849.601
0 ,0 ,0 ,-5.667 ,0 ,0 ,679.803 | -5257.157
0 ,0 ,0 ,0 ,0.677 ,0 ,-56.536 | 430.957
0 ,0 ,0 ,0 ,0 ,0.028 ,-0.535 | 4.225
0 ,0 ,0 ,0 ,0 ,0 ,1 | -7.4

R2 --> -0.333*R2

1 ,0 ,0 ,0 ,0 ,0 ,0 | 13.6
0 ,1 ,0 ,0 ,0 ,0 ,0 | -16.4
0 ,0 ,-15.857 ,0 ,0 ,0 ,760.923 | -5849.601
0 ,0 ,0 ,-5.667 ,0 ,0 ,679.803 | -5257.157
0 ,0 ,0 ,0 ,0.677 ,0 ,-56.536 | 430.957
0 ,0 ,0 ,0 ,0 ,0.028 ,-0.535 | 4.225
0 ,0 ,0 ,0 ,0 ,0 ,1 | -7.4

R3 --> R3 - 760.923*R7

1 ,0 ,0 ,0 ,0 ,0 ,0 | 13.6
0 ,1 ,0 ,0 ,0 ,0 ,0 | -16.4
0 ,0 ,-15.857 ,0 ,0 ,0 ,0 | -218.827
0 ,0 ,0 ,-5.667 ,0 ,0 ,679.803 | -5257.157
0 ,0 ,0 ,0 ,0.677 ,0 ,-56.536 | 430.957
0 ,0 ,0 ,0 ,0 ,0.028 ,-0.535 | 4.225
0 ,0 ,0 ,0 ,0 ,0 ,1 | -7.4

R3 --> -0.063*R3

1 ,0 ,0 ,0 ,0 ,0 ,0 | 13.6
0 ,1 ,0 ,0 ,0 ,0 ,0 | -16.4
0 ,0 ,1 ,0 ,0 ,0 ,0 | 13.8
0 ,0 ,0 ,-5.667 ,0 ,0 ,679.803 | -5257.157
0 ,0 ,0 ,0 ,0.677 ,0 ,-56.536 | 430.957
0 ,0 ,0 ,0 ,0 ,0.028 ,-0.535 | 4.225
0 ,0 ,0 ,0 ,0 ,0 ,1 | -7.4

R4 --> R4 - 679.803*R7

1 ,0 ,0 ,0 ,0 ,0 ,0 | 13.6
0 ,1 ,0 ,0 ,0 ,0 ,0 | -16.4
0 ,0 ,1 ,0 ,0 ,0 ,0 | 13.8
0 ,0 ,0 ,-5.667 ,0 ,0 ,0 | -226.667
0 ,0 ,0 ,0 ,0.677 ,0 ,-56.536 | 430.957
0 ,0 ,0 ,0 ,0 ,0.028 ,-0.535 | 4.225
0 ,0 ,0 ,0 ,0 ,0 ,1 | -7.4

R4 --> -0.176*R4

1 ,0 ,0 ,0 ,0 ,0 ,0 | 13.6
0 ,1 ,0 ,0 ,0 ,0 ,0 | -16.4
0 ,0 ,1 ,0 ,0 ,0 ,0 | 13.8
0 ,0 ,0 ,1 ,0 ,0 ,0 | 40
0 ,0 ,0 ,0 ,0.677 ,0 ,-56.536 | 430.957
0 ,0 ,0 ,0 ,0 ,0.028 ,-0.535 | 4.225
0 ,0 ,0 ,0 ,0 ,0 ,1 | -7.4

R5 --> R5 + 56.536*R7

1 ,0 ,0 ,0 ,0 ,0 ,0 | 13.6
0 ,1 ,0 ,0 ,0 ,0 ,0 | -16.4
0 ,0 ,1 ,0 ,0 ,0 ,0 | 13.8
0 ,0 ,0 ,1 ,0 ,0 ,0 | 40
0 ,0 ,0 ,0 ,0.677 ,0 ,0 | 12.597
0 ,0 ,0 ,0 ,0 ,0.028 ,-0.535 | 4.225
0 ,0 ,0 ,0 ,0 ,0 ,1 | -7.4

R5 --> 1.477*R5

1 ,0 ,0 ,0 ,0 ,0 ,0 | 13.6
0 ,1 ,0 ,0 ,0 ,0 ,0 | -16.4
0 ,0 ,1 ,0 ,0 ,0 ,0 | 13.8
0 ,0 ,0 ,1 ,0 ,0 ,0 | 40
0 ,0 ,0 ,0 ,1 ,0 ,0 | 18.6
0 ,0 ,0 ,0 ,0 ,0.028 ,-0.535 | 4.225
0 ,0 ,0 ,0 ,0 ,0 ,1 | -7.4

R6 --> R6 + 0.535*R7

1 ,0 ,0 ,0 ,0 ,0 ,0 | 13.6
0 ,1 ,0 ,0 ,0 ,0 ,0 | -16.4
0 ,0 ,1 ,0 ,0 ,0 ,0 | 13.8
0 ,0 ,0 ,1 ,0 ,0 ,0 | 40
0 ,0 ,0 ,0 ,1 ,0 ,0 | 18.6
0 ,0 ,0 ,0 ,0 ,0.028 ,0 | 0.265
0 ,0 ,0 ,0 ,0 ,0 ,1 | -7.4

R6 --> 35.49*R6

1 ,0 ,0 ,0 ,0 ,0 ,0 | 13.6
0 ,1 ,0 ,0 ,0 ,0 ,0 | -16.4
0 ,0 ,1 ,0 ,0 ,0 ,0 | 13.8
0 ,0 ,0 ,1 ,0 ,0 ,0 | 40
0 ,0 ,0 ,0 ,1 ,0 ,0 | 18.6
0 ,0 ,0 ,0 ,0 ,1 ,0 | 9.4
0 ,0 ,0 ,0 ,0 ,0 ,1 | -7.4

exist a single solution in R7 space for the system which is:
x = (13.6 ,-16.4 ,13.8 ,40 ,18.6 ,9.4 ,-7.4)
