solve the next system in R8 space (8 equations)(8 unknowns):
eq1: -   x1        -   x3 +   x4 - 2*x5                       = 0
eq2: + 2*x1 + 4*x2 + 2*x3        -   x5 - 4*x6 - 4*x7 - 3*x8  = 0
eq3: + 4*x1 -   x2 + 4*x3 - 3*x4 +   x5               - 2*x8  = 0
eq4: + 3*x1 - 4*x2 - 3*x3 -   x4 + 3*x5        + 2*x7 +   x8  = 0
eq5: +   x1 +   x2 +   x3 -   x4 - 3*x5 +   x6 +   x7 + 3*x8  = 0
eq6: + 3*x1 + 3*x2        -   x4 - 2*x5 -   x6        + 4*x8  = 0
eq7: +   x1 - 3*x2 - 2*x3 + 2*x4        - 3*x6 - 2*x7 - 2*x8  = 0
eq8:        - 3*x2        + 3*x4 + 4*x5                       = 0

-1 ,0 ,-1 ,1 ,-2 ,0 ,0 ,0 | 0
2 ,4 ,2 ,0 ,-1 ,-4 ,-4 ,-3 | 0
4 ,-1 ,4 ,-3 ,1 ,0 ,0 ,-2 | 0
3 ,-4 ,-3 ,-1 ,3 ,0 ,2 ,1 | 0
1 ,1 ,1 ,-1 ,-3 ,1 ,1 ,3 | 0
3 ,3 ,0 ,-1 ,-2 ,-1 ,0 ,4 | 0
1 ,-3 ,-2 ,2 ,0 ,-3 ,-2 ,-2 | 0
0 ,-3 ,0 ,3 ,4 ,0 ,0 ,0 | 0

implement the solution by ranking rows method:
transform A matrix to I by a ranking rows:
R2 --> R2 + 2*R1

-1 ,0 ,-1 ,1 ,-2 ,0 ,0 ,0 | 0
0 ,4 ,0 ,2 ,-5 ,-4 ,-4 ,-3 | 0
4 ,-1 ,4 ,-3 ,1 ,0 ,0 ,-2 | 0
3 ,-4 ,-3 ,-1 ,3 ,0 ,2 ,1 | 0
1 ,1 ,1 ,-1 ,-3 ,1 ,1 ,3 | 0
3 ,3 ,0 ,-1 ,-2 ,-1 ,0 ,4 | 0
1 ,-3 ,-2 ,2 ,0 ,-3 ,-2 ,-2 | 0
0 ,-3 ,0 ,3 ,4 ,0 ,0 ,0 | 0

R3 --> R3 + 4*R1

-1 ,0 ,-1 ,1 ,-2 ,0 ,0 ,0 | 0
0 ,4 ,0 ,2 ,-5 ,-4 ,-4 ,-3 | 0
0 ,-1 ,0 ,1 ,-7 ,0 ,0 ,-2 | 0
3 ,-4 ,-3 ,-1 ,3 ,0 ,2 ,1 | 0
1 ,1 ,1 ,-1 ,-3 ,1 ,1 ,3 | 0
3 ,3 ,0 ,-1 ,-2 ,-1 ,0 ,4 | 0
1 ,-3 ,-2 ,2 ,0 ,-3 ,-2 ,-2 | 0
0 ,-3 ,0 ,3 ,4 ,0 ,0 ,0 | 0

R4 --> R4 + 3*R1

-1 ,0 ,-1 ,1 ,-2 ,0 ,0 ,0 | 0
0 ,4 ,0 ,2 ,-5 ,-4 ,-4 ,-3 | 0
0 ,-1 ,0 ,1 ,-7 ,0 ,0 ,-2 | 0
0 ,-4 ,-6 ,2 ,-3 ,0 ,2 ,1 | 0
1 ,1 ,1 ,-1 ,-3 ,1 ,1 ,3 | 0
3 ,3 ,0 ,-1 ,-2 ,-1 ,0 ,4 | 0
1 ,-3 ,-2 ,2 ,0 ,-3 ,-2 ,-2 | 0
0 ,-3 ,0 ,3 ,4 ,0 ,0 ,0 | 0

R5 --> R5 + R1

-1 ,0 ,-1 ,1 ,-2 ,0 ,0 ,0 | 0
0 ,4 ,0 ,2 ,-5 ,-4 ,-4 ,-3 | 0
0 ,-1 ,0 ,1 ,-7 ,0 ,0 ,-2 | 0
0 ,-4 ,-6 ,2 ,-3 ,0 ,2 ,1 | 0
0 ,1 ,0 ,0 ,-5 ,1 ,1 ,3 | 0
3 ,3 ,0 ,-1 ,-2 ,-1 ,0 ,4 | 0
1 ,-3 ,-2 ,2 ,0 ,-3 ,-2 ,-2 | 0
0 ,-3 ,0 ,3 ,4 ,0 ,0 ,0 | 0

R6 --> R6 + 3*R1

-1 ,0 ,-1 ,1 ,-2 ,0 ,0 ,0 | 0
0 ,4 ,0 ,2 ,-5 ,-4 ,-4 ,-3 | 0
0 ,-1 ,0 ,1 ,-7 ,0 ,0 ,-2 | 0
0 ,-4 ,-6 ,2 ,-3 ,0 ,2 ,1 | 0
0 ,1 ,0 ,0 ,-5 ,1 ,1 ,3 | 0
0 ,3 ,-3 ,2 ,-8 ,-1 ,0 ,4 | 0
1 ,-3 ,-2 ,2 ,0 ,-3 ,-2 ,-2 | 0
0 ,-3 ,0 ,3 ,4 ,0 ,0 ,0 | 0

R7 --> R7 + R1

-1 ,0 ,-1 ,1 ,-2 ,0 ,0 ,0 | 0
0 ,4 ,0 ,2 ,-5 ,-4 ,-4 ,-3 | 0
0 ,-1 ,0 ,1 ,-7 ,0 ,0 ,-2 | 0
0 ,-4 ,-6 ,2 ,-3 ,0 ,2 ,1 | 0
0 ,1 ,0 ,0 ,-5 ,1 ,1 ,3 | 0
0 ,3 ,-3 ,2 ,-8 ,-1 ,0 ,4 | 0
0 ,-3 ,-3 ,3 ,-2 ,-3 ,-2 ,-2 | 0
0 ,-3 ,0 ,3 ,4 ,0 ,0 ,0 | 0

R3 --> R3 + 1/4*R2

-1 ,0 ,-1 ,1 ,-2 ,0 ,0 ,0 | 0
0 ,4 ,0 ,2 ,-5 ,-4 ,-4 ,-3 | 0
0 ,0 ,0 ,3/2 ,-33/4 ,-1 ,-1 ,-11/4 | 0
0 ,-4 ,-6 ,2 ,-3 ,0 ,2 ,1 | 0
0 ,1 ,0 ,0 ,-5 ,1 ,1 ,3 | 0
0 ,3 ,-3 ,2 ,-8 ,-1 ,0 ,4 | 0
0 ,-3 ,-3 ,3 ,-2 ,-3 ,-2 ,-2 | 0
0 ,-3 ,0 ,3 ,4 ,0 ,0 ,0 | 0

R4 --> R4 + R2

-1 ,0 ,-1 ,1 ,-2 ,0 ,0 ,0 | 0
0 ,4 ,0 ,2 ,-5 ,-4 ,-4 ,-3 | 0
0 ,0 ,0 ,3/2 ,-33/4 ,-1 ,-1 ,-11/4 | 0
0 ,0 ,-6 ,4 ,-8 ,-4 ,-2 ,-2 | 0
0 ,1 ,0 ,0 ,-5 ,1 ,1 ,3 | 0
0 ,3 ,-3 ,2 ,-8 ,-1 ,0 ,4 | 0
0 ,-3 ,-3 ,3 ,-2 ,-3 ,-2 ,-2 | 0
0 ,-3 ,0 ,3 ,4 ,0 ,0 ,0 | 0

R5 --> R5 - 1/4*R2

-1 ,0 ,-1 ,1 ,-2 ,0 ,0 ,0 | 0
0 ,4 ,0 ,2 ,-5 ,-4 ,-4 ,-3 | 0
0 ,0 ,0 ,3/2 ,-33/4 ,-1 ,-1 ,-11/4 | 0
0 ,0 ,-6 ,4 ,-8 ,-4 ,-2 ,-2 | 0
0 ,0 ,0 ,-1/2 ,-15/4 ,2 ,2 ,15/4 | 0
0 ,3 ,-3 ,2 ,-8 ,-1 ,0 ,4 | 0
0 ,-3 ,-3 ,3 ,-2 ,-3 ,-2 ,-2 | 0
0 ,-3 ,0 ,3 ,4 ,0 ,0 ,0 | 0

R6 --> R6 - 3/4*R2

-1 ,0 ,-1 ,1 ,-2 ,0 ,0 ,0 | 0
0 ,4 ,0 ,2 ,-5 ,-4 ,-4 ,-3 | 0
0 ,0 ,0 ,3/2 ,-33/4 ,-1 ,-1 ,-11/4 | 0
0 ,0 ,-6 ,4 ,-8 ,-4 ,-2 ,-2 | 0
0 ,0 ,0 ,-1/2 ,-15/4 ,2 ,2 ,15/4 | 0
0 ,0 ,-3 ,1/2 ,-17/4 ,2 ,3 ,25/4 | 0
0 ,-3 ,-3 ,3 ,-2 ,-3 ,-2 ,-2 | 0
0 ,-3 ,0 ,3 ,4 ,0 ,0 ,0 | 0

R7 --> R7 + 3/4*R2

-1 ,0 ,-1 ,1 ,-2 ,0 ,0 ,0 | 0
0 ,4 ,0 ,2 ,-5 ,-4 ,-4 ,-3 | 0
0 ,0 ,0 ,3/2 ,-33/4 ,-1 ,-1 ,-11/4 | 0
0 ,0 ,-6 ,4 ,-8 ,-4 ,-2 ,-2 | 0
0 ,0 ,0 ,-1/2 ,-15/4 ,2 ,2 ,15/4 | 0
0 ,0 ,-3 ,1/2 ,-17/4 ,2 ,3 ,25/4 | 0
0 ,0 ,-3 ,9/2 ,-23/4 ,-6 ,-5 ,-17/4 | 0
0 ,-3 ,0 ,3 ,4 ,0 ,0 ,0 | 0

R8 --> R8 + 3/4*R2

-1 ,0 ,-1 ,1 ,-2 ,0 ,0 ,0 | 0
0 ,4 ,0 ,2 ,-5 ,-4 ,-4 ,-3 | 0
0 ,0 ,0 ,3/2 ,-33/4 ,-1 ,-1 ,-11/4 | 0
0 ,0 ,-6 ,4 ,-8 ,-4 ,-2 ,-2 | 0
0 ,0 ,0 ,-1/2 ,-15/4 ,2 ,2 ,15/4 | 0
0 ,0 ,-3 ,1/2 ,-17/4 ,2 ,3 ,25/4 | 0
0 ,0 ,-3 ,9/2 ,-23/4 ,-6 ,-5 ,-17/4 | 0
0 ,0 ,0 ,9/2 ,1/4 ,-3 ,-3 ,-9/4 | 0

R3 <--> R4

-1 ,0 ,-1 ,1 ,-2 ,0 ,0 ,0 | 0
0 ,4 ,0 ,2 ,-5 ,-4 ,-4 ,-3 | 0
0 ,0 ,-6 ,4 ,-8 ,-4 ,-2 ,-2 | 0
0 ,0 ,0 ,3/2 ,-33/4 ,-1 ,-1 ,-11/4 | 0
0 ,0 ,0 ,-1/2 ,-15/4 ,2 ,2 ,15/4 | 0
0 ,0 ,-3 ,1/2 ,-17/4 ,2 ,3 ,25/4 | 0
0 ,0 ,-3 ,9/2 ,-23/4 ,-6 ,-5 ,-17/4 | 0
0 ,0 ,0 ,9/2 ,1/4 ,-3 ,-3 ,-9/4 | 0

R1 --> R1 - 167/1000*R3

-1 ,0 ,0 ,1/3 ,-2/3 ,2/3 ,1/3 ,1/3 | 0
0 ,4 ,0 ,2 ,-5 ,-4 ,-4 ,-3 | 0
0 ,0 ,-6 ,4 ,-8 ,-4 ,-2 ,-2 | 0
0 ,0 ,0 ,3/2 ,-33/4 ,-1 ,-1 ,-11/4 | 0
0 ,0 ,0 ,-1/2 ,-15/4 ,2 ,2 ,15/4 | 0
0 ,0 ,-3 ,1/2 ,-17/4 ,2 ,3 ,25/4 | 0
0 ,0 ,-3 ,9/2 ,-23/4 ,-6 ,-5 ,-17/4 | 0
0 ,0 ,0 ,9/2 ,1/4 ,-3 ,-3 ,-9/4 | 0

R6 --> R6 - 1/2*R3

-1 ,0 ,0 ,1/3 ,-2/3 ,2/3 ,1/3 ,1/3 | 0
0 ,4 ,0 ,2 ,-5 ,-4 ,-4 ,-3 | 0
0 ,0 ,-6 ,4 ,-8 ,-4 ,-2 ,-2 | 0
0 ,0 ,0 ,3/2 ,-33/4 ,-1 ,-1 ,-11/4 | 0
0 ,0 ,0 ,-1/2 ,-15/4 ,2 ,2 ,15/4 | 0
0 ,0 ,0 ,-3/2 ,-1/4 ,4 ,4 ,29/4 | 0
0 ,0 ,-3 ,9/2 ,-23/4 ,-6 ,-5 ,-17/4 | 0
0 ,0 ,0 ,9/2 ,1/4 ,-3 ,-3 ,-9/4 | 0

R7 --> R7 - 1/2*R3

-1 ,0 ,0 ,1/3 ,-2/3 ,2/3 ,1/3 ,1/3 | 0
0 ,4 ,0 ,2 ,-5 ,-4 ,-4 ,-3 | 0
0 ,0 ,-6 ,4 ,-8 ,-4 ,-2 ,-2 | 0
0 ,0 ,0 ,3/2 ,-33/4 ,-1 ,-1 ,-11/4 | 0
0 ,0 ,0 ,-1/2 ,-15/4 ,2 ,2 ,15/4 | 0
0 ,0 ,0 ,-3/2 ,-1/4 ,4 ,4 ,29/4 | 0
0 ,0 ,0 ,5/2 ,-7/4 ,-4 ,-4 ,-13/4 | 0
0 ,0 ,0 ,9/2 ,1/4 ,-3 ,-3 ,-9/4 | 0

R1 --> R1 - 111/500*R4

-1 ,0 ,0 ,0 ,7/6 ,8/9 ,5/9 ,17/18 | 0
0 ,4 ,0 ,2 ,-5 ,-4 ,-4 ,-3 | 0
0 ,0 ,-6 ,4 ,-8 ,-4 ,-2 ,-2 | 0
0 ,0 ,0 ,3/2 ,-33/4 ,-1 ,-1 ,-11/4 | 0
0 ,0 ,0 ,-1/2 ,-15/4 ,2 ,2 ,15/4 | 0
0 ,0 ,0 ,-3/2 ,-1/4 ,4 ,4 ,29/4 | 0
0 ,0 ,0 ,5/2 ,-7/4 ,-4 ,-4 ,-13/4 | 0
0 ,0 ,0 ,9/2 ,1/4 ,-3 ,-3 ,-9/4 | 0

R2 --> R2 - 1329/997*R4

-1 ,0 ,0 ,0 ,7/6 ,8/9 ,5/9 ,17/18 | 0
0 ,4 ,0 ,0 ,6 ,-8/3 ,-8/3 ,2/3 | 0
0 ,0 ,-6 ,4 ,-8 ,-4 ,-2 ,-2 | 0
0 ,0 ,0 ,3/2 ,-33/4 ,-1 ,-1 ,-11/4 | 0
0 ,0 ,0 ,-1/2 ,-15/4 ,2 ,2 ,15/4 | 0
0 ,0 ,0 ,-3/2 ,-1/4 ,4 ,4 ,29/4 | 0
0 ,0 ,0 ,5/2 ,-7/4 ,-4 ,-4 ,-13/4 | 0
0 ,0 ,0 ,9/2 ,1/4 ,-3 ,-3 ,-9/4 | 0

R3 --> R3 - 2659/997*R4

-1 ,0 ,0 ,0 ,7/6 ,8/9 ,5/9 ,17/18 | 0
0 ,4 ,0 ,0 ,6 ,-8/3 ,-8/3 ,2/3 | 0
0 ,0 ,-6 ,0 ,14 ,-4/3 ,2/3 ,16/3 | 0
0 ,0 ,0 ,3/2 ,-33/4 ,-1 ,-1 ,-11/4 | 0
0 ,0 ,0 ,-1/2 ,-15/4 ,2 ,2 ,15/4 | 0
0 ,0 ,0 ,-3/2 ,-1/4 ,4 ,4 ,29/4 | 0
0 ,0 ,0 ,5/2 ,-7/4 ,-4 ,-4 ,-13/4 | 0
0 ,0 ,0 ,9/2 ,1/4 ,-3 ,-3 ,-9/4 | 0

R5 --> R5 + 333/1000*R4

-1 ,0 ,0 ,0 ,7/6 ,8/9 ,5/9 ,17/18 | 0
0 ,4 ,0 ,0 ,6 ,-8/3 ,-8/3 ,2/3 | 0
0 ,0 ,-6 ,0 ,14 ,-4/3 ,2/3 ,16/3 | 0
0 ,0 ,0 ,3/2 ,-33/4 ,-1 ,-1 ,-11/4 | 0
0 ,0 ,0 ,0 ,-13/2 ,5/3 ,5/3 ,17/6 | 0
0 ,0 ,0 ,-3/2 ,-1/4 ,4 ,4 ,29/4 | 0
0 ,0 ,0 ,5/2 ,-7/4 ,-4 ,-4 ,-13/4 | 0
0 ,0 ,0 ,9/2 ,1/4 ,-3 ,-3 ,-9/4 | 0

R6 --> R6 + R4

-1 ,0 ,0 ,0 ,7/6 ,8/9 ,5/9 ,17/18 | 0
0 ,4 ,0 ,0 ,6 ,-8/3 ,-8/3 ,2/3 | 0
0 ,0 ,-6 ,0 ,14 ,-4/3 ,2/3 ,16/3 | 0
0 ,0 ,0 ,3/2 ,-33/4 ,-1 ,-1 ,-11/4 | 0
0 ,0 ,0 ,0 ,-13/2 ,5/3 ,5/3 ,17/6 | 0
0 ,0 ,0 ,0 ,-17/2 ,3 ,3 ,9/2 | 0
0 ,0 ,0 ,5/2 ,-7/4 ,-4 ,-4 ,-13/4 | 0
0 ,0 ,0 ,9/2 ,1/4 ,-3 ,-3 ,-9/4 | 0

R7 --> R7 - 1662/997*R4

-1 ,0 ,0 ,0 ,7/6 ,8/9 ,5/9 ,17/18 | 0
0 ,4 ,0 ,0 ,6 ,-8/3 ,-8/3 ,2/3 | 0
0 ,0 ,-6 ,0 ,14 ,-4/3 ,2/3 ,16/3 | 0
0 ,0 ,0 ,3/2 ,-33/4 ,-1 ,-1 ,-11/4 | 0
0 ,0 ,0 ,0 ,-13/2 ,5/3 ,5/3 ,17/6 | 0
0 ,0 ,0 ,0 ,-17/2 ,3 ,3 ,9/2 | 0
0 ,0 ,0 ,0 ,12 ,-7/3 ,-7/3 ,4/3 | 0
0 ,0 ,0 ,9/2 ,1/4 ,-3 ,-3 ,-9/4 | 0

R8 --> R8 - 3*R4

-1 ,0 ,0 ,0 ,7/6 ,8/9 ,5/9 ,17/18 | 0
0 ,4 ,0 ,0 ,6 ,-8/3 ,-8/3 ,2/3 | 0
0 ,0 ,-6 ,0 ,14 ,-4/3 ,2/3 ,16/3 | 0
0 ,0 ,0 ,3/2 ,-33/4 ,-1 ,-1 ,-11/4 | 0
0 ,0 ,0 ,0 ,-13/2 ,5/3 ,5/3 ,17/6 | 0
0 ,0 ,0 ,0 ,-17/2 ,3 ,3 ,9/2 | 0
0 ,0 ,0 ,0 ,12 ,-7/3 ,-7/3 ,4/3 | 0
0 ,0 ,0 ,0 ,25 ,0 ,0 ,6 | 0

R1 --> R1 + 179/1000*R5

-1 ,0 ,0 ,0 ,0 ,139/117 ,100/117 ,170/117 | 0
0 ,4 ,0 ,0 ,6 ,-8/3 ,-8/3 ,2/3 | 0
0 ,0 ,-6 ,0 ,14 ,-4/3 ,2/3 ,16/3 | 0
0 ,0 ,0 ,3/2 ,-33/4 ,-1 ,-1 ,-11/4 | 0
0 ,0 ,0 ,0 ,-13/2 ,5/3 ,5/3 ,17/6 | 0
0 ,0 ,0 ,0 ,-17/2 ,3 ,3 ,9/2 | 0
0 ,0 ,0 ,0 ,12 ,-7/3 ,-7/3 ,4/3 | 0
0 ,0 ,0 ,0 ,25 ,0 ,0 ,6 | 0

R2 --> R2 + 923/1000*R5

-1 ,0 ,0 ,0 ,0 ,139/117 ,100/117 ,170/117 | 0
0 ,4 ,0 ,0 ,0 ,-44/39 ,-44/39 ,128/39 | 0
0 ,0 ,-6 ,0 ,14 ,-4/3 ,2/3 ,16/3 | 0
0 ,0 ,0 ,3/2 ,-33/4 ,-1 ,-1 ,-11/4 | 0
0 ,0 ,0 ,0 ,-13/2 ,5/3 ,5/3 ,17/6 | 0
0 ,0 ,0 ,0 ,-17/2 ,3 ,3 ,9/2 | 0
0 ,0 ,0 ,0 ,12 ,-7/3 ,-7/3 ,4/3 | 0
0 ,0 ,0 ,0 ,25 ,0 ,0 ,6 | 0

R3 --> R3 + 1049/487*R5

-1 ,0 ,0 ,0 ,0 ,139/117 ,100/117 ,170/117 | 0
0 ,4 ,0 ,0 ,0 ,-44/39 ,-44/39 ,128/39 | 0
0 ,0 ,-6 ,0 ,0 ,88/39 ,166/39 ,446/39 | 0
0 ,0 ,0 ,3/2 ,-33/4 ,-1 ,-1 ,-11/4 | 0
0 ,0 ,0 ,0 ,-13/2 ,5/3 ,5/3 ,17/6 | 0
0 ,0 ,0 ,0 ,-17/2 ,3 ,3 ,9/2 | 0
0 ,0 ,0 ,0 ,12 ,-7/3 ,-7/3 ,4/3 | 0
0 ,0 ,0 ,0 ,25 ,0 ,0 ,6 | 0

R4 --> R4 - 217/171*R5

-1 ,0 ,0 ,0 ,0 ,139/117 ,100/117 ,170/117 | 0
0 ,4 ,0 ,0 ,0 ,-44/39 ,-44/39 ,128/39 | 0
0 ,0 ,-6 ,0 ,0 ,88/39 ,166/39 ,446/39 | 0
0 ,0 ,0 ,3/2 ,0 ,-81/26 ,-81/26 ,-165/26 | 0
0 ,0 ,0 ,0 ,-13/2 ,5/3 ,5/3 ,17/6 | 0
0 ,0 ,0 ,0 ,-17/2 ,3 ,3 ,9/2 | 0
0 ,0 ,0 ,0 ,12 ,-7/3 ,-7/3 ,4/3 | 0
0 ,0 ,0 ,0 ,25 ,0 ,0 ,6 | 0

R6 --> R6 - 327/250*R5

-1 ,0 ,0 ,0 ,0 ,139/117 ,100/117 ,170/117 | 0
0 ,4 ,0 ,0 ,0 ,-44/39 ,-44/39 ,128/39 | 0
0 ,0 ,-6 ,0 ,0 ,88/39 ,166/39 ,446/39 | 0
0 ,0 ,0 ,3/2 ,0 ,-81/26 ,-81/26 ,-165/26 | 0
0 ,0 ,0 ,0 ,-13/2 ,5/3 ,5/3 ,17/6 | 0
0 ,0 ,0 ,0 ,0 ,32/39 ,32/39 ,31/39 | 0
0 ,0 ,0 ,0 ,12 ,-7/3 ,-7/3 ,4/3 | 0
0 ,0 ,0 ,0 ,25 ,0 ,0 ,6 | 0

R7 --> R7 + 899/487*R5

-1 ,0 ,0 ,0 ,0 ,139/117 ,100/117 ,170/117 | 0
0 ,4 ,0 ,0 ,0 ,-44/39 ,-44/39 ,128/39 | 0
0 ,0 ,-6 ,0 ,0 ,88/39 ,166/39 ,446/39 | 0
0 ,0 ,0 ,3/2 ,0 ,-81/26 ,-81/26 ,-165/26 | 0
0 ,0 ,0 ,0 ,-13/2 ,5/3 ,5/3 ,17/6 | 0
0 ,0 ,0 ,0 ,0 ,32/39 ,32/39 ,31/39 | 0
0 ,0 ,0 ,0 ,0 ,29/39 ,29/39 ,256/39 | 0
0 ,0 ,0 ,0 ,25 ,0 ,0 ,6 | 0

R8 --> R8 + 1873/487*R5

-1 ,0 ,0 ,0 ,0 ,139/117 ,100/117 ,170/117 | 0
0 ,4 ,0 ,0 ,0 ,-44/39 ,-44/39 ,128/39 | 0
0 ,0 ,-6 ,0 ,0 ,88/39 ,166/39 ,446/39 | 0
0 ,0 ,0 ,3/2 ,0 ,-81/26 ,-81/26 ,-165/26 | 0
0 ,0 ,0 ,0 ,-13/2 ,5/3 ,5/3 ,17/6 | 0
0 ,0 ,0 ,0 ,0 ,32/39 ,32/39 ,31/39 | 0
0 ,0 ,0 ,0 ,0 ,29/39 ,29/39 ,256/39 | 0
0 ,0 ,0 ,0 ,0 ,250/39 ,250/39 ,659/39 | 0

R1 --> R1 - 181/125*R6

-1 ,0 ,0 ,0 ,0 ,0 ,-1/3 ,29/96 | 0
0 ,4 ,0 ,0 ,0 ,-44/39 ,-44/39 ,128/39 | 0
0 ,0 ,-6 ,0 ,0 ,88/39 ,166/39 ,446/39 | 0
0 ,0 ,0 ,3/2 ,0 ,-81/26 ,-81/26 ,-165/26 | 0
0 ,0 ,0 ,0 ,-13/2 ,5/3 ,5/3 ,17/6 | 0
0 ,0 ,0 ,0 ,0 ,32/39 ,32/39 ,31/39 | 0
0 ,0 ,0 ,0 ,0 ,29/39 ,29/39 ,256/39 | 0
0 ,0 ,0 ,0 ,0 ,250/39 ,250/39 ,659/39 | 0

R2 --> R2 + 11/8*R6

-1 ,0 ,0 ,0 ,0 ,0 ,-1/3 ,29/96 | 0
0 ,4 ,0 ,0 ,0 ,0 ,0 ,35/8 | 0
0 ,0 ,-6 ,0 ,0 ,88/39 ,166/39 ,446/39 | 0
0 ,0 ,0 ,3/2 ,0 ,-81/26 ,-81/26 ,-165/26 | 0
0 ,0 ,0 ,0 ,-13/2 ,5/3 ,5/3 ,17/6 | 0
0 ,0 ,0 ,0 ,0 ,32/39 ,32/39 ,31/39 | 0
0 ,0 ,0 ,0 ,0 ,29/39 ,29/39 ,256/39 | 0
0 ,0 ,0 ,0 ,0 ,250/39 ,250/39 ,659/39 | 0

R3 --> R3 - 11/4*R6

-1 ,0 ,0 ,0 ,0 ,0 ,-1/3 ,29/96 | 0
0 ,4 ,0 ,0 ,0 ,0 ,0 ,35/8 | 0
0 ,0 ,-6 ,0 ,0 ,0 ,2 ,37/4 | 0
0 ,0 ,0 ,3/2 ,0 ,-81/26 ,-81/26 ,-165/26 | 0
0 ,0 ,0 ,0 ,-13/2 ,5/3 ,5/3 ,17/6 | 0
0 ,0 ,0 ,0 ,0 ,32/39 ,32/39 ,31/39 | 0
0 ,0 ,0 ,0 ,0 ,29/39 ,29/39 ,256/39 | 0
0 ,0 ,0 ,0 ,0 ,250/39 ,250/39 ,659/39 | 0

R4 --> R4 + 505/133*R6

-1 ,0 ,0 ,0 ,0 ,0 ,-1/3 ,29/96 | 0
0 ,4 ,0 ,0 ,0 ,0 ,0 ,35/8 | 0
0 ,0 ,-6 ,0 ,0 ,0 ,2 ,37/4 | 0
0 ,0 ,0 ,3/2 ,0 ,0 ,0 ,-213/64 | 0
0 ,0 ,0 ,0 ,-13/2 ,5/3 ,5/3 ,17/6 | 0
0 ,0 ,0 ,0 ,0 ,32/39 ,32/39 ,31/39 | 0
0 ,0 ,0 ,0 ,0 ,29/39 ,29/39 ,256/39 | 0
0 ,0 ,0 ,0 ,0 ,250/39 ,250/39 ,659/39 | 0

R5 --> R5 - 262/129*R6

-1 ,0 ,0 ,0 ,0 ,0 ,-1/3 ,29/96 | 0
0 ,4 ,0 ,0 ,0 ,0 ,0 ,35/8 | 0
0 ,0 ,-6 ,0 ,0 ,0 ,2 ,37/4 | 0
0 ,0 ,0 ,3/2 ,0 ,0 ,0 ,-213/64 | 0
0 ,0 ,0 ,0 ,-13/2 ,0 ,0 ,39/32 | 0
0 ,0 ,0 ,0 ,0 ,32/39 ,32/39 ,31/39 | 0
0 ,0 ,0 ,0 ,0 ,29/39 ,29/39 ,256/39 | 0
0 ,0 ,0 ,0 ,0 ,250/39 ,250/39 ,659/39 | 0

R7 --> R7 - 347/383*R6

-1 ,0 ,0 ,0 ,0 ,0 ,-1/3 ,29/96 | 0
0 ,4 ,0 ,0 ,0 ,0 ,0 ,35/8 | 0
0 ,0 ,-6 ,0 ,0 ,0 ,2 ,37/4 | 0
0 ,0 ,0 ,3/2 ,0 ,0 ,0 ,-213/64 | 0
0 ,0 ,0 ,0 ,-13/2 ,0 ,0 ,39/32 | 0
0 ,0 ,0 ,0 ,0 ,32/39 ,32/39 ,31/39 | 0
0 ,0 ,0 ,0 ,0 ,0 ,0 ,187/32 | 0
0 ,0 ,0 ,0 ,0 ,250/39 ,250/39 ,659/39 | 0

R7 --> 125/731*R7

-1 ,0 ,0 ,0 ,0 ,0 ,-1/3 ,29/96 | 0
0 ,4 ,0 ,0 ,0 ,0 ,0 ,35/8 | 0
0 ,0 ,-6 ,0 ,0 ,0 ,2 ,37/4 | 0
0 ,0 ,0 ,3/2 ,0 ,0 ,0 ,-213/64 | 0
0 ,0 ,0 ,0 ,-13/2 ,0 ,0 ,39/32 | 0
0 ,0 ,0 ,0 ,0 ,32/39 ,32/39 ,31/39 | 0
0 ,0 ,0 ,0 ,0 ,0 ,0 ,1 | 0
0 ,0 ,0 ,0 ,0 ,250/39 ,250/39 ,659/39 | 0

R8 --> R8 - 914/117*R6

-1 ,0 ,0 ,0 ,0 ,0 ,-1/3 ,29/96 | 0
0 ,4 ,0 ,0 ,0 ,0 ,0 ,35/8 | 0
0 ,0 ,-6 ,0 ,0 ,0 ,2 ,37/4 | 0
0 ,0 ,0 ,3/2 ,0 ,0 ,0 ,-213/64 | 0
0 ,0 ,0 ,0 ,-13/2 ,0 ,0 ,39/32 | 0
0 ,0 ,0 ,0 ,0 ,32/39 ,32/39 ,31/39 | 0
0 ,0 ,0 ,0 ,0 ,0 ,0 ,1 | 0
0 ,0 ,0 ,0 ,0 ,0 ,0 ,171/16 | 0

R8 --> 47/500*R8

-1 ,0 ,0 ,0 ,0 ,0 ,-1/3 ,29/96 | 0
0 ,4 ,0 ,0 ,0 ,0 ,0 ,35/8 | 0
0 ,0 ,-6 ,0 ,0 ,0 ,2 ,37/4 | 0
0 ,0 ,0 ,3/2 ,0 ,0 ,0 ,-213/64 | 0
0 ,0 ,0 ,0 ,-13/2 ,0 ,0 ,39/32 | 0
0 ,0 ,0 ,0 ,0 ,32/39 ,32/39 ,31/39 | 0
0 ,0 ,0 ,0 ,0 ,0 ,0 ,1 | 0
0 ,0 ,0 ,0 ,0 ,0 ,0 ,1 | 0

R1 <--> R7

0 ,0 ,0 ,0 ,0 ,0 ,0 ,1 | 0
0 ,4 ,0 ,0 ,0 ,0 ,0 ,35/8 | 0
0 ,0 ,-6 ,0 ,0 ,0 ,2 ,37/4 | 0
0 ,0 ,0 ,3/2 ,0 ,0 ,0 ,-213/64 | 0
0 ,0 ,0 ,0 ,-13/2 ,0 ,0 ,39/32 | 0
0 ,0 ,0 ,0 ,0 ,32/39 ,32/39 ,31/39 | 0
-1 ,0 ,0 ,0 ,0 ,0 ,-1/3 ,29/96 | 0
0 ,0 ,0 ,0 ,0 ,0 ,0 ,1 | 0

R3 --> R3 + 6*R7

0 ,0 ,0 ,0 ,0 ,0 ,0 ,1 | 0
0 ,4 ,0 ,0 ,0 ,0 ,0 ,35/8 | 0
-6 ,0 ,-6 ,0 ,0 ,0 ,0 ,177/16 | 0
0 ,0 ,0 ,3/2 ,0 ,0 ,0 ,-213/64 | 0
0 ,0 ,0 ,0 ,-13/2 ,0 ,0 ,39/32 | 0
0 ,0 ,0 ,0 ,0 ,32/39 ,32/39 ,31/39 | 0
-1 ,0 ,0 ,0 ,0 ,0 ,-1/3 ,29/96 | 0
0 ,0 ,0 ,0 ,0 ,0 ,0 ,1 | 0

R6 --> R6 + 421/171*R7

0 ,0 ,0 ,0 ,0 ,0 ,0 ,1 | 0
0 ,4 ,0 ,0 ,0 ,0 ,0 ,35/8 | 0
-6 ,0 ,-6 ,0 ,0 ,0 ,0 ,177/16 | 0
0 ,0 ,0 ,3/2 ,0 ,0 ,0 ,-213/64 | 0
0 ,0 ,0 ,0 ,-13/2 ,0 ,0 ,39/32 | 0
-32/13 ,0 ,0 ,0 ,0 ,32/39 ,0 ,20/13 | 0
-1 ,0 ,0 ,0 ,0 ,0 ,-1/3 ,29/96 | 0
0 ,0 ,0 ,0 ,0 ,0 ,0 ,1 | 0

R1 --> R1 - R8

0 ,0 ,0 ,0 ,0 ,0 ,0 ,0 | 0
0 ,4 ,0 ,0 ,0 ,0 ,0 ,35/8 | 0
-6 ,0 ,-6 ,0 ,0 ,0 ,0 ,177/16 | 0
0 ,0 ,0 ,3/2 ,0 ,0 ,0 ,-213/64 | 0
0 ,0 ,0 ,0 ,-13/2 ,0 ,0 ,39/32 | 0
-32/13 ,0 ,0 ,0 ,0 ,32/39 ,0 ,20/13 | 0
-1 ,0 ,0 ,0 ,0 ,0 ,-1/3 ,29/96 | 0
0 ,0 ,0 ,0 ,0 ,0 ,0 ,1 | 0

R2 --> R2 - 35/8*R8

0 ,0 ,0 ,0 ,0 ,0 ,0 ,0 | 0
0 ,4 ,0 ,0 ,0 ,0 ,0 ,0 | 0
-6 ,0 ,-6 ,0 ,0 ,0 ,0 ,177/16 | 0
0 ,0 ,0 ,3/2 ,0 ,0 ,0 ,-213/64 | 0
0 ,0 ,0 ,0 ,-13/2 ,0 ,0 ,39/32 | 0
-32/13 ,0 ,0 ,0 ,0 ,32/39 ,0 ,20/13 | 0
-1 ,0 ,0 ,0 ,0 ,0 ,-1/3 ,29/96 | 0
0 ,0 ,0 ,0 ,0 ,0 ,0 ,1 | 0

R2 --> 1/4*R2

0 ,0 ,0 ,0 ,0 ,0 ,0 ,0 | 0
0 ,1 ,0 ,0 ,0 ,0 ,0 ,0 | 0
-6 ,0 ,-6 ,0 ,0 ,0 ,0 ,177/16 | 0
0 ,0 ,0 ,3/2 ,0 ,0 ,0 ,-213/64 | 0
0 ,0 ,0 ,0 ,-13/2 ,0 ,0 ,39/32 | 0
-32/13 ,0 ,0 ,0 ,0 ,32/39 ,0 ,20/13 | 0
-1 ,0 ,0 ,0 ,0 ,0 ,-1/3 ,29/96 | 0
0 ,0 ,0 ,0 ,0 ,0 ,0 ,1 | 0

R3 --> R3 - 1228/111*R8

0 ,0 ,0 ,0 ,0 ,0 ,0 ,0 | 0
0 ,1 ,0 ,0 ,0 ,0 ,0 ,0 | 0
-6 ,0 ,-6 ,0 ,0 ,0 ,0 ,0 | 0
0 ,0 ,0 ,3/2 ,0 ,0 ,0 ,-213/64 | 0
0 ,0 ,0 ,0 ,-13/2 ,0 ,0 ,39/32 | 0
-32/13 ,0 ,0 ,0 ,0 ,32/39 ,0 ,20/13 | 0
-1 ,0 ,0 ,0 ,0 ,0 ,-1/3 ,29/96 | 0
0 ,0 ,0 ,0 ,0 ,0 ,0 ,1 | 0

R4 --> R4 + 416/125*R8

0 ,0 ,0 ,0 ,0 ,0 ,0 ,0 | 0
0 ,1 ,0 ,0 ,0 ,0 ,0 ,0 | 0
-6 ,0 ,-6 ,0 ,0 ,0 ,0 ,0 | 0
0 ,0 ,0 ,3/2 ,0 ,0 ,0 ,0 | 0
0 ,0 ,0 ,0 ,-13/2 ,0 ,0 ,39/32 | 0
-32/13 ,0 ,0 ,0 ,0 ,32/39 ,0 ,20/13 | 0
-1 ,0 ,0 ,0 ,0 ,0 ,-1/3 ,29/96 | 0
0 ,0 ,0 ,0 ,0 ,0 ,0 ,1 | 0

R4 --> 667/1000*R4

0 ,0 ,0 ,0 ,0 ,0 ,0 ,0 | 0
0 ,1 ,0 ,0 ,0 ,0 ,0 ,0 | 0
-6 ,0 ,-6 ,0 ,0 ,0 ,0 ,0 | 0
0 ,0 ,0 ,1 ,0 ,0 ,0 ,0 | 0
0 ,0 ,0 ,0 ,-13/2 ,0 ,0 ,39/32 | 0
-32/13 ,0 ,0 ,0 ,0 ,32/39 ,0 ,20/13 | 0
-1 ,0 ,0 ,0 ,0 ,0 ,-1/3 ,29/96 | 0
0 ,0 ,0 ,0 ,0 ,0 ,0 ,1 | 0

R5 --> R5 - 295/242*R8

0 ,0 ,0 ,0 ,0 ,0 ,0 ,0 | 0
0 ,1 ,0 ,0 ,0 ,0 ,0 ,0 | 0
-6 ,0 ,-6 ,0 ,0 ,0 ,0 ,0 | 0
0 ,0 ,0 ,1 ,0 ,0 ,0 ,0 | 0
0 ,0 ,0 ,0 ,-13/2 ,0 ,0 ,0 | 0
-32/13 ,0 ,0 ,0 ,0 ,32/39 ,0 ,20/13 | 0
-1 ,0 ,0 ,0 ,0 ,0 ,-1/3 ,29/96 | 0
0 ,0 ,0 ,0 ,0 ,0 ,0 ,1 | 0

R5 --> -77/500*R5

0 ,0 ,0 ,0 ,0 ,0 ,0 ,0 | 0
0 ,1 ,0 ,0 ,0 ,0 ,0 ,0 | 0
-6 ,0 ,-6 ,0 ,0 ,0 ,0 ,0 | 0
0 ,0 ,0 ,1 ,0 ,0 ,0 ,0 | 0
0 ,0 ,0 ,0 ,1 ,0 ,0 ,0 | 0
-32/13 ,0 ,0 ,0 ,0 ,32/39 ,0 ,20/13 | 0
-1 ,0 ,0 ,0 ,0 ,0 ,-1/3 ,29/96 | 0
0 ,0 ,0 ,0 ,0 ,0 ,0 ,1 | 0

R6 --> R6 - 263/171*R8

0 ,0 ,0 ,0 ,0 ,0 ,0 ,0 | 0
0 ,1 ,0 ,0 ,0 ,0 ,0 ,0 | 0
-6 ,0 ,-6 ,0 ,0 ,0 ,0 ,0 | 0
0 ,0 ,0 ,1 ,0 ,0 ,0 ,0 | 0
0 ,0 ,0 ,0 ,1 ,0 ,0 ,0 | 0
-32/13 ,0 ,0 ,0 ,0 ,32/39 ,0 ,0 | 0
-1 ,0 ,0 ,0 ,0 ,0 ,-1/3 ,29/96 | 0
0 ,0 ,0 ,0 ,0 ,0 ,0 ,1 | 0

R7 --> R7 - 151/500*R8

0 ,0 ,0 ,0 ,0 ,0 ,0 ,0 | 0
0 ,1 ,0 ,0 ,0 ,0 ,0 ,0 | 0
-6 ,0 ,-6 ,0 ,0 ,0 ,0 ,0 | 0
0 ,0 ,0 ,1 ,0 ,0 ,0 ,0 | 0
0 ,0 ,0 ,0 ,1 ,0 ,0 ,0 | 0
-32/13 ,0 ,0 ,0 ,0 ,32/39 ,0 ,0 | 0
-1 ,0 ,0 ,0 ,0 ,0 ,-1/3 ,0 | 0
0 ,0 ,0 ,0 ,0 ,0 ,0 ,1 | 0

define a new column in the vector b when x1 is a free variable in R8 space:
1 ,0 ,0 ,0 ,0 ,0 ,0 ,0 | 0 ,1
0 ,1 ,0 ,0 ,0 ,0 ,0 ,0 | 0 ,0
-6 ,0 ,-6 ,0 ,0 ,0 ,0 ,0 | 0 ,0
0 ,0 ,0 ,1 ,0 ,0 ,0 ,0 | 0 ,0
0 ,0 ,0 ,0 ,1 ,0 ,0 ,0 | 0 ,0
-32/13 ,0 ,0 ,0 ,0 ,32/39 ,0 ,0 | 0 ,0
-1 ,0 ,0 ,0 ,0 ,0 ,-1/3 ,0 | 0 ,0
0 ,0 ,0 ,0 ,0 ,0 ,0 ,1 | 0 ,0

R3 --> R3 + 6*R1

1 ,0 ,0 ,0 ,0 ,0 ,0 ,0 | 0 ,1
0 ,1 ,0 ,0 ,0 ,0 ,0 ,0 | 0 ,0
0 ,0 ,-6 ,0 ,0 ,0 ,0 ,0 | 0 ,6
0 ,0 ,0 ,1 ,0 ,0 ,0 ,0 | 0 ,0
0 ,0 ,0 ,0 ,1 ,0 ,0 ,0 | 0 ,0
-32/13 ,0 ,0 ,0 ,0 ,32/39 ,0 ,0 | 0 ,0
-1 ,0 ,0 ,0 ,0 ,0 ,-1/3 ,0 | 0 ,0
0 ,0 ,0 ,0 ,0 ,0 ,0 ,1 | 0 ,0

R3 --> -167/1000*R3

1 ,0 ,0 ,0 ,0 ,0 ,0 ,0 | 0 ,1
0 ,1 ,0 ,0 ,0 ,0 ,0 ,0 | 0 ,0
0 ,0 ,1 ,0 ,0 ,0 ,0 ,0 | 0 ,-1
0 ,0 ,0 ,1 ,0 ,0 ,0 ,0 | 0 ,0
0 ,0 ,0 ,0 ,1 ,0 ,0 ,0 | 0 ,0
-32/13 ,0 ,0 ,0 ,0 ,32/39 ,0 ,0 | 0 ,0
-1 ,0 ,0 ,0 ,0 ,0 ,-1/3 ,0 | 0 ,0
0 ,0 ,0 ,0 ,0 ,0 ,0 ,1 | 0 ,0

R6 --> R6 + 421/171*R1

1 ,0 ,0 ,0 ,0 ,0 ,0 ,0 | 0 ,1
0 ,1 ,0 ,0 ,0 ,0 ,0 ,0 | 0 ,0
0 ,0 ,1 ,0 ,0 ,0 ,0 ,0 | 0 ,-1
0 ,0 ,0 ,1 ,0 ,0 ,0 ,0 | 0 ,0
0 ,0 ,0 ,0 ,1 ,0 ,0 ,0 | 0 ,0
0 ,0 ,0 ,0 ,0 ,32/39 ,0 ,0 | 0 ,32/13
-1 ,0 ,0 ,0 ,0 ,0 ,-1/3 ,0 | 0 ,0
0 ,0 ,0 ,0 ,0 ,0 ,0 ,1 | 0 ,0

R6 --> 295/242*R6

1 ,0 ,0 ,0 ,0 ,0 ,0 ,0 | 0 ,1
0 ,1 ,0 ,0 ,0 ,0 ,0 ,0 | 0 ,0
0 ,0 ,1 ,0 ,0 ,0 ,0 ,0 | 0 ,-1
0 ,0 ,0 ,1 ,0 ,0 ,0 ,0 | 0 ,0
0 ,0 ,0 ,0 ,1 ,0 ,0 ,0 | 0 ,0
0 ,0 ,0 ,0 ,0 ,1 ,0 ,0 | 0 ,3
-1 ,0 ,0 ,0 ,0 ,0 ,-1/3 ,0 | 0 ,0
0 ,0 ,0 ,0 ,0 ,0 ,0 ,1 | 0 ,0

R7 --> R7 + R1

1 ,0 ,0 ,0 ,0 ,0 ,0 ,0 | 0 ,1
0 ,1 ,0 ,0 ,0 ,0 ,0 ,0 | 0 ,0
0 ,0 ,1 ,0 ,0 ,0 ,0 ,0 | 0 ,-1
0 ,0 ,0 ,1 ,0 ,0 ,0 ,0 | 0 ,0
0 ,0 ,0 ,0 ,1 ,0 ,0 ,0 | 0 ,0
0 ,0 ,0 ,0 ,0 ,1 ,0 ,0 | 0 ,3
0 ,0 ,0 ,0 ,0 ,0 ,-1/3 ,0 | 0 ,1
0 ,0 ,0 ,0 ,0 ,0 ,0 ,1 | 0 ,0

R7 --> -3*R7

1 ,0 ,0 ,0 ,0 ,0 ,0 ,0 | 0 ,1
0 ,1 ,0 ,0 ,0 ,0 ,0 ,0 | 0 ,0
0 ,0 ,1 ,0 ,0 ,0 ,0 ,0 | 0 ,-1
0 ,0 ,0 ,1 ,0 ,0 ,0 ,0 | 0 ,0
0 ,0 ,0 ,0 ,1 ,0 ,0 ,0 | 0 ,0
0 ,0 ,0 ,0 ,0 ,1 ,0 ,0 | 0 ,3
0 ,0 ,0 ,0 ,0 ,0 ,1 ,0 | 0 ,-3
0 ,0 ,0 ,0 ,0 ,0 ,0 ,1 | 0 ,0

the solution is an infinite set of vectors in R8 space which are linearly dependents in the vector space:
x = λ*(1 ,0 ,-1 ,0 ,0 ,3 ,-3 ,0) when λ it's a free scalar that belongs to the R set
