solve the next system in R8 space (8 equations)(8 unknowns):
eq1: -   x1 + 4*x2 - 2*x3 - 2*x4 +   x5 + 3*x6        + 2*x8  = 0
eq2: -   x1        - 3*x3 - 4*x4 - 2*x5 - 2*x6 +   x7 - 2*x8  = 0
eq3:               + 4*x3        - 4*x5 - 4*x6                = 0
eq4:        + 2*x2 - 2*x3 + 2*x4        + 4*x6 +   x7 - 4*x8  = 0
eq5: +   x1 + 3*x2 + 3*x3 +   x4        + 3*x6        - 2*x8  = 0
eq6:                      + 3*x4 + 2*x5 + 2*x6 - 2*x7 - 3*x8  = 0
eq7: - 2*x1        + 3*x3 + 4*x4 -   x5        - 3*x7 - 3*x8  = 0
eq8: + 4*x1        - 4*x3 +   x4 + 4*x5               +   x8  = 0

-1 ,4 ,-2 ,-2 ,1 ,3 ,0 ,2 | 0
-1 ,0 ,-3 ,-4 ,-2 ,-2 ,1 ,-2 | 0
0 ,0 ,4 ,0 ,-4 ,-4 ,0 ,0 | 0
0 ,2 ,-2 ,2 ,0 ,4 ,1 ,-4 | 0
1 ,3 ,3 ,1 ,0 ,3 ,0 ,-2 | 0
0 ,0 ,0 ,3 ,2 ,2 ,-2 ,-3 | 0
-2 ,0 ,3 ,4 ,-1 ,0 ,-3 ,-3 | 0
4 ,0 ,-4 ,1 ,4 ,0 ,0 ,1 | 0

implement the solution by ranking rows method:
transform A matrix to I by a ranking rows:
R2 --> R2 - R1

-1 ,4 ,-2 ,-2 ,1 ,3 ,0 ,2 | 0
0 ,-4 ,-1 ,-2 ,-3 ,-5 ,1 ,-4 | 0
0 ,0 ,4 ,0 ,-4 ,-4 ,0 ,0 | 0
0 ,2 ,-2 ,2 ,0 ,4 ,1 ,-4 | 0
1 ,3 ,3 ,1 ,0 ,3 ,0 ,-2 | 0
0 ,0 ,0 ,3 ,2 ,2 ,-2 ,-3 | 0
-2 ,0 ,3 ,4 ,-1 ,0 ,-3 ,-3 | 0
4 ,0 ,-4 ,1 ,4 ,0 ,0 ,1 | 0

R5 --> R5 + R1

-1 ,4 ,-2 ,-2 ,1 ,3 ,0 ,2 | 0
0 ,-4 ,-1 ,-2 ,-3 ,-5 ,1 ,-4 | 0
0 ,0 ,4 ,0 ,-4 ,-4 ,0 ,0 | 0
0 ,2 ,-2 ,2 ,0 ,4 ,1 ,-4 | 0
0 ,7 ,1 ,-1 ,1 ,6 ,0 ,0 | 0
0 ,0 ,0 ,3 ,2 ,2 ,-2 ,-3 | 0
-2 ,0 ,3 ,4 ,-1 ,0 ,-3 ,-3 | 0
4 ,0 ,-4 ,1 ,4 ,0 ,0 ,1 | 0

R7 --> R7 - 2*R1

-1 ,4 ,-2 ,-2 ,1 ,3 ,0 ,2 | 0
0 ,-4 ,-1 ,-2 ,-3 ,-5 ,1 ,-4 | 0
0 ,0 ,4 ,0 ,-4 ,-4 ,0 ,0 | 0
0 ,2 ,-2 ,2 ,0 ,4 ,1 ,-4 | 0
0 ,7 ,1 ,-1 ,1 ,6 ,0 ,0 | 0
0 ,0 ,0 ,3 ,2 ,2 ,-2 ,-3 | 0
0 ,-8 ,7 ,8 ,-3 ,-6 ,-3 ,-7 | 0
4 ,0 ,-4 ,1 ,4 ,0 ,0 ,1 | 0

R8 --> R8 + 4*R1

-1 ,4 ,-2 ,-2 ,1 ,3 ,0 ,2 | 0
0 ,-4 ,-1 ,-2 ,-3 ,-5 ,1 ,-4 | 0
0 ,0 ,4 ,0 ,-4 ,-4 ,0 ,0 | 0
0 ,2 ,-2 ,2 ,0 ,4 ,1 ,-4 | 0
0 ,7 ,1 ,-1 ,1 ,6 ,0 ,0 | 0
0 ,0 ,0 ,3 ,2 ,2 ,-2 ,-3 | 0
0 ,-8 ,7 ,8 ,-3 ,-6 ,-3 ,-7 | 0
0 ,16 ,-12 ,-7 ,8 ,12 ,0 ,9 | 0

R1 --> R1 + R2

-1 ,0 ,-3 ,-4 ,-2 ,-2 ,1 ,-2 | 0
0 ,-4 ,-1 ,-2 ,-3 ,-5 ,1 ,-4 | 0
0 ,0 ,4 ,0 ,-4 ,-4 ,0 ,0 | 0
0 ,2 ,-2 ,2 ,0 ,4 ,1 ,-4 | 0
0 ,7 ,1 ,-1 ,1 ,6 ,0 ,0 | 0
0 ,0 ,0 ,3 ,2 ,2 ,-2 ,-3 | 0
0 ,-8 ,7 ,8 ,-3 ,-6 ,-3 ,-7 | 0
0 ,16 ,-12 ,-7 ,8 ,12 ,0 ,9 | 0

R4 --> R4 + 0.5*R2

-1 ,0 ,-3 ,-4 ,-2 ,-2 ,1 ,-2 | 0
0 ,-4 ,-1 ,-2 ,-3 ,-5 ,1 ,-4 | 0
0 ,0 ,4 ,0 ,-4 ,-4 ,0 ,0 | 0
0 ,0 ,-2.5 ,1 ,-1.5 ,1.5 ,1.5 ,-6 | 0
0 ,7 ,1 ,-1 ,1 ,6 ,0 ,0 | 0
0 ,0 ,0 ,3 ,2 ,2 ,-2 ,-3 | 0
0 ,-8 ,7 ,8 ,-3 ,-6 ,-3 ,-7 | 0
0 ,16 ,-12 ,-7 ,8 ,12 ,0 ,9 | 0

R5 --> R5 + 1.75*R2

-1 ,0 ,-3 ,-4 ,-2 ,-2 ,1 ,-2 | 0
0 ,-4 ,-1 ,-2 ,-3 ,-5 ,1 ,-4 | 0
0 ,0 ,4 ,0 ,-4 ,-4 ,0 ,0 | 0
0 ,0 ,-2.5 ,1 ,-1.5 ,1.5 ,1.5 ,-6 | 0
0 ,0 ,-0.75 ,-4.5 ,-4.25 ,-2.75 ,1.75 ,-7 | 0
0 ,0 ,0 ,3 ,2 ,2 ,-2 ,-3 | 0
0 ,-8 ,7 ,8 ,-3 ,-6 ,-3 ,-7 | 0
0 ,16 ,-12 ,-7 ,8 ,12 ,0 ,9 | 0

R7 --> R7 - 2*R2

-1 ,0 ,-3 ,-4 ,-2 ,-2 ,1 ,-2 | 0
0 ,-4 ,-1 ,-2 ,-3 ,-5 ,1 ,-4 | 0
0 ,0 ,4 ,0 ,-4 ,-4 ,0 ,0 | 0
0 ,0 ,-2.5 ,1 ,-1.5 ,1.5 ,1.5 ,-6 | 0
0 ,0 ,-0.75 ,-4.5 ,-4.25 ,-2.75 ,1.75 ,-7 | 0
0 ,0 ,0 ,3 ,2 ,2 ,-2 ,-3 | 0
0 ,0 ,9 ,12 ,3 ,4 ,-5 ,1 | 0
0 ,16 ,-12 ,-7 ,8 ,12 ,0 ,9 | 0

R8 --> R8 + 4*R2

-1 ,0 ,-3 ,-4 ,-2 ,-2 ,1 ,-2 | 0
0 ,-4 ,-1 ,-2 ,-3 ,-5 ,1 ,-4 | 0
0 ,0 ,4 ,0 ,-4 ,-4 ,0 ,0 | 0
0 ,0 ,-2.5 ,1 ,-1.5 ,1.5 ,1.5 ,-6 | 0
0 ,0 ,-0.75 ,-4.5 ,-4.25 ,-2.75 ,1.75 ,-7 | 0
0 ,0 ,0 ,3 ,2 ,2 ,-2 ,-3 | 0
0 ,0 ,9 ,12 ,3 ,4 ,-5 ,1 | 0
0 ,0 ,-16 ,-15 ,-4 ,-8 ,4 ,-7 | 0

R1 --> R1 + 0.75*R3

-1 ,0 ,0 ,-4 ,-5 ,-5 ,1 ,-2 | 0
0 ,-4 ,-1 ,-2 ,-3 ,-5 ,1 ,-4 | 0
0 ,0 ,4 ,0 ,-4 ,-4 ,0 ,0 | 0
0 ,0 ,-2.5 ,1 ,-1.5 ,1.5 ,1.5 ,-6 | 0
0 ,0 ,-0.75 ,-4.5 ,-4.25 ,-2.75 ,1.75 ,-7 | 0
0 ,0 ,0 ,3 ,2 ,2 ,-2 ,-3 | 0
0 ,0 ,9 ,12 ,3 ,4 ,-5 ,1 | 0
0 ,0 ,-16 ,-15 ,-4 ,-8 ,4 ,-7 | 0

R2 --> R2 + 0.25*R3

-1 ,0 ,0 ,-4 ,-5 ,-5 ,1 ,-2 | 0
0 ,-4 ,0 ,-2 ,-4 ,-6 ,1 ,-4 | 0
0 ,0 ,4 ,0 ,-4 ,-4 ,0 ,0 | 0
0 ,0 ,-2.5 ,1 ,-1.5 ,1.5 ,1.5 ,-6 | 0
0 ,0 ,-0.75 ,-4.5 ,-4.25 ,-2.75 ,1.75 ,-7 | 0
0 ,0 ,0 ,3 ,2 ,2 ,-2 ,-3 | 0
0 ,0 ,9 ,12 ,3 ,4 ,-5 ,1 | 0
0 ,0 ,-16 ,-15 ,-4 ,-8 ,4 ,-7 | 0

R4 --> R4 + 0.625*R3

-1 ,0 ,0 ,-4 ,-5 ,-5 ,1 ,-2 | 0
0 ,-4 ,0 ,-2 ,-4 ,-6 ,1 ,-4 | 0
0 ,0 ,4 ,0 ,-4 ,-4 ,0 ,0 | 0
0 ,0 ,0 ,1 ,-4 ,-1 ,1.5 ,-6 | 0
0 ,0 ,-0.75 ,-4.5 ,-4.25 ,-2.75 ,1.75 ,-7 | 0
0 ,0 ,0 ,3 ,2 ,2 ,-2 ,-3 | 0
0 ,0 ,9 ,12 ,3 ,4 ,-5 ,1 | 0
0 ,0 ,-16 ,-15 ,-4 ,-8 ,4 ,-7 | 0

R5 --> R5 + 0.187*R3

-1 ,0 ,0 ,-4 ,-5 ,-5 ,1 ,-2 | 0
0 ,-4 ,0 ,-2 ,-4 ,-6 ,1 ,-4 | 0
0 ,0 ,4 ,0 ,-4 ,-4 ,0 ,0 | 0
0 ,0 ,0 ,1 ,-4 ,-1 ,1.5 ,-6 | 0
0 ,0 ,0 ,-4.5 ,-5 ,-3.5 ,1.75 ,-7 | 0
0 ,0 ,0 ,3 ,2 ,2 ,-2 ,-3 | 0
0 ,0 ,9 ,12 ,3 ,4 ,-5 ,1 | 0
0 ,0 ,-16 ,-15 ,-4 ,-8 ,4 ,-7 | 0

R7 --> R7 - 2.25*R3

-1 ,0 ,0 ,-4 ,-5 ,-5 ,1 ,-2 | 0
0 ,-4 ,0 ,-2 ,-4 ,-6 ,1 ,-4 | 0
0 ,0 ,4 ,0 ,-4 ,-4 ,0 ,0 | 0
0 ,0 ,0 ,1 ,-4 ,-1 ,1.5 ,-6 | 0
0 ,0 ,0 ,-4.5 ,-5 ,-3.5 ,1.75 ,-7 | 0
0 ,0 ,0 ,3 ,2 ,2 ,-2 ,-3 | 0
0 ,0 ,0 ,12 ,12 ,13 ,-5 ,1 | 0
0 ,0 ,-16 ,-15 ,-4 ,-8 ,4 ,-7 | 0

R8 --> R8 + 4*R3

-1 ,0 ,0 ,-4 ,-5 ,-5 ,1 ,-2 | 0
0 ,-4 ,0 ,-2 ,-4 ,-6 ,1 ,-4 | 0
0 ,0 ,4 ,0 ,-4 ,-4 ,0 ,0 | 0
0 ,0 ,0 ,1 ,-4 ,-1 ,1.5 ,-6 | 0
0 ,0 ,0 ,-4.5 ,-5 ,-3.5 ,1.75 ,-7 | 0
0 ,0 ,0 ,3 ,2 ,2 ,-2 ,-3 | 0
0 ,0 ,0 ,12 ,12 ,13 ,-5 ,1 | 0
0 ,0 ,0 ,-15 ,-20 ,-24 ,4 ,-7 | 0

R1 --> R1 + 4*R4

-1 ,0 ,0 ,0 ,-21 ,-9 ,7 ,-26 | 0
0 ,-4 ,0 ,-2 ,-4 ,-6 ,1 ,-4 | 0
0 ,0 ,4 ,0 ,-4 ,-4 ,0 ,0 | 0
0 ,0 ,0 ,1 ,-4 ,-1 ,1.5 ,-6 | 0
0 ,0 ,0 ,-4.5 ,-5 ,-3.5 ,1.75 ,-7 | 0
0 ,0 ,0 ,3 ,2 ,2 ,-2 ,-3 | 0
0 ,0 ,0 ,12 ,12 ,13 ,-5 ,1 | 0
0 ,0 ,0 ,-15 ,-20 ,-24 ,4 ,-7 | 0

R2 --> R2 + 2*R4

-1 ,0 ,0 ,0 ,-21 ,-9 ,7 ,-26 | 0
0 ,-4 ,0 ,0 ,-12 ,-8 ,4 ,-16 | 0
0 ,0 ,4 ,0 ,-4 ,-4 ,0 ,0 | 0
0 ,0 ,0 ,1 ,-4 ,-1 ,1.5 ,-6 | 0
0 ,0 ,0 ,-4.5 ,-5 ,-3.5 ,1.75 ,-7 | 0
0 ,0 ,0 ,3 ,2 ,2 ,-2 ,-3 | 0
0 ,0 ,0 ,12 ,12 ,13 ,-5 ,1 | 0
0 ,0 ,0 ,-15 ,-20 ,-24 ,4 ,-7 | 0

R5 --> R5 + 4.5*R4

-1 ,0 ,0 ,0 ,-21 ,-9 ,7 ,-26 | 0
0 ,-4 ,0 ,0 ,-12 ,-8 ,4 ,-16 | 0
0 ,0 ,4 ,0 ,-4 ,-4 ,0 ,0 | 0
0 ,0 ,0 ,1 ,-4 ,-1 ,1.5 ,-6 | 0
0 ,0 ,0 ,0 ,-23 ,-8 ,8.5 ,-34 | 0
0 ,0 ,0 ,3 ,2 ,2 ,-2 ,-3 | 0
0 ,0 ,0 ,12 ,12 ,13 ,-5 ,1 | 0
0 ,0 ,0 ,-15 ,-20 ,-24 ,4 ,-7 | 0

R6 --> R6 - 3*R4

-1 ,0 ,0 ,0 ,-21 ,-9 ,7 ,-26 | 0
0 ,-4 ,0 ,0 ,-12 ,-8 ,4 ,-16 | 0
0 ,0 ,4 ,0 ,-4 ,-4 ,0 ,0 | 0
0 ,0 ,0 ,1 ,-4 ,-1 ,1.5 ,-6 | 0
0 ,0 ,0 ,0 ,-23 ,-8 ,8.5 ,-34 | 0
0 ,0 ,0 ,0 ,14 ,5 ,-6.5 ,15 | 0
0 ,0 ,0 ,12 ,12 ,13 ,-5 ,1 | 0
0 ,0 ,0 ,-15 ,-20 ,-24 ,4 ,-7 | 0

R7 --> R7 - 12*R4

-1 ,0 ,0 ,0 ,-21 ,-9 ,7 ,-26 | 0
0 ,-4 ,0 ,0 ,-12 ,-8 ,4 ,-16 | 0
0 ,0 ,4 ,0 ,-4 ,-4 ,0 ,0 | 0
0 ,0 ,0 ,1 ,-4 ,-1 ,1.5 ,-6 | 0
0 ,0 ,0 ,0 ,-23 ,-8 ,8.5 ,-34 | 0
0 ,0 ,0 ,0 ,14 ,5 ,-6.5 ,15 | 0
0 ,0 ,0 ,0 ,60 ,25 ,-23 ,73 | 0
0 ,0 ,0 ,-15 ,-20 ,-24 ,4 ,-7 | 0

R8 --> R8 + 15*R4

-1 ,0 ,0 ,0 ,-21 ,-9 ,7 ,-26 | 0
0 ,-4 ,0 ,0 ,-12 ,-8 ,4 ,-16 | 0
0 ,0 ,4 ,0 ,-4 ,-4 ,0 ,0 | 0
0 ,0 ,0 ,1 ,-4 ,-1 ,1.5 ,-6 | 0
0 ,0 ,0 ,0 ,-23 ,-8 ,8.5 ,-34 | 0
0 ,0 ,0 ,0 ,14 ,5 ,-6.5 ,15 | 0
0 ,0 ,0 ,0 ,60 ,25 ,-23 ,73 | 0
0 ,0 ,0 ,0 ,-80 ,-39 ,26.5 ,-97 | 0

R1 --> R1 - 0.913*R5

-1 ,0 ,0 ,0 ,0 ,-1.696 ,-0.761 ,5.043 | 0
0 ,-4 ,0 ,0 ,-12 ,-8 ,4 ,-16 | 0
0 ,0 ,4 ,0 ,-4 ,-4 ,0 ,0 | 0
0 ,0 ,0 ,1 ,-4 ,-1 ,1.5 ,-6 | 0
0 ,0 ,0 ,0 ,-23 ,-8 ,8.5 ,-34 | 0
0 ,0 ,0 ,0 ,14 ,5 ,-6.5 ,15 | 0
0 ,0 ,0 ,0 ,60 ,25 ,-23 ,73 | 0
0 ,0 ,0 ,0 ,-80 ,-39 ,26.5 ,-97 | 0

R2 --> R2 - 0.522*R5

-1 ,0 ,0 ,0 ,0 ,-1.696 ,-0.761 ,5.043 | 0
0 ,-4 ,0 ,0 ,0 ,-3.826 ,-0.435 ,1.739 | 0
0 ,0 ,4 ,0 ,-4 ,-4 ,0 ,0 | 0
0 ,0 ,0 ,1 ,-4 ,-1 ,1.5 ,-6 | 0
0 ,0 ,0 ,0 ,-23 ,-8 ,8.5 ,-34 | 0
0 ,0 ,0 ,0 ,14 ,5 ,-6.5 ,15 | 0
0 ,0 ,0 ,0 ,60 ,25 ,-23 ,73 | 0
0 ,0 ,0 ,0 ,-80 ,-39 ,26.5 ,-97 | 0

R3 --> R3 - 0.174*R5

-1 ,0 ,0 ,0 ,0 ,-1.696 ,-0.761 ,5.043 | 0
0 ,-4 ,0 ,0 ,0 ,-3.826 ,-0.435 ,1.739 | 0
0 ,0 ,4 ,0 ,0 ,-2.609 ,-1.478 ,5.913 | 0
0 ,0 ,0 ,1 ,-4 ,-1 ,1.5 ,-6 | 0
0 ,0 ,0 ,0 ,-23 ,-8 ,8.5 ,-34 | 0
0 ,0 ,0 ,0 ,14 ,5 ,-6.5 ,15 | 0
0 ,0 ,0 ,0 ,60 ,25 ,-23 ,73 | 0
0 ,0 ,0 ,0 ,-80 ,-39 ,26.5 ,-97 | 0

R4 --> R4 - 0.174*R5

-1 ,0 ,0 ,0 ,0 ,-1.696 ,-0.761 ,5.043 | 0
0 ,-4 ,0 ,0 ,0 ,-3.826 ,-0.435 ,1.739 | 0
0 ,0 ,4 ,0 ,0 ,-2.609 ,-1.478 ,5.913 | 0
0 ,0 ,0 ,1 ,0 ,0.391 ,0.022 ,-0.087 | 0
0 ,0 ,0 ,0 ,-23 ,-8 ,8.5 ,-34 | 0
0 ,0 ,0 ,0 ,14 ,5 ,-6.5 ,15 | 0
0 ,0 ,0 ,0 ,60 ,25 ,-23 ,73 | 0
0 ,0 ,0 ,0 ,-80 ,-39 ,26.5 ,-97 | 0

R6 --> R6 + 0.609*R5

-1 ,0 ,0 ,0 ,0 ,-1.696 ,-0.761 ,5.043 | 0
0 ,-4 ,0 ,0 ,0 ,-3.826 ,-0.435 ,1.739 | 0
0 ,0 ,4 ,0 ,0 ,-2.609 ,-1.478 ,5.913 | 0
0 ,0 ,0 ,1 ,0 ,0.391 ,0.022 ,-0.087 | 0
0 ,0 ,0 ,0 ,-23 ,-8 ,8.5 ,-34 | 0
0 ,0 ,0 ,0 ,0 ,0.13 ,-1.326 ,-5.696 | 0
0 ,0 ,0 ,0 ,60 ,25 ,-23 ,73 | 0
0 ,0 ,0 ,0 ,-80 ,-39 ,26.5 ,-97 | 0

R7 --> R7 + 2.609*R5

-1 ,0 ,0 ,0 ,0 ,-1.696 ,-0.761 ,5.043 | 0
0 ,-4 ,0 ,0 ,0 ,-3.826 ,-0.435 ,1.739 | 0
0 ,0 ,4 ,0 ,0 ,-2.609 ,-1.478 ,5.913 | 0
0 ,0 ,0 ,1 ,0 ,0.391 ,0.022 ,-0.087 | 0
0 ,0 ,0 ,0 ,-23 ,-8 ,8.5 ,-34 | 0
0 ,0 ,0 ,0 ,0 ,0.13 ,-1.326 ,-5.696 | 0
0 ,0 ,0 ,0 ,0 ,4.13 ,-0.826 ,-15.696 | 0
0 ,0 ,0 ,0 ,-80 ,-39 ,26.5 ,-97 | 0

R8 --> R8 - 3.478*R5

-1 ,0 ,0 ,0 ,0 ,-1.696 ,-0.761 ,5.043 | 0
0 ,-4 ,0 ,0 ,0 ,-3.826 ,-0.435 ,1.739 | 0
0 ,0 ,4 ,0 ,0 ,-2.609 ,-1.478 ,5.913 | 0
0 ,0 ,0 ,1 ,0 ,0.391 ,0.022 ,-0.087 | 0
0 ,0 ,0 ,0 ,-23 ,-8 ,8.5 ,-34 | 0
0 ,0 ,0 ,0 ,0 ,0.13 ,-1.326 ,-5.696 | 0
0 ,0 ,0 ,0 ,0 ,4.13 ,-0.826 ,-15.696 | 0
0 ,0 ,0 ,0 ,0 ,-11.174 ,-3.065 ,21.261 | 0

R1 --> R1 + 13*R6

-1 ,0 ,0 ,0 ,0 ,0 ,-18 ,-69 | 0
0 ,-4 ,0 ,0 ,0 ,-3.826 ,-0.435 ,1.739 | 0
0 ,0 ,4 ,0 ,0 ,-2.609 ,-1.478 ,5.913 | 0
0 ,0 ,0 ,1 ,0 ,0.391 ,0.022 ,-0.087 | 0
0 ,0 ,0 ,0 ,-23 ,-8 ,8.5 ,-34 | 0
0 ,0 ,0 ,0 ,0 ,0.13 ,-1.326 ,-5.696 | 0
0 ,0 ,0 ,0 ,0 ,4.13 ,-0.826 ,-15.696 | 0
0 ,0 ,0 ,0 ,0 ,-11.174 ,-3.065 ,21.261 | 0

R2 --> R2 + 29.333*R6

-1 ,0 ,0 ,0 ,0 ,0 ,-18 ,-69 | 0
0 ,-4 ,0 ,0 ,0 ,0 ,-39.333 ,-165.333 | 0
0 ,0 ,4 ,0 ,0 ,-2.609 ,-1.478 ,5.913 | 0
0 ,0 ,0 ,1 ,0 ,0.391 ,0.022 ,-0.087 | 0
0 ,0 ,0 ,0 ,-23 ,-8 ,8.5 ,-34 | 0
0 ,0 ,0 ,0 ,0 ,0.13 ,-1.326 ,-5.696 | 0
0 ,0 ,0 ,0 ,0 ,4.13 ,-0.826 ,-15.696 | 0
0 ,0 ,0 ,0 ,0 ,-11.174 ,-3.065 ,21.261 | 0

R3 --> R3 + 20*R6

-1 ,0 ,0 ,0 ,0 ,0 ,-18 ,-69 | 0
0 ,-4 ,0 ,0 ,0 ,0 ,-39.333 ,-165.333 | 0
0 ,0 ,4 ,0 ,0 ,0 ,-28 ,-108 | 0
0 ,0 ,0 ,1 ,0 ,0.391 ,0.022 ,-0.087 | 0
0 ,0 ,0 ,0 ,-23 ,-8 ,8.5 ,-34 | 0
0 ,0 ,0 ,0 ,0 ,0.13 ,-1.326 ,-5.696 | 0
0 ,0 ,0 ,0 ,0 ,4.13 ,-0.826 ,-15.696 | 0
0 ,0 ,0 ,0 ,0 ,-11.174 ,-3.065 ,21.261 | 0

R4 --> R4 - 3*R6

-1 ,0 ,0 ,0 ,0 ,0 ,-18 ,-69 | 0
0 ,-4 ,0 ,0 ,0 ,0 ,-39.333 ,-165.333 | 0
0 ,0 ,4 ,0 ,0 ,0 ,-28 ,-108 | 0
0 ,0 ,0 ,1 ,0 ,0 ,4 ,17 | 0
0 ,0 ,0 ,0 ,-23 ,-8 ,8.5 ,-34 | 0
0 ,0 ,0 ,0 ,0 ,0.13 ,-1.326 ,-5.696 | 0
0 ,0 ,0 ,0 ,0 ,4.13 ,-0.826 ,-15.696 | 0
0 ,0 ,0 ,0 ,0 ,-11.174 ,-3.065 ,21.261 | 0

R5 --> R5 + 61.333*R6

-1 ,0 ,0 ,0 ,0 ,0 ,-18 ,-69 | 0
0 ,-4 ,0 ,0 ,0 ,0 ,-39.333 ,-165.333 | 0
0 ,0 ,4 ,0 ,0 ,0 ,-28 ,-108 | 0
0 ,0 ,0 ,1 ,0 ,0 ,4 ,17 | 0
0 ,0 ,0 ,0 ,-23 ,0 ,-72.833 ,-383.333 | 0
0 ,0 ,0 ,0 ,0 ,0.13 ,-1.326 ,-5.696 | 0
0 ,0 ,0 ,0 ,0 ,4.13 ,-0.826 ,-15.696 | 0
0 ,0 ,0 ,0 ,0 ,-11.174 ,-3.065 ,21.261 | 0

R7 --> R7 - 31.667*R6

-1 ,0 ,0 ,0 ,0 ,0 ,-18 ,-69 | 0
0 ,-4 ,0 ,0 ,0 ,0 ,-39.333 ,-165.333 | 0
0 ,0 ,4 ,0 ,0 ,0 ,-28 ,-108 | 0
0 ,0 ,0 ,1 ,0 ,0 ,4 ,17 | 0
0 ,0 ,0 ,0 ,-23 ,0 ,-72.833 ,-383.333 | 0
0 ,0 ,0 ,0 ,0 ,0.13 ,-1.326 ,-5.696 | 0
0 ,0 ,0 ,0 ,0 ,0 ,41.167 ,164.666 | 0
0 ,0 ,0 ,0 ,0 ,-11.174 ,-3.065 ,21.261 | 0

R8 --> R8 + 85.667*R6

-1 ,0 ,0 ,0 ,0 ,0 ,-18 ,-69 | 0
0 ,-4 ,0 ,0 ,0 ,0 ,-39.333 ,-165.333 | 0
0 ,0 ,4 ,0 ,0 ,0 ,-28 ,-108 | 0
0 ,0 ,0 ,1 ,0 ,0 ,4 ,17 | 0
0 ,0 ,0 ,0 ,-23 ,0 ,-72.833 ,-383.333 | 0
0 ,0 ,0 ,0 ,0 ,0.13 ,-1.326 ,-5.696 | 0
0 ,0 ,0 ,0 ,0 ,0 ,41.167 ,164.666 | 0
0 ,0 ,0 ,0 ,0 ,0 ,-116.666 ,-466.666 | 0

R1 --> R1 + 0.437*R7

-1 ,0 ,0 ,0 ,0 ,0 ,0 ,3 | 0
0 ,-4 ,0 ,0 ,0 ,0 ,-39.333 ,-165.333 | 0
0 ,0 ,4 ,0 ,0 ,0 ,-28 ,-108 | 0
0 ,0 ,0 ,1 ,0 ,0 ,4 ,17 | 0
0 ,0 ,0 ,0 ,-23 ,0 ,-72.833 ,-383.333 | 0
0 ,0 ,0 ,0 ,0 ,0.13 ,-1.326 ,-5.696 | 0
0 ,0 ,0 ,0 ,0 ,0 ,41.167 ,164.666 | 0
0 ,0 ,0 ,0 ,0 ,0 ,-116.666 ,-466.666 | 0

R2 --> R2 + 0.955*R7

-1 ,0 ,0 ,0 ,0 ,0 ,0 ,3 | 0
0 ,-4 ,0 ,0 ,0 ,0 ,0 ,-8 | 0
0 ,0 ,4 ,0 ,0 ,0 ,-28 ,-108 | 0
0 ,0 ,0 ,1 ,0 ,0 ,4 ,17 | 0
0 ,0 ,0 ,0 ,-23 ,0 ,-72.833 ,-383.333 | 0
0 ,0 ,0 ,0 ,0 ,0.13 ,-1.326 ,-5.696 | 0
0 ,0 ,0 ,0 ,0 ,0 ,41.167 ,164.666 | 0
0 ,0 ,0 ,0 ,0 ,0 ,-116.666 ,-466.666 | 0

R3 --> R3 + 0.68*R7

-1 ,0 ,0 ,0 ,0 ,0 ,0 ,3 | 0
0 ,-4 ,0 ,0 ,0 ,0 ,0 ,-8 | 0
0 ,0 ,4 ,0 ,0 ,0 ,0 ,4 | 0
0 ,0 ,0 ,1 ,0 ,0 ,4 ,17 | 0
0 ,0 ,0 ,0 ,-23 ,0 ,-72.833 ,-383.333 | 0
0 ,0 ,0 ,0 ,0 ,0.13 ,-1.326 ,-5.696 | 0
0 ,0 ,0 ,0 ,0 ,0 ,41.167 ,164.666 | 0
0 ,0 ,0 ,0 ,0 ,0 ,-116.666 ,-466.666 | 0

R4 --> R4 - 0.097*R7

-1 ,0 ,0 ,0 ,0 ,0 ,0 ,3 | 0
0 ,-4 ,0 ,0 ,0 ,0 ,0 ,-8 | 0
0 ,0 ,4 ,0 ,0 ,0 ,0 ,4 | 0
0 ,0 ,0 ,1 ,0 ,0 ,0 ,1 | 0
0 ,0 ,0 ,0 ,-23 ,0 ,-72.833 ,-383.333 | 0
0 ,0 ,0 ,0 ,0 ,0.13 ,-1.326 ,-5.696 | 0
0 ,0 ,0 ,0 ,0 ,0 ,41.167 ,164.666 | 0
0 ,0 ,0 ,0 ,0 ,0 ,-116.666 ,-466.666 | 0

R5 --> R5 + 1.769*R7

-1 ,0 ,0 ,0 ,0 ,0 ,0 ,3 | 0
0 ,-4 ,0 ,0 ,0 ,0 ,0 ,-8 | 0
0 ,0 ,4 ,0 ,0 ,0 ,0 ,4 | 0
0 ,0 ,0 ,1 ,0 ,0 ,0 ,1 | 0
0 ,0 ,0 ,0 ,-23 ,0 ,0 ,-92 | 0
0 ,0 ,0 ,0 ,0 ,0.13 ,-1.326 ,-5.696 | 0
0 ,0 ,0 ,0 ,0 ,0 ,41.167 ,164.666 | 0
0 ,0 ,0 ,0 ,0 ,0 ,-116.666 ,-466.666 | 0

R6 --> R6 + 0.032*R7

-1 ,0 ,0 ,0 ,0 ,0 ,0 ,3 | 0
0 ,-4 ,0 ,0 ,0 ,0 ,0 ,-8 | 0
0 ,0 ,4 ,0 ,0 ,0 ,0 ,4 | 0
0 ,0 ,0 ,1 ,0 ,0 ,0 ,1 | 0
0 ,0 ,0 ,0 ,-23 ,0 ,0 ,-92 | 0
0 ,0 ,0 ,0 ,0 ,0.13 ,0 ,-0.391 | 0
0 ,0 ,0 ,0 ,0 ,0 ,41.167 ,164.666 | 0
0 ,0 ,0 ,0 ,0 ,0 ,-116.666 ,-466.666 | 0

R8 --> R8 + 2.834*R7

-1 ,0 ,0 ,0 ,0 ,0 ,0 ,3 | 0
0 ,-4 ,0 ,0 ,0 ,0 ,0 ,-8 | 0
0 ,0 ,4 ,0 ,0 ,0 ,0 ,4 | 0
0 ,0 ,0 ,1 ,0 ,0 ,0 ,1 | 0
0 ,0 ,0 ,0 ,-23 ,0 ,0 ,-92 | 0
0 ,0 ,0 ,0 ,0 ,0.13 ,0 ,-0.391 | 0
0 ,0 ,0 ,0 ,0 ,0 ,41.167 ,164.666 | 0
0 ,0 ,0 ,0 ,0 ,0 ,0 ,0 | 0

define a new column in the vector b when x8 is a free variable in R8 space:
-1 ,0 ,0 ,0 ,0 ,0 ,0 ,3 | 0 ,0
0 ,-4 ,0 ,0 ,0 ,0 ,0 ,-8 | 0 ,0
0 ,0 ,4 ,0 ,0 ,0 ,0 ,4 | 0 ,0
0 ,0 ,0 ,1 ,0 ,0 ,0 ,1 | 0 ,0
0 ,0 ,0 ,0 ,-23 ,0 ,0 ,-92 | 0 ,0
0 ,0 ,0 ,0 ,0 ,0.13 ,0 ,-0.391 | 0 ,0
0 ,0 ,0 ,0 ,0 ,0 ,41.167 ,164.666 | 0 ,0
0 ,0 ,0 ,0 ,0 ,0 ,0 ,1 | 0 ,1

R1 --> R1 - 3*R8

-1 ,0 ,0 ,0 ,0 ,0 ,0 ,0 | 0 ,-3
0 ,-4 ,0 ,0 ,0 ,0 ,0 ,-8 | 0 ,0
0 ,0 ,4 ,0 ,0 ,0 ,0 ,4 | 0 ,0
0 ,0 ,0 ,1 ,0 ,0 ,0 ,1 | 0 ,0
0 ,0 ,0 ,0 ,-23 ,0 ,0 ,-92 | 0 ,0
0 ,0 ,0 ,0 ,0 ,0.13 ,0 ,-0.391 | 0 ,0
0 ,0 ,0 ,0 ,0 ,0 ,41.167 ,164.666 | 0 ,0
0 ,0 ,0 ,0 ,0 ,0 ,0 ,1 | 0 ,1

R1 --> - R1

1 ,0 ,0 ,0 ,0 ,0 ,0 ,0 | 0 ,3
0 ,-4 ,0 ,0 ,0 ,0 ,0 ,-8 | 0 ,0
0 ,0 ,4 ,0 ,0 ,0 ,0 ,4 | 0 ,0
0 ,0 ,0 ,1 ,0 ,0 ,0 ,1 | 0 ,0
0 ,0 ,0 ,0 ,-23 ,0 ,0 ,-92 | 0 ,0
0 ,0 ,0 ,0 ,0 ,0.13 ,0 ,-0.391 | 0 ,0
0 ,0 ,0 ,0 ,0 ,0 ,41.167 ,164.666 | 0 ,0
0 ,0 ,0 ,0 ,0 ,0 ,0 ,1 | 0 ,1

R2 --> R2 + 8*R8

1 ,0 ,0 ,0 ,0 ,0 ,0 ,0 | 0 ,3
0 ,-4 ,0 ,0 ,0 ,0 ,0 ,0 | 0 ,8
0 ,0 ,4 ,0 ,0 ,0 ,0 ,4 | 0 ,0
0 ,0 ,0 ,1 ,0 ,0 ,0 ,1 | 0 ,0
0 ,0 ,0 ,0 ,-23 ,0 ,0 ,-92 | 0 ,0
0 ,0 ,0 ,0 ,0 ,0.13 ,0 ,-0.391 | 0 ,0
0 ,0 ,0 ,0 ,0 ,0 ,41.167 ,164.666 | 0 ,0
0 ,0 ,0 ,0 ,0 ,0 ,0 ,1 | 0 ,1

R2 --> -0.25*R2

1 ,0 ,0 ,0 ,0 ,0 ,0 ,0 | 0 ,3
0 ,1 ,0 ,0 ,0 ,0 ,0 ,0 | 0 ,-2
0 ,0 ,4 ,0 ,0 ,0 ,0 ,4 | 0 ,0
0 ,0 ,0 ,1 ,0 ,0 ,0 ,1 | 0 ,0
0 ,0 ,0 ,0 ,-23 ,0 ,0 ,-92 | 0 ,0
0 ,0 ,0 ,0 ,0 ,0.13 ,0 ,-0.391 | 0 ,0
0 ,0 ,0 ,0 ,0 ,0 ,41.167 ,164.666 | 0 ,0
0 ,0 ,0 ,0 ,0 ,0 ,0 ,1 | 0 ,1

R3 --> R3 - 4*R8

1 ,0 ,0 ,0 ,0 ,0 ,0 ,0 | 0 ,3
0 ,1 ,0 ,0 ,0 ,0 ,0 ,0 | 0 ,-2
0 ,0 ,4 ,0 ,0 ,0 ,0 ,0 | 0 ,-4
0 ,0 ,0 ,1 ,0 ,0 ,0 ,1 | 0 ,0
0 ,0 ,0 ,0 ,-23 ,0 ,0 ,-92 | 0 ,0
0 ,0 ,0 ,0 ,0 ,0.13 ,0 ,-0.391 | 0 ,0
0 ,0 ,0 ,0 ,0 ,0 ,41.167 ,164.666 | 0 ,0
0 ,0 ,0 ,0 ,0 ,0 ,0 ,1 | 0 ,1

R3 --> 0.25*R3

1 ,0 ,0 ,0 ,0 ,0 ,0 ,0 | 0 ,3
0 ,1 ,0 ,0 ,0 ,0 ,0 ,0 | 0 ,-2
0 ,0 ,1 ,0 ,0 ,0 ,0 ,0 | 0 ,-1
0 ,0 ,0 ,1 ,0 ,0 ,0 ,1 | 0 ,0
0 ,0 ,0 ,0 ,-23 ,0 ,0 ,-92 | 0 ,0
0 ,0 ,0 ,0 ,0 ,0.13 ,0 ,-0.391 | 0 ,0
0 ,0 ,0 ,0 ,0 ,0 ,41.167 ,164.666 | 0 ,0
0 ,0 ,0 ,0 ,0 ,0 ,0 ,1 | 0 ,1

R4 --> R4 - R8

1 ,0 ,0 ,0 ,0 ,0 ,0 ,0 | 0 ,3
0 ,1 ,0 ,0 ,0 ,0 ,0 ,0 | 0 ,-2
0 ,0 ,1 ,0 ,0 ,0 ,0 ,0 | 0 ,-1
0 ,0 ,0 ,1 ,0 ,0 ,0 ,0 | 0 ,-1
0 ,0 ,0 ,0 ,-23 ,0 ,0 ,-92 | 0 ,0
0 ,0 ,0 ,0 ,0 ,0.13 ,0 ,-0.391 | 0 ,0
0 ,0 ,0 ,0 ,0 ,0 ,41.167 ,164.666 | 0 ,0
0 ,0 ,0 ,0 ,0 ,0 ,0 ,1 | 0 ,1

R5 --> R5 + 92*R8

1 ,0 ,0 ,0 ,0 ,0 ,0 ,0 | 0 ,3
0 ,1 ,0 ,0 ,0 ,0 ,0 ,0 | 0 ,-2
0 ,0 ,1 ,0 ,0 ,0 ,0 ,0 | 0 ,-1
0 ,0 ,0 ,1 ,0 ,0 ,0 ,0 | 0 ,-1
0 ,0 ,0 ,0 ,-23 ,0 ,0 ,0 | 0 ,92
0 ,0 ,0 ,0 ,0 ,0.13 ,0 ,-0.391 | 0 ,0
0 ,0 ,0 ,0 ,0 ,0 ,41.167 ,164.666 | 0 ,0
0 ,0 ,0 ,0 ,0 ,0 ,0 ,1 | 0 ,1

R5 --> -0.043*R5

1 ,0 ,0 ,0 ,0 ,0 ,0 ,0 | 0 ,3
0 ,1 ,0 ,0 ,0 ,0 ,0 ,0 | 0 ,-2
0 ,0 ,1 ,0 ,0 ,0 ,0 ,0 | 0 ,-1
0 ,0 ,0 ,1 ,0 ,0 ,0 ,0 | 0 ,-1
0 ,0 ,0 ,0 ,1 ,0 ,0 ,0 | 0 ,-4
0 ,0 ,0 ,0 ,0 ,0.13 ,0 ,-0.391 | 0 ,0
0 ,0 ,0 ,0 ,0 ,0 ,41.167 ,164.666 | 0 ,0
0 ,0 ,0 ,0 ,0 ,0 ,0 ,1 | 0 ,1

R6 --> R6 + 0.391*R8

1 ,0 ,0 ,0 ,0 ,0 ,0 ,0 | 0 ,3
0 ,1 ,0 ,0 ,0 ,0 ,0 ,0 | 0 ,-2
0 ,0 ,1 ,0 ,0 ,0 ,0 ,0 | 0 ,-1
0 ,0 ,0 ,1 ,0 ,0 ,0 ,0 | 0 ,-1
0 ,0 ,0 ,0 ,1 ,0 ,0 ,0 | 0 ,-4
0 ,0 ,0 ,0 ,0 ,0.13 ,0 ,0 | 0 ,0.391
0 ,0 ,0 ,0 ,0 ,0 ,41.167 ,164.666 | 0 ,0
0 ,0 ,0 ,0 ,0 ,0 ,0 ,1 | 0 ,1

R6 --> 7.667*R6

1 ,0 ,0 ,0 ,0 ,0 ,0 ,0 | 0 ,3
0 ,1 ,0 ,0 ,0 ,0 ,0 ,0 | 0 ,-2
0 ,0 ,1 ,0 ,0 ,0 ,0 ,0 | 0 ,-1
0 ,0 ,0 ,1 ,0 ,0 ,0 ,0 | 0 ,-1
0 ,0 ,0 ,0 ,1 ,0 ,0 ,0 | 0 ,-4
0 ,0 ,0 ,0 ,0 ,1 ,0 ,0 | 0 ,3
0 ,0 ,0 ,0 ,0 ,0 ,41.167 ,164.666 | 0 ,0
0 ,0 ,0 ,0 ,0 ,0 ,0 ,1 | 0 ,1

R7 --> R7 - 164.666*R8

1 ,0 ,0 ,0 ,0 ,0 ,0 ,0 | 0 ,3
0 ,1 ,0 ,0 ,0 ,0 ,0 ,0 | 0 ,-2
0 ,0 ,1 ,0 ,0 ,0 ,0 ,0 | 0 ,-1
0 ,0 ,0 ,1 ,0 ,0 ,0 ,0 | 0 ,-1
0 ,0 ,0 ,0 ,1 ,0 ,0 ,0 | 0 ,-4
0 ,0 ,0 ,0 ,0 ,1 ,0 ,0 | 0 ,3
0 ,0 ,0 ,0 ,0 ,0 ,41.167 ,0 | 0 ,-164.666
0 ,0 ,0 ,0 ,0 ,0 ,0 ,1 | 0 ,1

R7 --> 0.024*R7

1 ,0 ,0 ,0 ,0 ,0 ,0 ,0 | 0 ,3
0 ,1 ,0 ,0 ,0 ,0 ,0 ,0 | 0 ,-2
0 ,0 ,1 ,0 ,0 ,0 ,0 ,0 | 0 ,-1
0 ,0 ,0 ,1 ,0 ,0 ,0 ,0 | 0 ,-1
0 ,0 ,0 ,0 ,1 ,0 ,0 ,0 | 0 ,-4
0 ,0 ,0 ,0 ,0 ,1 ,0 ,0 | 0 ,3
0 ,0 ,0 ,0 ,0 ,0 ,1 ,0 | 0 ,-4
0 ,0 ,0 ,0 ,0 ,0 ,0 ,1 | 0 ,1

the solution is an infinite set of vectors in R8 space which are linearly dependents in the vector space:
x = λ*(3 ,-2 ,-1 ,-1 ,-4 ,3 ,-4 ,1) when λ it's a free scalar that belongs to the R set
