solve the next system in R8 space (8 equations)(8 unknowns):
eq1: + 2*x1 +   x2        - 2*x4 + 3*x5        + 2*x7         = 0
eq2: - 4*x1 + 3*x2        - 3*x4 - 4*x5        - 2*x7 + 2*x8  = 0
eq3: - 4*x1 - 2*x2 + 4*x3 + 3*x4 + 2*x5 + 4*x6                = 0
eq4: + 2*x1               +   x4 -   x5        - 4*x7 + 3*x8  = 0
eq5:        + 2*x2 - 3*x3 - 2*x4        - 3*x6                = 0
eq6: -   x1 + 2*x2               - 3*x5        + 4*x7 + 3*x8  = 0
eq7: - 4*x1 - 2*x2 + 4*x3 + 2*x4 - 2*x5 + 4*x6 + 4*x7 +   x8  = 0
eq8: + 2*x1 - 2*x2        - 4*x4 - 3*x5        + 3*x7 -   x8  = 0

2 ,1 ,0 ,-2 ,3 ,0 ,2 ,0 | 0
-4 ,3 ,0 ,-3 ,-4 ,0 ,-2 ,2 | 0
-4 ,-2 ,4 ,3 ,2 ,4 ,0 ,0 | 0
2 ,0 ,0 ,1 ,-1 ,0 ,-4 ,3 | 0
0 ,2 ,-3 ,-2 ,0 ,-3 ,0 ,0 | 0
-1 ,2 ,0 ,0 ,-3 ,0 ,4 ,3 | 0
-4 ,-2 ,4 ,2 ,-2 ,4 ,4 ,1 | 0
2 ,-2 ,0 ,-4 ,-3 ,0 ,3 ,-1 | 0

implement the solution by ranking rows method:
transform A matrix to I by a ranking rows:
R2 --> R2 + 2*R1

2 ,1 ,0 ,-2 ,3 ,0 ,2 ,0 | 0
0 ,5 ,0 ,-7 ,2 ,0 ,2 ,2 | 0
-4 ,-2 ,4 ,3 ,2 ,4 ,0 ,0 | 0
2 ,0 ,0 ,1 ,-1 ,0 ,-4 ,3 | 0
0 ,2 ,-3 ,-2 ,0 ,-3 ,0 ,0 | 0
-1 ,2 ,0 ,0 ,-3 ,0 ,4 ,3 | 0
-4 ,-2 ,4 ,2 ,-2 ,4 ,4 ,1 | 0
2 ,-2 ,0 ,-4 ,-3 ,0 ,3 ,-1 | 0

R3 --> R3 + 2*R1

2 ,1 ,0 ,-2 ,3 ,0 ,2 ,0 | 0
0 ,5 ,0 ,-7 ,2 ,0 ,2 ,2 | 0
0 ,0 ,4 ,-1 ,8 ,4 ,4 ,0 | 0
2 ,0 ,0 ,1 ,-1 ,0 ,-4 ,3 | 0
0 ,2 ,-3 ,-2 ,0 ,-3 ,0 ,0 | 0
-1 ,2 ,0 ,0 ,-3 ,0 ,4 ,3 | 0
-4 ,-2 ,4 ,2 ,-2 ,4 ,4 ,1 | 0
2 ,-2 ,0 ,-4 ,-3 ,0 ,3 ,-1 | 0

R4 --> R4 - R1

2 ,1 ,0 ,-2 ,3 ,0 ,2 ,0 | 0
0 ,5 ,0 ,-7 ,2 ,0 ,2 ,2 | 0
0 ,0 ,4 ,-1 ,8 ,4 ,4 ,0 | 0
0 ,-1 ,0 ,3 ,-4 ,0 ,-6 ,3 | 0
0 ,2 ,-3 ,-2 ,0 ,-3 ,0 ,0 | 0
-1 ,2 ,0 ,0 ,-3 ,0 ,4 ,3 | 0
-4 ,-2 ,4 ,2 ,-2 ,4 ,4 ,1 | 0
2 ,-2 ,0 ,-4 ,-3 ,0 ,3 ,-1 | 0

R6 --> R6 + 0.5*R1

2 ,1 ,0 ,-2 ,3 ,0 ,2 ,0 | 0
0 ,5 ,0 ,-7 ,2 ,0 ,2 ,2 | 0
0 ,0 ,4 ,-1 ,8 ,4 ,4 ,0 | 0
0 ,-1 ,0 ,3 ,-4 ,0 ,-6 ,3 | 0
0 ,2 ,-3 ,-2 ,0 ,-3 ,0 ,0 | 0
0 ,2.5 ,0 ,-1 ,-1.5 ,0 ,5 ,3 | 0
-4 ,-2 ,4 ,2 ,-2 ,4 ,4 ,1 | 0
2 ,-2 ,0 ,-4 ,-3 ,0 ,3 ,-1 | 0

R7 --> R7 + 2*R1

2 ,1 ,0 ,-2 ,3 ,0 ,2 ,0 | 0
0 ,5 ,0 ,-7 ,2 ,0 ,2 ,2 | 0
0 ,0 ,4 ,-1 ,8 ,4 ,4 ,0 | 0
0 ,-1 ,0 ,3 ,-4 ,0 ,-6 ,3 | 0
0 ,2 ,-3 ,-2 ,0 ,-3 ,0 ,0 | 0
0 ,2.5 ,0 ,-1 ,-1.5 ,0 ,5 ,3 | 0
0 ,0 ,4 ,-2 ,4 ,4 ,8 ,1 | 0
2 ,-2 ,0 ,-4 ,-3 ,0 ,3 ,-1 | 0

R8 --> R8 - R1

2 ,1 ,0 ,-2 ,3 ,0 ,2 ,0 | 0
0 ,5 ,0 ,-7 ,2 ,0 ,2 ,2 | 0
0 ,0 ,4 ,-1 ,8 ,4 ,4 ,0 | 0
0 ,-1 ,0 ,3 ,-4 ,0 ,-6 ,3 | 0
0 ,2 ,-3 ,-2 ,0 ,-3 ,0 ,0 | 0
0 ,2.5 ,0 ,-1 ,-1.5 ,0 ,5 ,3 | 0
0 ,0 ,4 ,-2 ,4 ,4 ,8 ,1 | 0
0 ,-3 ,0 ,-2 ,-6 ,0 ,1 ,-1 | 0

R1 --> R1 - 0.2*R2

2 ,0 ,0 ,-0.6 ,2.6 ,0 ,1.6 ,-0.4 | 0
0 ,5 ,0 ,-7 ,2 ,0 ,2 ,2 | 0
0 ,0 ,4 ,-1 ,8 ,4 ,4 ,0 | 0
0 ,-1 ,0 ,3 ,-4 ,0 ,-6 ,3 | 0
0 ,2 ,-3 ,-2 ,0 ,-3 ,0 ,0 | 0
0 ,2.5 ,0 ,-1 ,-1.5 ,0 ,5 ,3 | 0
0 ,0 ,4 ,-2 ,4 ,4 ,8 ,1 | 0
0 ,-3 ,0 ,-2 ,-6 ,0 ,1 ,-1 | 0

R4 --> R4 + 0.2*R2

2 ,0 ,0 ,-0.6 ,2.6 ,0 ,1.6 ,-0.4 | 0
0 ,5 ,0 ,-7 ,2 ,0 ,2 ,2 | 0
0 ,0 ,4 ,-1 ,8 ,4 ,4 ,0 | 0
0 ,0 ,0 ,1.6 ,-3.6 ,0 ,-5.6 ,3.4 | 0
0 ,2 ,-3 ,-2 ,0 ,-3 ,0 ,0 | 0
0 ,2.5 ,0 ,-1 ,-1.5 ,0 ,5 ,3 | 0
0 ,0 ,4 ,-2 ,4 ,4 ,8 ,1 | 0
0 ,-3 ,0 ,-2 ,-6 ,0 ,1 ,-1 | 0

R5 --> R5 - 0.4*R2

2 ,0 ,0 ,-0.6 ,2.6 ,0 ,1.6 ,-0.4 | 0
0 ,5 ,0 ,-7 ,2 ,0 ,2 ,2 | 0
0 ,0 ,4 ,-1 ,8 ,4 ,4 ,0 | 0
0 ,0 ,0 ,1.6 ,-3.6 ,0 ,-5.6 ,3.4 | 0
0 ,0 ,-3 ,0.8 ,-0.8 ,-3 ,-0.8 ,-0.8 | 0
0 ,2.5 ,0 ,-1 ,-1.5 ,0 ,5 ,3 | 0
0 ,0 ,4 ,-2 ,4 ,4 ,8 ,1 | 0
0 ,-3 ,0 ,-2 ,-6 ,0 ,1 ,-1 | 0

R6 --> R6 - 0.5*R2

2 ,0 ,0 ,-0.6 ,2.6 ,0 ,1.6 ,-0.4 | 0
0 ,5 ,0 ,-7 ,2 ,0 ,2 ,2 | 0
0 ,0 ,4 ,-1 ,8 ,4 ,4 ,0 | 0
0 ,0 ,0 ,1.6 ,-3.6 ,0 ,-5.6 ,3.4 | 0
0 ,0 ,-3 ,0.8 ,-0.8 ,-3 ,-0.8 ,-0.8 | 0
0 ,0 ,0 ,2.5 ,-2.5 ,0 ,4 ,2 | 0
0 ,0 ,4 ,-2 ,4 ,4 ,8 ,1 | 0
0 ,-3 ,0 ,-2 ,-6 ,0 ,1 ,-1 | 0

R8 --> R8 + 0.6*R2

2 ,0 ,0 ,-0.6 ,2.6 ,0 ,1.6 ,-0.4 | 0
0 ,5 ,0 ,-7 ,2 ,0 ,2 ,2 | 0
0 ,0 ,4 ,-1 ,8 ,4 ,4 ,0 | 0
0 ,0 ,0 ,1.6 ,-3.6 ,0 ,-5.6 ,3.4 | 0
0 ,0 ,-3 ,0.8 ,-0.8 ,-3 ,-0.8 ,-0.8 | 0
0 ,0 ,0 ,2.5 ,-2.5 ,0 ,4 ,2 | 0
0 ,0 ,4 ,-2 ,4 ,4 ,8 ,1 | 0
0 ,0 ,0 ,-6.2 ,-4.8 ,0 ,2.2 ,0.2 | 0

R5 --> R5 + 0.75*R3

2 ,0 ,0 ,-0.6 ,2.6 ,0 ,1.6 ,-0.4 | 0
0 ,5 ,0 ,-7 ,2 ,0 ,2 ,2 | 0
0 ,0 ,4 ,-1 ,8 ,4 ,4 ,0 | 0
0 ,0 ,0 ,1.6 ,-3.6 ,0 ,-5.6 ,3.4 | 0
0 ,0 ,0 ,0.05 ,5.2 ,0 ,2.2 ,-0.8 | 0
0 ,0 ,0 ,2.5 ,-2.5 ,0 ,4 ,2 | 0
0 ,0 ,4 ,-2 ,4 ,4 ,8 ,1 | 0
0 ,0 ,0 ,-6.2 ,-4.8 ,0 ,2.2 ,0.2 | 0

R7 --> R7 - R3

2 ,0 ,0 ,-0.6 ,2.6 ,0 ,1.6 ,-0.4 | 0
0 ,5 ,0 ,-7 ,2 ,0 ,2 ,2 | 0
0 ,0 ,4 ,-1 ,8 ,4 ,4 ,0 | 0
0 ,0 ,0 ,1.6 ,-3.6 ,0 ,-5.6 ,3.4 | 0
0 ,0 ,0 ,0.05 ,5.2 ,0 ,2.2 ,-0.8 | 0
0 ,0 ,0 ,2.5 ,-2.5 ,0 ,4 ,2 | 0
0 ,0 ,0 ,-1 ,-4 ,0 ,4 ,1 | 0
0 ,0 ,0 ,-6.2 ,-4.8 ,0 ,2.2 ,0.2 | 0

R1 --> R1 + 0.375*R4

2 ,0 ,0 ,0 ,1.25 ,0 ,-0.5 ,0.875 | 0
0 ,5 ,0 ,-7 ,2 ,0 ,2 ,2 | 0
0 ,0 ,4 ,-1 ,8 ,4 ,4 ,0 | 0
0 ,0 ,0 ,1.6 ,-3.6 ,0 ,-5.6 ,3.4 | 0
0 ,0 ,0 ,0.05 ,5.2 ,0 ,2.2 ,-0.8 | 0
0 ,0 ,0 ,2.5 ,-2.5 ,0 ,4 ,2 | 0
0 ,0 ,0 ,-1 ,-4 ,0 ,4 ,1 | 0
0 ,0 ,0 ,-6.2 ,-4.8 ,0 ,2.2 ,0.2 | 0

R2 --> R2 + 4.375*R4

2 ,0 ,0 ,0 ,1.25 ,0 ,-0.5 ,0.875 | 0
0 ,5 ,0 ,0 ,-13.75 ,0 ,-22.5 ,16.875 | 0
0 ,0 ,4 ,-1 ,8 ,4 ,4 ,0 | 0
0 ,0 ,0 ,1.6 ,-3.6 ,0 ,-5.6 ,3.4 | 0
0 ,0 ,0 ,0.05 ,5.2 ,0 ,2.2 ,-0.8 | 0
0 ,0 ,0 ,2.5 ,-2.5 ,0 ,4 ,2 | 0
0 ,0 ,0 ,-1 ,-4 ,0 ,4 ,1 | 0
0 ,0 ,0 ,-6.2 ,-4.8 ,0 ,2.2 ,0.2 | 0

R3 --> R3 + 0.625*R4

2 ,0 ,0 ,0 ,1.25 ,0 ,-0.5 ,0.875 | 0
0 ,5 ,0 ,0 ,-13.75 ,0 ,-22.5 ,16.875 | 0
0 ,0 ,4 ,0 ,5.75 ,4 ,0.5 ,2.125 | 0
0 ,0 ,0 ,1.6 ,-3.6 ,0 ,-5.6 ,3.4 | 0
0 ,0 ,0 ,0.05 ,5.2 ,0 ,2.2 ,-0.8 | 0
0 ,0 ,0 ,2.5 ,-2.5 ,0 ,4 ,2 | 0
0 ,0 ,0 ,-1 ,-4 ,0 ,4 ,1 | 0
0 ,0 ,0 ,-6.2 ,-4.8 ,0 ,2.2 ,0.2 | 0

R5 --> R5 - 0.031*R4

2 ,0 ,0 ,0 ,1.25 ,0 ,-0.5 ,0.875 | 0
0 ,5 ,0 ,0 ,-13.75 ,0 ,-22.5 ,16.875 | 0
0 ,0 ,4 ,0 ,5.75 ,4 ,0.5 ,2.125 | 0
0 ,0 ,0 ,1.6 ,-3.6 ,0 ,-5.6 ,3.4 | 0
0 ,0 ,0 ,0 ,5.312 ,0 ,2.375 ,-0.906 | 0
0 ,0 ,0 ,2.5 ,-2.5 ,0 ,4 ,2 | 0
0 ,0 ,0 ,-1 ,-4 ,0 ,4 ,1 | 0
0 ,0 ,0 ,-6.2 ,-4.8 ,0 ,2.2 ,0.2 | 0

R6 --> R6 - 1.563*R4

2 ,0 ,0 ,0 ,1.25 ,0 ,-0.5 ,0.875 | 0
0 ,5 ,0 ,0 ,-13.75 ,0 ,-22.5 ,16.875 | 0
0 ,0 ,4 ,0 ,5.75 ,4 ,0.5 ,2.125 | 0
0 ,0 ,0 ,1.6 ,-3.6 ,0 ,-5.6 ,3.4 | 0
0 ,0 ,0 ,0 ,5.312 ,0 ,2.375 ,-0.906 | 0
0 ,0 ,0 ,0 ,3.125 ,0 ,12.75 ,-3.312 | 0
0 ,0 ,0 ,-1 ,-4 ,0 ,4 ,1 | 0
0 ,0 ,0 ,-6.2 ,-4.8 ,0 ,2.2 ,0.2 | 0

R7 --> R7 + 0.625*R4

2 ,0 ,0 ,0 ,1.25 ,0 ,-0.5 ,0.875 | 0
0 ,5 ,0 ,0 ,-13.75 ,0 ,-22.5 ,16.875 | 0
0 ,0 ,4 ,0 ,5.75 ,4 ,0.5 ,2.125 | 0
0 ,0 ,0 ,1.6 ,-3.6 ,0 ,-5.6 ,3.4 | 0
0 ,0 ,0 ,0 ,5.312 ,0 ,2.375 ,-0.906 | 0
0 ,0 ,0 ,0 ,3.125 ,0 ,12.75 ,-3.312 | 0
0 ,0 ,0 ,0 ,-6.25 ,0 ,0.5 ,3.125 | 0
0 ,0 ,0 ,-6.2 ,-4.8 ,0 ,2.2 ,0.2 | 0

R8 --> R8 + 3.875*R4

2 ,0 ,0 ,0 ,1.25 ,0 ,-0.5 ,0.875 | 0
0 ,5 ,0 ,0 ,-13.75 ,0 ,-22.5 ,16.875 | 0
0 ,0 ,4 ,0 ,5.75 ,4 ,0.5 ,2.125 | 0
0 ,0 ,0 ,1.6 ,-3.6 ,0 ,-5.6 ,3.4 | 0
0 ,0 ,0 ,0 ,5.312 ,0 ,2.375 ,-0.906 | 0
0 ,0 ,0 ,0 ,3.125 ,0 ,12.75 ,-3.312 | 0
0 ,0 ,0 ,0 ,-6.25 ,0 ,0.5 ,3.125 | 0
0 ,0 ,0 ,0 ,-18.75 ,0 ,-19.5 ,13.375 | 0

R1 --> R1 - 0.235*R5

2 ,0 ,0 ,0 ,0 ,0 ,-1.059 ,1.088 | 0
0 ,5 ,0 ,0 ,-13.75 ,0 ,-22.5 ,16.875 | 0
0 ,0 ,4 ,0 ,5.75 ,4 ,0.5 ,2.125 | 0
0 ,0 ,0 ,1.6 ,-3.6 ,0 ,-5.6 ,3.4 | 0
0 ,0 ,0 ,0 ,5.312 ,0 ,2.375 ,-0.906 | 0
0 ,0 ,0 ,0 ,3.125 ,0 ,12.75 ,-3.312 | 0
0 ,0 ,0 ,0 ,-6.25 ,0 ,0.5 ,3.125 | 0
0 ,0 ,0 ,0 ,-18.75 ,0 ,-19.5 ,13.375 | 0

R2 --> R2 + 2.588*R5

2 ,0 ,0 ,0 ,0 ,0 ,-1.059 ,1.088 | 0
0 ,5 ,0 ,0 ,0 ,0 ,-16.353 ,14.529 | 0
0 ,0 ,4 ,0 ,5.75 ,4 ,0.5 ,2.125 | 0
0 ,0 ,0 ,1.6 ,-3.6 ,0 ,-5.6 ,3.4 | 0
0 ,0 ,0 ,0 ,5.312 ,0 ,2.375 ,-0.906 | 0
0 ,0 ,0 ,0 ,3.125 ,0 ,12.75 ,-3.312 | 0
0 ,0 ,0 ,0 ,-6.25 ,0 ,0.5 ,3.125 | 0
0 ,0 ,0 ,0 ,-18.75 ,0 ,-19.5 ,13.375 | 0

R3 --> R3 - 1.082*R5

2 ,0 ,0 ,0 ,0 ,0 ,-1.059 ,1.088 | 0
0 ,5 ,0 ,0 ,0 ,0 ,-16.353 ,14.529 | 0
0 ,0 ,4 ,0 ,0 ,4 ,-2.071 ,3.106 | 0
0 ,0 ,0 ,1.6 ,-3.6 ,0 ,-5.6 ,3.4 | 0
0 ,0 ,0 ,0 ,5.312 ,0 ,2.375 ,-0.906 | 0
0 ,0 ,0 ,0 ,3.125 ,0 ,12.75 ,-3.312 | 0
0 ,0 ,0 ,0 ,-6.25 ,0 ,0.5 ,3.125 | 0
0 ,0 ,0 ,0 ,-18.75 ,0 ,-19.5 ,13.375 | 0

R4 --> R4 + 0.678*R5

2 ,0 ,0 ,0 ,0 ,0 ,-1.059 ,1.088 | 0
0 ,5 ,0 ,0 ,0 ,0 ,-16.353 ,14.529 | 0
0 ,0 ,4 ,0 ,0 ,4 ,-2.071 ,3.106 | 0
0 ,0 ,0 ,1.6 ,0 ,0 ,-3.991 ,2.786 | 0
0 ,0 ,0 ,0 ,5.312 ,0 ,2.375 ,-0.906 | 0
0 ,0 ,0 ,0 ,3.125 ,0 ,12.75 ,-3.312 | 0
0 ,0 ,0 ,0 ,-6.25 ,0 ,0.5 ,3.125 | 0
0 ,0 ,0 ,0 ,-18.75 ,0 ,-19.5 ,13.375 | 0

R6 --> R6 - 0.588*R5

2 ,0 ,0 ,0 ,0 ,0 ,-1.059 ,1.088 | 0
0 ,5 ,0 ,0 ,0 ,0 ,-16.353 ,14.529 | 0
0 ,0 ,4 ,0 ,0 ,4 ,-2.071 ,3.106 | 0
0 ,0 ,0 ,1.6 ,0 ,0 ,-3.991 ,2.786 | 0
0 ,0 ,0 ,0 ,5.312 ,0 ,2.375 ,-0.906 | 0
0 ,0 ,0 ,0 ,0 ,0 ,11.353 ,-2.779 | 0
0 ,0 ,0 ,0 ,-6.25 ,0 ,0.5 ,3.125 | 0
0 ,0 ,0 ,0 ,-18.75 ,0 ,-19.5 ,13.375 | 0

R7 --> R7 + 1.176*R5

2 ,0 ,0 ,0 ,0 ,0 ,-1.059 ,1.088 | 0
0 ,5 ,0 ,0 ,0 ,0 ,-16.353 ,14.529 | 0
0 ,0 ,4 ,0 ,0 ,4 ,-2.071 ,3.106 | 0
0 ,0 ,0 ,1.6 ,0 ,0 ,-3.991 ,2.786 | 0
0 ,0 ,0 ,0 ,5.312 ,0 ,2.375 ,-0.906 | 0
0 ,0 ,0 ,0 ,0 ,0 ,11.353 ,-2.779 | 0
0 ,0 ,0 ,0 ,0 ,0 ,3.294 ,2.059 | 0
0 ,0 ,0 ,0 ,-18.75 ,0 ,-19.5 ,13.375 | 0

R8 --> R8 + 3.529*R5

2 ,0 ,0 ,0 ,0 ,0 ,-1.059 ,1.088 | 0
0 ,5 ,0 ,0 ,0 ,0 ,-16.353 ,14.529 | 0
0 ,0 ,4 ,0 ,0 ,4 ,-2.071 ,3.106 | 0
0 ,0 ,0 ,1.6 ,0 ,0 ,-3.991 ,2.786 | 0
0 ,0 ,0 ,0 ,5.312 ,0 ,2.375 ,-0.906 | 0
0 ,0 ,0 ,0 ,0 ,0 ,11.353 ,-2.779 | 0
0 ,0 ,0 ,0 ,0 ,0 ,3.294 ,2.059 | 0
0 ,0 ,0 ,0 ,0 ,0 ,-11.118 ,10.176 | 0

R3 <--> R6

2 ,0 ,0 ,0 ,0 ,0 ,-1.059 ,1.088 | 0
0 ,5 ,0 ,0 ,0 ,0 ,-16.353 ,14.529 | 0
0 ,0 ,0 ,0 ,0 ,0 ,11.353 ,-2.779 | 0
0 ,0 ,0 ,1.6 ,0 ,0 ,-3.991 ,2.786 | 0
0 ,0 ,0 ,0 ,5.312 ,0 ,2.375 ,-0.906 | 0
0 ,0 ,4 ,0 ,0 ,4 ,-2.071 ,3.106 | 0
0 ,0 ,0 ,0 ,0 ,0 ,3.294 ,2.059 | 0
0 ,0 ,0 ,0 ,0 ,0 ,-11.118 ,10.176 | 0

R1 --> R1 + 0.321*R7

2 ,0 ,0 ,0 ,0 ,0 ,0 ,1.75 | 0
0 ,5 ,0 ,0 ,0 ,0 ,-16.353 ,14.529 | 0
0 ,0 ,0 ,0 ,0 ,0 ,11.353 ,-2.779 | 0
0 ,0 ,0 ,1.6 ,0 ,0 ,-3.991 ,2.786 | 0
0 ,0 ,0 ,0 ,5.312 ,0 ,2.375 ,-0.906 | 0
0 ,0 ,4 ,0 ,0 ,4 ,-2.071 ,3.106 | 0
0 ,0 ,0 ,0 ,0 ,0 ,3.294 ,2.059 | 0
0 ,0 ,0 ,0 ,0 ,0 ,-11.118 ,10.176 | 0

R2 --> R2 + 4.964*R7

2 ,0 ,0 ,0 ,0 ,0 ,0 ,1.75 | 0
0 ,5 ,0 ,0 ,0 ,0 ,0 ,24.75 | 0
0 ,0 ,0 ,0 ,0 ,0 ,11.353 ,-2.779 | 0
0 ,0 ,0 ,1.6 ,0 ,0 ,-3.991 ,2.786 | 0
0 ,0 ,0 ,0 ,5.312 ,0 ,2.375 ,-0.906 | 0
0 ,0 ,4 ,0 ,0 ,4 ,-2.071 ,3.106 | 0
0 ,0 ,0 ,0 ,0 ,0 ,3.294 ,2.059 | 0
0 ,0 ,0 ,0 ,0 ,0 ,-11.118 ,10.176 | 0

R3 --> R3 - 3.446*R7

2 ,0 ,0 ,0 ,0 ,0 ,0 ,1.75 | 0
0 ,5 ,0 ,0 ,0 ,0 ,0 ,24.75 | 0
0 ,0 ,0 ,0 ,0 ,0 ,0 ,-9.875 | 0
0 ,0 ,0 ,1.6 ,0 ,0 ,-3.991 ,2.786 | 0
0 ,0 ,0 ,0 ,5.312 ,0 ,2.375 ,-0.906 | 0
0 ,0 ,4 ,0 ,0 ,4 ,-2.071 ,3.106 | 0
0 ,0 ,0 ,0 ,0 ,0 ,3.294 ,2.059 | 0
0 ,0 ,0 ,0 ,0 ,0 ,-11.118 ,10.176 | 0

R3 --> -0.101*R3

2 ,0 ,0 ,0 ,0 ,0 ,0 ,1.75 | 0
0 ,5 ,0 ,0 ,0 ,0 ,0 ,24.75 | 0
0 ,0 ,0 ,0 ,0 ,0 ,0 ,1 | 0
0 ,0 ,0 ,1.6 ,0 ,0 ,-3.991 ,2.786 | 0
0 ,0 ,0 ,0 ,5.312 ,0 ,2.375 ,-0.906 | 0
0 ,0 ,4 ,0 ,0 ,4 ,-2.071 ,3.106 | 0
0 ,0 ,0 ,0 ,0 ,0 ,3.294 ,2.059 | 0
0 ,0 ,0 ,0 ,0 ,0 ,-11.118 ,10.176 | 0

R4 --> R4 + 1.211*R7

2 ,0 ,0 ,0 ,0 ,0 ,0 ,1.75 | 0
0 ,5 ,0 ,0 ,0 ,0 ,0 ,24.75 | 0
0 ,0 ,0 ,0 ,0 ,0 ,0 ,1 | 0
0 ,0 ,0 ,1.6 ,0 ,0 ,0 ,5.28 | 0
0 ,0 ,0 ,0 ,5.312 ,0 ,2.375 ,-0.906 | 0
0 ,0 ,4 ,0 ,0 ,4 ,-2.071 ,3.106 | 0
0 ,0 ,0 ,0 ,0 ,0 ,3.294 ,2.059 | 0
0 ,0 ,0 ,0 ,0 ,0 ,-11.118 ,10.176 | 0

R5 --> R5 - 0.721*R7

2 ,0 ,0 ,0 ,0 ,0 ,0 ,1.75 | 0
0 ,5 ,0 ,0 ,0 ,0 ,0 ,24.75 | 0
0 ,0 ,0 ,0 ,0 ,0 ,0 ,1 | 0
0 ,0 ,0 ,1.6 ,0 ,0 ,0 ,5.28 | 0
0 ,0 ,0 ,0 ,5.312 ,0 ,0 ,-2.391 | 0
0 ,0 ,4 ,0 ,0 ,4 ,-2.071 ,3.106 | 0
0 ,0 ,0 ,0 ,0 ,0 ,3.294 ,2.059 | 0
0 ,0 ,0 ,0 ,0 ,0 ,-11.118 ,10.176 | 0

R6 --> R6 + 0.629*R7

2 ,0 ,0 ,0 ,0 ,0 ,0 ,1.75 | 0
0 ,5 ,0 ,0 ,0 ,0 ,0 ,24.75 | 0
0 ,0 ,0 ,0 ,0 ,0 ,0 ,1 | 0
0 ,0 ,0 ,1.6 ,0 ,0 ,0 ,5.28 | 0
0 ,0 ,0 ,0 ,5.312 ,0 ,0 ,-2.391 | 0
0 ,0 ,4 ,0 ,0 ,4 ,0 ,4.4 | 0
0 ,0 ,0 ,0 ,0 ,0 ,3.294 ,2.059 | 0
0 ,0 ,0 ,0 ,0 ,0 ,-11.118 ,10.176 | 0

R8 --> R8 + 3.375*R7

2 ,0 ,0 ,0 ,0 ,0 ,0 ,1.75 | 0
0 ,5 ,0 ,0 ,0 ,0 ,0 ,24.75 | 0
0 ,0 ,0 ,0 ,0 ,0 ,0 ,1 | 0
0 ,0 ,0 ,1.6 ,0 ,0 ,0 ,5.28 | 0
0 ,0 ,0 ,0 ,5.312 ,0 ,0 ,-2.391 | 0
0 ,0 ,4 ,0 ,0 ,4 ,0 ,4.4 | 0
0 ,0 ,0 ,0 ,0 ,0 ,3.294 ,2.059 | 0
0 ,0 ,0 ,0 ,0 ,0 ,0 ,17.125 | 0

R8 --> 0.058*R8

2 ,0 ,0 ,0 ,0 ,0 ,0 ,1.75 | 0
0 ,5 ,0 ,0 ,0 ,0 ,0 ,24.75 | 0
0 ,0 ,0 ,0 ,0 ,0 ,0 ,1 | 0
0 ,0 ,0 ,1.6 ,0 ,0 ,0 ,5.28 | 0
0 ,0 ,0 ,0 ,5.312 ,0 ,0 ,-2.391 | 0
0 ,0 ,4 ,0 ,0 ,4 ,0 ,4.4 | 0
0 ,0 ,0 ,0 ,0 ,0 ,3.294 ,2.059 | 0
0 ,0 ,0 ,0 ,0 ,0 ,0 ,1 | 0

R1 --> R1 - 1.75*R8

2 ,0 ,0 ,0 ,0 ,0 ,0 ,0 | 0
0 ,5 ,0 ,0 ,0 ,0 ,0 ,24.75 | 0
0 ,0 ,0 ,0 ,0 ,0 ,0 ,1 | 0
0 ,0 ,0 ,1.6 ,0 ,0 ,0 ,5.28 | 0
0 ,0 ,0 ,0 ,5.312 ,0 ,0 ,-2.391 | 0
0 ,0 ,4 ,0 ,0 ,4 ,0 ,4.4 | 0
0 ,0 ,0 ,0 ,0 ,0 ,3.294 ,2.059 | 0
0 ,0 ,0 ,0 ,0 ,0 ,0 ,1 | 0

R1 --> 0.5*R1

1 ,0 ,0 ,0 ,0 ,0 ,0 ,0 | 0
0 ,5 ,0 ,0 ,0 ,0 ,0 ,24.75 | 0
0 ,0 ,0 ,0 ,0 ,0 ,0 ,1 | 0
0 ,0 ,0 ,1.6 ,0 ,0 ,0 ,5.28 | 0
0 ,0 ,0 ,0 ,5.312 ,0 ,0 ,-2.391 | 0
0 ,0 ,4 ,0 ,0 ,4 ,0 ,4.4 | 0
0 ,0 ,0 ,0 ,0 ,0 ,3.294 ,2.059 | 0
0 ,0 ,0 ,0 ,0 ,0 ,0 ,1 | 0

R2 --> R2 - 24.75*R8

1 ,0 ,0 ,0 ,0 ,0 ,0 ,0 | 0
0 ,5 ,0 ,0 ,0 ,0 ,0 ,0 | 0
0 ,0 ,0 ,0 ,0 ,0 ,0 ,1 | 0
0 ,0 ,0 ,1.6 ,0 ,0 ,0 ,5.28 | 0
0 ,0 ,0 ,0 ,5.312 ,0 ,0 ,-2.391 | 0
0 ,0 ,4 ,0 ,0 ,4 ,0 ,4.4 | 0
0 ,0 ,0 ,0 ,0 ,0 ,3.294 ,2.059 | 0
0 ,0 ,0 ,0 ,0 ,0 ,0 ,1 | 0

R2 --> 0.2*R2

1 ,0 ,0 ,0 ,0 ,0 ,0 ,0 | 0
0 ,1 ,0 ,0 ,0 ,0 ,0 ,0 | 0
0 ,0 ,0 ,0 ,0 ,0 ,0 ,1 | 0
0 ,0 ,0 ,1.6 ,0 ,0 ,0 ,5.28 | 0
0 ,0 ,0 ,0 ,5.312 ,0 ,0 ,-2.391 | 0
0 ,0 ,4 ,0 ,0 ,4 ,0 ,4.4 | 0
0 ,0 ,0 ,0 ,0 ,0 ,3.294 ,2.059 | 0
0 ,0 ,0 ,0 ,0 ,0 ,0 ,1 | 0

R3 --> R3 - R8

1 ,0 ,0 ,0 ,0 ,0 ,0 ,0 | 0
0 ,1 ,0 ,0 ,0 ,0 ,0 ,0 | 0
0 ,0 ,0 ,0 ,0 ,0 ,0 ,0 | 0
0 ,0 ,0 ,1.6 ,0 ,0 ,0 ,5.28 | 0
0 ,0 ,0 ,0 ,5.312 ,0 ,0 ,-2.391 | 0
0 ,0 ,4 ,0 ,0 ,4 ,0 ,4.4 | 0
0 ,0 ,0 ,0 ,0 ,0 ,3.294 ,2.059 | 0
0 ,0 ,0 ,0 ,0 ,0 ,0 ,1 | 0

R4 --> R4 - 5.28*R8

1 ,0 ,0 ,0 ,0 ,0 ,0 ,0 | 0
0 ,1 ,0 ,0 ,0 ,0 ,0 ,0 | 0
0 ,0 ,0 ,0 ,0 ,0 ,0 ,0 | 0
0 ,0 ,0 ,1.6 ,0 ,0 ,0 ,0 | 0
0 ,0 ,0 ,0 ,5.312 ,0 ,0 ,-2.391 | 0
0 ,0 ,4 ,0 ,0 ,4 ,0 ,4.4 | 0
0 ,0 ,0 ,0 ,0 ,0 ,3.294 ,2.059 | 0
0 ,0 ,0 ,0 ,0 ,0 ,0 ,1 | 0

R4 --> 0.625*R4

1 ,0 ,0 ,0 ,0 ,0 ,0 ,0 | 0
0 ,1 ,0 ,0 ,0 ,0 ,0 ,0 | 0
0 ,0 ,0 ,0 ,0 ,0 ,0 ,0 | 0
0 ,0 ,0 ,1 ,0 ,0 ,0 ,0 | 0
0 ,0 ,0 ,0 ,5.312 ,0 ,0 ,-2.391 | 0
0 ,0 ,4 ,0 ,0 ,4 ,0 ,4.4 | 0
0 ,0 ,0 ,0 ,0 ,0 ,3.294 ,2.059 | 0
0 ,0 ,0 ,0 ,0 ,0 ,0 ,1 | 0

R5 --> R5 + 2.391*R8

1 ,0 ,0 ,0 ,0 ,0 ,0 ,0 | 0
0 ,1 ,0 ,0 ,0 ,0 ,0 ,0 | 0
0 ,0 ,0 ,0 ,0 ,0 ,0 ,0 | 0
0 ,0 ,0 ,1 ,0 ,0 ,0 ,0 | 0
0 ,0 ,0 ,0 ,5.312 ,0 ,0 ,0 | 0
0 ,0 ,4 ,0 ,0 ,4 ,0 ,4.4 | 0
0 ,0 ,0 ,0 ,0 ,0 ,3.294 ,2.059 | 0
0 ,0 ,0 ,0 ,0 ,0 ,0 ,1 | 0

R5 --> 0.188*R5

1 ,0 ,0 ,0 ,0 ,0 ,0 ,0 | 0
0 ,1 ,0 ,0 ,0 ,0 ,0 ,0 | 0
0 ,0 ,0 ,0 ,0 ,0 ,0 ,0 | 0
0 ,0 ,0 ,1 ,0 ,0 ,0 ,0 | 0
0 ,0 ,0 ,0 ,1 ,0 ,0 ,0 | 0
0 ,0 ,4 ,0 ,0 ,4 ,0 ,4.4 | 0
0 ,0 ,0 ,0 ,0 ,0 ,3.294 ,2.059 | 0
0 ,0 ,0 ,0 ,0 ,0 ,0 ,1 | 0

R6 --> R6 - 4.4*R8

1 ,0 ,0 ,0 ,0 ,0 ,0 ,0 | 0
0 ,1 ,0 ,0 ,0 ,0 ,0 ,0 | 0
0 ,0 ,0 ,0 ,0 ,0 ,0 ,0 | 0
0 ,0 ,0 ,1 ,0 ,0 ,0 ,0 | 0
0 ,0 ,0 ,0 ,1 ,0 ,0 ,0 | 0
0 ,0 ,4 ,0 ,0 ,4 ,0 ,0 | 0
0 ,0 ,0 ,0 ,0 ,0 ,3.294 ,2.059 | 0
0 ,0 ,0 ,0 ,0 ,0 ,0 ,1 | 0

R7 --> R7 - 2.059*R8

1 ,0 ,0 ,0 ,0 ,0 ,0 ,0 | 0
0 ,1 ,0 ,0 ,0 ,0 ,0 ,0 | 0
0 ,0 ,0 ,0 ,0 ,0 ,0 ,0 | 0
0 ,0 ,0 ,1 ,0 ,0 ,0 ,0 | 0
0 ,0 ,0 ,0 ,1 ,0 ,0 ,0 | 0
0 ,0 ,4 ,0 ,0 ,4 ,0 ,0 | 0
0 ,0 ,0 ,0 ,0 ,0 ,3.294 ,0 | 0
0 ,0 ,0 ,0 ,0 ,0 ,0 ,1 | 0

R7 --> 0.304*R7

1 ,0 ,0 ,0 ,0 ,0 ,0 ,0 | 0
0 ,1 ,0 ,0 ,0 ,0 ,0 ,0 | 0
0 ,0 ,0 ,0 ,0 ,0 ,0 ,0 | 0
0 ,0 ,0 ,1 ,0 ,0 ,0 ,0 | 0
0 ,0 ,0 ,0 ,1 ,0 ,0 ,0 | 0
0 ,0 ,4 ,0 ,0 ,4 ,0 ,0 | 0
0 ,0 ,0 ,0 ,0 ,0 ,1 ,0 | 0
0 ,0 ,0 ,0 ,0 ,0 ,0 ,1 | 0

define a new column in the vector b when x3 is a free variable in R8 space:
1 ,0 ,0 ,0 ,0 ,0 ,0 ,0 | 0 ,0
0 ,1 ,0 ,0 ,0 ,0 ,0 ,0 | 0 ,0
0 ,0 ,1 ,0 ,0 ,0 ,0 ,0 | 0 ,1
0 ,0 ,0 ,1 ,0 ,0 ,0 ,0 | 0 ,0
0 ,0 ,0 ,0 ,1 ,0 ,0 ,0 | 0 ,0
0 ,0 ,4 ,0 ,0 ,4 ,0 ,0 | 0 ,0
0 ,0 ,0 ,0 ,0 ,0 ,1 ,0 | 0 ,0
0 ,0 ,0 ,0 ,0 ,0 ,0 ,1 | 0 ,0

R6 --> R6 - 4*R3

1 ,0 ,0 ,0 ,0 ,0 ,0 ,0 | 0 ,0
0 ,1 ,0 ,0 ,0 ,0 ,0 ,0 | 0 ,0
0 ,0 ,1 ,0 ,0 ,0 ,0 ,0 | 0 ,1
0 ,0 ,0 ,1 ,0 ,0 ,0 ,0 | 0 ,0
0 ,0 ,0 ,0 ,1 ,0 ,0 ,0 | 0 ,0
0 ,0 ,0 ,0 ,0 ,4 ,0 ,0 | 0 ,-4
0 ,0 ,0 ,0 ,0 ,0 ,1 ,0 | 0 ,0
0 ,0 ,0 ,0 ,0 ,0 ,0 ,1 | 0 ,0

R6 --> 0.25*R6

1 ,0 ,0 ,0 ,0 ,0 ,0 ,0 | 0 ,0
0 ,1 ,0 ,0 ,0 ,0 ,0 ,0 | 0 ,0
0 ,0 ,1 ,0 ,0 ,0 ,0 ,0 | 0 ,1
0 ,0 ,0 ,1 ,0 ,0 ,0 ,0 | 0 ,0
0 ,0 ,0 ,0 ,1 ,0 ,0 ,0 | 0 ,0
0 ,0 ,0 ,0 ,0 ,1 ,0 ,0 | 0 ,-1
0 ,0 ,0 ,0 ,0 ,0 ,1 ,0 | 0 ,0
0 ,0 ,0 ,0 ,0 ,0 ,0 ,1 | 0 ,0

the solution is an infinite set of vectors in R8 space which are linearly dependents in the vector space:
x = λ*(0 ,0 ,1 ,0 ,0 ,-1 ,0 ,0) when λ it's a free scalar that belongs to the R set
