solve the next system in R8 space (8 equations)(8 unknowns):
eq1:        - 2*x2        + 2*x4 + 2*x5        +   x7 + 4*x8  = 0
eq2: + 2*x1 + 4*x2 - 4*x3 - 2*x4        - 4*x6 - 2*x7 + 2*x8  = 0
eq3: + 4*x1 -   x2 + 4*x3 + 3*x4 + 3*x5 - 2*x6 -   x7         = 0
eq4:               - 4*x3 + 4*x4 -   x5 +   x6 - 2*x7 + 2*x8  = 0
eq5: + 2*x1 + 3*x2 - 4*x3 + 4*x4 - 3*x5        + 2*x7 - 3*x8  = 0
eq6: - 2*x1 + 2*x2        + 2*x4 - 2*x5        +   x7 - 2*x8  = 0
eq7: -   x1 - 2*x2        - 2*x4 + 2*x5        - 3*x7         = 0
eq8: + 2*x1 + 2*x2 - 3*x3 + 3*x4        - 2*x6 + 2*x7 - 2*x8  = 0

0 ,-2 ,0 ,2 ,2 ,0 ,1 ,4 | 0
2 ,4 ,-4 ,-2 ,0 ,-4 ,-2 ,2 | 0
4 ,-1 ,4 ,3 ,3 ,-2 ,-1 ,0 | 0
0 ,0 ,-4 ,4 ,-1 ,1 ,-2 ,2 | 0
2 ,3 ,-4 ,4 ,-3 ,0 ,2 ,-3 | 0
-2 ,2 ,0 ,2 ,-2 ,0 ,1 ,-2 | 0
-1 ,-2 ,0 ,-2 ,2 ,0 ,-3 ,0 | 0
2 ,2 ,-3 ,3 ,0 ,-2 ,2 ,-2 | 0

implement the solution by elementary matrices method:
transform A matrix to I by an elementary matrices:
R1 <--> R2

2 ,4 ,-4 ,-2 ,0 ,-4 ,-2 ,2 | 0
0 ,-2 ,0 ,2 ,2 ,0 ,1 ,4 | 0
4 ,-1 ,4 ,3 ,3 ,-2 ,-1 ,0 | 0
0 ,0 ,-4 ,4 ,-1 ,1 ,-2 ,2 | 0
2 ,3 ,-4 ,4 ,-3 ,0 ,2 ,-3 | 0
-2 ,2 ,0 ,2 ,-2 ,0 ,1 ,-2 | 0
-1 ,-2 ,0 ,-2 ,2 ,0 ,-3 ,0 | 0
2 ,2 ,-3 ,3 ,0 ,-2 ,2 ,-2 | 0

R3 --> R3 - 2*R1

2 ,4 ,-4 ,-2 ,0 ,-4 ,-2 ,2 | 0
0 ,-2 ,0 ,2 ,2 ,0 ,1 ,4 | 0
0 ,-9 ,12 ,7 ,3 ,6 ,3 ,-4 | 0
0 ,0 ,-4 ,4 ,-1 ,1 ,-2 ,2 | 0
2 ,3 ,-4 ,4 ,-3 ,0 ,2 ,-3 | 0
-2 ,2 ,0 ,2 ,-2 ,0 ,1 ,-2 | 0
-1 ,-2 ,0 ,-2 ,2 ,0 ,-3 ,0 | 0
2 ,2 ,-3 ,3 ,0 ,-2 ,2 ,-2 | 0

R5 --> R5 - R1

2 ,4 ,-4 ,-2 ,0 ,-4 ,-2 ,2 | 0
0 ,-2 ,0 ,2 ,2 ,0 ,1 ,4 | 0
0 ,-9 ,12 ,7 ,3 ,6 ,3 ,-4 | 0
0 ,0 ,-4 ,4 ,-1 ,1 ,-2 ,2 | 0
0 ,-1 ,0 ,6 ,-3 ,4 ,4 ,-5 | 0
-2 ,2 ,0 ,2 ,-2 ,0 ,1 ,-2 | 0
-1 ,-2 ,0 ,-2 ,2 ,0 ,-3 ,0 | 0
2 ,2 ,-3 ,3 ,0 ,-2 ,2 ,-2 | 0

R6 --> R6 + R1

2 ,4 ,-4 ,-2 ,0 ,-4 ,-2 ,2 | 0
0 ,-2 ,0 ,2 ,2 ,0 ,1 ,4 | 0
0 ,-9 ,12 ,7 ,3 ,6 ,3 ,-4 | 0
0 ,0 ,-4 ,4 ,-1 ,1 ,-2 ,2 | 0
0 ,-1 ,0 ,6 ,-3 ,4 ,4 ,-5 | 0
0 ,6 ,-4 ,0 ,-2 ,-4 ,-1 ,0 | 0
-1 ,-2 ,0 ,-2 ,2 ,0 ,-3 ,0 | 0
2 ,2 ,-3 ,3 ,0 ,-2 ,2 ,-2 | 0

R7 --> R7 + 0.5*R1

2 ,4 ,-4 ,-2 ,0 ,-4 ,-2 ,2 | 0
0 ,-2 ,0 ,2 ,2 ,0 ,1 ,4 | 0
0 ,-9 ,12 ,7 ,3 ,6 ,3 ,-4 | 0
0 ,0 ,-4 ,4 ,-1 ,1 ,-2 ,2 | 0
0 ,-1 ,0 ,6 ,-3 ,4 ,4 ,-5 | 0
0 ,6 ,-4 ,0 ,-2 ,-4 ,-1 ,0 | 0
0 ,0 ,-2 ,-3 ,2 ,-2 ,-4 ,1 | 0
2 ,2 ,-3 ,3 ,0 ,-2 ,2 ,-2 | 0

R8 --> R8 - R1

2 ,4 ,-4 ,-2 ,0 ,-4 ,-2 ,2 | 0
0 ,-2 ,0 ,2 ,2 ,0 ,1 ,4 | 0
0 ,-9 ,12 ,7 ,3 ,6 ,3 ,-4 | 0
0 ,0 ,-4 ,4 ,-1 ,1 ,-2 ,2 | 0
0 ,-1 ,0 ,6 ,-3 ,4 ,4 ,-5 | 0
0 ,6 ,-4 ,0 ,-2 ,-4 ,-1 ,0 | 0
0 ,0 ,-2 ,-3 ,2 ,-2 ,-4 ,1 | 0
0 ,-2 ,1 ,5 ,0 ,2 ,4 ,-4 | 0

R1 --> R1 + 2*R2

2 ,0 ,-4 ,2 ,4 ,-4 ,0 ,10 | 0
0 ,-2 ,0 ,2 ,2 ,0 ,1 ,4 | 0
0 ,-9 ,12 ,7 ,3 ,6 ,3 ,-4 | 0
0 ,0 ,-4 ,4 ,-1 ,1 ,-2 ,2 | 0
0 ,-1 ,0 ,6 ,-3 ,4 ,4 ,-5 | 0
0 ,6 ,-4 ,0 ,-2 ,-4 ,-1 ,0 | 0
0 ,0 ,-2 ,-3 ,2 ,-2 ,-4 ,1 | 0
0 ,-2 ,1 ,5 ,0 ,2 ,4 ,-4 | 0

R3 --> R3 - 4.5*R2

2 ,0 ,-4 ,2 ,4 ,-4 ,0 ,10 | 0
0 ,-2 ,0 ,2 ,2 ,0 ,1 ,4 | 0
0 ,0 ,12 ,-2 ,-6 ,6 ,-1.5 ,-22 | 0
0 ,0 ,-4 ,4 ,-1 ,1 ,-2 ,2 | 0
0 ,-1 ,0 ,6 ,-3 ,4 ,4 ,-5 | 0
0 ,6 ,-4 ,0 ,-2 ,-4 ,-1 ,0 | 0
0 ,0 ,-2 ,-3 ,2 ,-2 ,-4 ,1 | 0
0 ,-2 ,1 ,5 ,0 ,2 ,4 ,-4 | 0

R5 --> R5 - 0.5*R2

2 ,0 ,-4 ,2 ,4 ,-4 ,0 ,10 | 0
0 ,-2 ,0 ,2 ,2 ,0 ,1 ,4 | 0
0 ,0 ,12 ,-2 ,-6 ,6 ,-1.5 ,-22 | 0
0 ,0 ,-4 ,4 ,-1 ,1 ,-2 ,2 | 0
0 ,0 ,0 ,5 ,-4 ,4 ,3.5 ,-7 | 0
0 ,6 ,-4 ,0 ,-2 ,-4 ,-1 ,0 | 0
0 ,0 ,-2 ,-3 ,2 ,-2 ,-4 ,1 | 0
0 ,-2 ,1 ,5 ,0 ,2 ,4 ,-4 | 0

R6 --> R6 + 3*R2

2 ,0 ,-4 ,2 ,4 ,-4 ,0 ,10 | 0
0 ,-2 ,0 ,2 ,2 ,0 ,1 ,4 | 0
0 ,0 ,12 ,-2 ,-6 ,6 ,-1.5 ,-22 | 0
0 ,0 ,-4 ,4 ,-1 ,1 ,-2 ,2 | 0
0 ,0 ,0 ,5 ,-4 ,4 ,3.5 ,-7 | 0
0 ,0 ,-4 ,6 ,4 ,-4 ,2 ,12 | 0
0 ,0 ,-2 ,-3 ,2 ,-2 ,-4 ,1 | 0
0 ,-2 ,1 ,5 ,0 ,2 ,4 ,-4 | 0

R8 --> R8 - R2

2 ,0 ,-4 ,2 ,4 ,-4 ,0 ,10 | 0
0 ,-2 ,0 ,2 ,2 ,0 ,1 ,4 | 0
0 ,0 ,12 ,-2 ,-6 ,6 ,-1.5 ,-22 | 0
0 ,0 ,-4 ,4 ,-1 ,1 ,-2 ,2 | 0
0 ,0 ,0 ,5 ,-4 ,4 ,3.5 ,-7 | 0
0 ,0 ,-4 ,6 ,4 ,-4 ,2 ,12 | 0
0 ,0 ,-2 ,-3 ,2 ,-2 ,-4 ,1 | 0
0 ,0 ,1 ,3 ,-2 ,2 ,3 ,-8 | 0

R1 --> R1 + 0.333*R3

2 ,0 ,0 ,1.333 ,2 ,-2 ,-0.5 ,2.667 | 0
0 ,-2 ,0 ,2 ,2 ,0 ,1 ,4 | 0
0 ,0 ,12 ,-2 ,-6 ,6 ,-1.5 ,-22 | 0
0 ,0 ,-4 ,4 ,-1 ,1 ,-2 ,2 | 0
0 ,0 ,0 ,5 ,-4 ,4 ,3.5 ,-7 | 0
0 ,0 ,-4 ,6 ,4 ,-4 ,2 ,12 | 0
0 ,0 ,-2 ,-3 ,2 ,-2 ,-4 ,1 | 0
0 ,0 ,1 ,3 ,-2 ,2 ,3 ,-8 | 0

R4 --> R4 + 0.333*R3

2 ,0 ,0 ,1.333 ,2 ,-2 ,-0.5 ,2.667 | 0
0 ,-2 ,0 ,2 ,2 ,0 ,1 ,4 | 0
0 ,0 ,12 ,-2 ,-6 ,6 ,-1.5 ,-22 | 0
0 ,0 ,0 ,3.333 ,-3 ,3 ,-2.5 ,-5.333 | 0
0 ,0 ,0 ,5 ,-4 ,4 ,3.5 ,-7 | 0
0 ,0 ,-4 ,6 ,4 ,-4 ,2 ,12 | 0
0 ,0 ,-2 ,-3 ,2 ,-2 ,-4 ,1 | 0
0 ,0 ,1 ,3 ,-2 ,2 ,3 ,-8 | 0

R6 --> R6 + 0.333*R3

2 ,0 ,0 ,1.333 ,2 ,-2 ,-0.5 ,2.667 | 0
0 ,-2 ,0 ,2 ,2 ,0 ,1 ,4 | 0
0 ,0 ,12 ,-2 ,-6 ,6 ,-1.5 ,-22 | 0
0 ,0 ,0 ,3.333 ,-3 ,3 ,-2.5 ,-5.333 | 0
0 ,0 ,0 ,5 ,-4 ,4 ,3.5 ,-7 | 0
0 ,0 ,0 ,5.333 ,2 ,-2 ,1.5 ,4.667 | 0
0 ,0 ,-2 ,-3 ,2 ,-2 ,-4 ,1 | 0
0 ,0 ,1 ,3 ,-2 ,2 ,3 ,-8 | 0

R7 --> R7 + 0.167*R3

2 ,0 ,0 ,1.333 ,2 ,-2 ,-0.5 ,2.667 | 0
0 ,-2 ,0 ,2 ,2 ,0 ,1 ,4 | 0
0 ,0 ,12 ,-2 ,-6 ,6 ,-1.5 ,-22 | 0
0 ,0 ,0 ,3.333 ,-3 ,3 ,-2.5 ,-5.333 | 0
0 ,0 ,0 ,5 ,-4 ,4 ,3.5 ,-7 | 0
0 ,0 ,0 ,5.333 ,2 ,-2 ,1.5 ,4.667 | 0
0 ,0 ,0 ,-3.333 ,1 ,-1 ,-4.25 ,-2.667 | 0
0 ,0 ,1 ,3 ,-2 ,2 ,3 ,-8 | 0

R8 --> R8 - 0.083*R3

2 ,0 ,0 ,1.333 ,2 ,-2 ,-0.5 ,2.667 | 0
0 ,-2 ,0 ,2 ,2 ,0 ,1 ,4 | 0
0 ,0 ,12 ,-2 ,-6 ,6 ,-1.5 ,-22 | 0
0 ,0 ,0 ,3.333 ,-3 ,3 ,-2.5 ,-5.333 | 0
0 ,0 ,0 ,5 ,-4 ,4 ,3.5 ,-7 | 0
0 ,0 ,0 ,5.333 ,2 ,-2 ,1.5 ,4.667 | 0
0 ,0 ,0 ,-3.333 ,1 ,-1 ,-4.25 ,-2.667 | 0
0 ,0 ,0 ,3.167 ,-1.5 ,1.5 ,3.125 ,-6.167 | 0

R1 --> R1 - 0.4*R4

2 ,0 ,0 ,0 ,3.2 ,-3.2 ,0.5 ,4.8 | 0
0 ,-2 ,0 ,2 ,2 ,0 ,1 ,4 | 0
0 ,0 ,12 ,-2 ,-6 ,6 ,-1.5 ,-22 | 0
0 ,0 ,0 ,3.333 ,-3 ,3 ,-2.5 ,-5.333 | 0
0 ,0 ,0 ,5 ,-4 ,4 ,3.5 ,-7 | 0
0 ,0 ,0 ,5.333 ,2 ,-2 ,1.5 ,4.667 | 0
0 ,0 ,0 ,-3.333 ,1 ,-1 ,-4.25 ,-2.667 | 0
0 ,0 ,0 ,3.167 ,-1.5 ,1.5 ,3.125 ,-6.167 | 0

R2 --> R2 - 0.6*R4

2 ,0 ,0 ,0 ,3.2 ,-3.2 ,0.5 ,4.8 | 0
0 ,-2 ,0 ,0 ,3.8 ,-1.8 ,2.5 ,7.2 | 0
0 ,0 ,12 ,-2 ,-6 ,6 ,-1.5 ,-22 | 0
0 ,0 ,0 ,3.333 ,-3 ,3 ,-2.5 ,-5.333 | 0
0 ,0 ,0 ,5 ,-4 ,4 ,3.5 ,-7 | 0
0 ,0 ,0 ,5.333 ,2 ,-2 ,1.5 ,4.667 | 0
0 ,0 ,0 ,-3.333 ,1 ,-1 ,-4.25 ,-2.667 | 0
0 ,0 ,0 ,3.167 ,-1.5 ,1.5 ,3.125 ,-6.167 | 0

R3 --> R3 + 0.6*R4

2 ,0 ,0 ,0 ,3.2 ,-3.2 ,0.5 ,4.8 | 0
0 ,-2 ,0 ,0 ,3.8 ,-1.8 ,2.5 ,7.2 | 0
0 ,0 ,12 ,0 ,-7.8 ,7.8 ,-3 ,-25.2 | 0
0 ,0 ,0 ,3.333 ,-3 ,3 ,-2.5 ,-5.333 | 0
0 ,0 ,0 ,5 ,-4 ,4 ,3.5 ,-7 | 0
0 ,0 ,0 ,5.333 ,2 ,-2 ,1.5 ,4.667 | 0
0 ,0 ,0 ,-3.333 ,1 ,-1 ,-4.25 ,-2.667 | 0
0 ,0 ,0 ,3.167 ,-1.5 ,1.5 ,3.125 ,-6.167 | 0

R5 --> R5 - 1.5*R4

2 ,0 ,0 ,0 ,3.2 ,-3.2 ,0.5 ,4.8 | 0
0 ,-2 ,0 ,0 ,3.8 ,-1.8 ,2.5 ,7.2 | 0
0 ,0 ,12 ,0 ,-7.8 ,7.8 ,-3 ,-25.2 | 0
0 ,0 ,0 ,3.333 ,-3 ,3 ,-2.5 ,-5.333 | 0
0 ,0 ,0 ,0 ,0.5 ,-0.5 ,7.25 ,1 | 0
0 ,0 ,0 ,5.333 ,2 ,-2 ,1.5 ,4.667 | 0
0 ,0 ,0 ,-3.333 ,1 ,-1 ,-4.25 ,-2.667 | 0
0 ,0 ,0 ,3.167 ,-1.5 ,1.5 ,3.125 ,-6.167 | 0

R6 --> R6 - 1.6*R4

2 ,0 ,0 ,0 ,3.2 ,-3.2 ,0.5 ,4.8 | 0
0 ,-2 ,0 ,0 ,3.8 ,-1.8 ,2.5 ,7.2 | 0
0 ,0 ,12 ,0 ,-7.8 ,7.8 ,-3 ,-25.2 | 0
0 ,0 ,0 ,3.333 ,-3 ,3 ,-2.5 ,-5.333 | 0
0 ,0 ,0 ,0 ,0.5 ,-0.5 ,7.25 ,1 | 0
0 ,0 ,0 ,0 ,6.8 ,-6.8 ,5.5 ,13.2 | 0
0 ,0 ,0 ,-3.333 ,1 ,-1 ,-4.25 ,-2.667 | 0
0 ,0 ,0 ,3.167 ,-1.5 ,1.5 ,3.125 ,-6.167 | 0

R7 --> R7 + R4

2 ,0 ,0 ,0 ,3.2 ,-3.2 ,0.5 ,4.8 | 0
0 ,-2 ,0 ,0 ,3.8 ,-1.8 ,2.5 ,7.2 | 0
0 ,0 ,12 ,0 ,-7.8 ,7.8 ,-3 ,-25.2 | 0
0 ,0 ,0 ,3.333 ,-3 ,3 ,-2.5 ,-5.333 | 0
0 ,0 ,0 ,0 ,0.5 ,-0.5 ,7.25 ,1 | 0
0 ,0 ,0 ,0 ,6.8 ,-6.8 ,5.5 ,13.2 | 0
0 ,0 ,0 ,0 ,-2 ,2 ,-6.75 ,-8 | 0
0 ,0 ,0 ,3.167 ,-1.5 ,1.5 ,3.125 ,-6.167 | 0

R8 --> R8 - 0.95*R4

2 ,0 ,0 ,0 ,3.2 ,-3.2 ,0.5 ,4.8 | 0
0 ,-2 ,0 ,0 ,3.8 ,-1.8 ,2.5 ,7.2 | 0
0 ,0 ,12 ,0 ,-7.8 ,7.8 ,-3 ,-25.2 | 0
0 ,0 ,0 ,3.333 ,-3 ,3 ,-2.5 ,-5.333 | 0
0 ,0 ,0 ,0 ,0.5 ,-0.5 ,7.25 ,1 | 0
0 ,0 ,0 ,0 ,6.8 ,-6.8 ,5.5 ,13.2 | 0
0 ,0 ,0 ,0 ,-2 ,2 ,-6.75 ,-8 | 0
0 ,0 ,0 ,0 ,1.35 ,-1.35 ,5.5 ,-1.1 | 0

R1 --> R1 - 6.4*R5

2 ,0 ,0 ,0 ,0 ,0 ,-45.9 ,-1.6 | 0
0 ,-2 ,0 ,0 ,3.8 ,-1.8 ,2.5 ,7.2 | 0
0 ,0 ,12 ,0 ,-7.8 ,7.8 ,-3 ,-25.2 | 0
0 ,0 ,0 ,3.333 ,-3 ,3 ,-2.5 ,-5.333 | 0
0 ,0 ,0 ,0 ,0.5 ,-0.5 ,7.25 ,1 | 0
0 ,0 ,0 ,0 ,6.8 ,-6.8 ,5.5 ,13.2 | 0
0 ,0 ,0 ,0 ,-2 ,2 ,-6.75 ,-8 | 0
0 ,0 ,0 ,0 ,1.35 ,-1.35 ,5.5 ,-1.1 | 0

R2 --> R2 - 7.6*R5

2 ,0 ,0 ,0 ,0 ,0 ,-45.9 ,-1.6 | 0
0 ,-2 ,0 ,0 ,0 ,2 ,-52.6 ,-0.4 | 0
0 ,0 ,12 ,0 ,-7.8 ,7.8 ,-3 ,-25.2 | 0
0 ,0 ,0 ,3.333 ,-3 ,3 ,-2.5 ,-5.333 | 0
0 ,0 ,0 ,0 ,0.5 ,-0.5 ,7.25 ,1 | 0
0 ,0 ,0 ,0 ,6.8 ,-6.8 ,5.5 ,13.2 | 0
0 ,0 ,0 ,0 ,-2 ,2 ,-6.75 ,-8 | 0
0 ,0 ,0 ,0 ,1.35 ,-1.35 ,5.5 ,-1.1 | 0

R3 --> R3 + 15.6*R5

2 ,0 ,0 ,0 ,0 ,0 ,-45.9 ,-1.6 | 0
0 ,-2 ,0 ,0 ,0 ,2 ,-52.6 ,-0.4 | 0
0 ,0 ,12 ,0 ,0 ,0 ,110.1 ,-9.6 | 0
0 ,0 ,0 ,3.333 ,-3 ,3 ,-2.5 ,-5.333 | 0
0 ,0 ,0 ,0 ,0.5 ,-0.5 ,7.25 ,1 | 0
0 ,0 ,0 ,0 ,6.8 ,-6.8 ,5.5 ,13.2 | 0
0 ,0 ,0 ,0 ,-2 ,2 ,-6.75 ,-8 | 0
0 ,0 ,0 ,0 ,1.35 ,-1.35 ,5.5 ,-1.1 | 0

R4 --> R4 + 6*R5

2 ,0 ,0 ,0 ,0 ,0 ,-45.9 ,-1.6 | 0
0 ,-2 ,0 ,0 ,0 ,2 ,-52.6 ,-0.4 | 0
0 ,0 ,12 ,0 ,0 ,0 ,110.1 ,-9.6 | 0
0 ,0 ,0 ,3.333 ,0 ,0 ,41 ,0.667 | 0
0 ,0 ,0 ,0 ,0.5 ,-0.5 ,7.25 ,1 | 0
0 ,0 ,0 ,0 ,6.8 ,-6.8 ,5.5 ,13.2 | 0
0 ,0 ,0 ,0 ,-2 ,2 ,-6.75 ,-8 | 0
0 ,0 ,0 ,0 ,1.35 ,-1.35 ,5.5 ,-1.1 | 0

R6 --> R6 - 13.6*R5

2 ,0 ,0 ,0 ,0 ,0 ,-45.9 ,-1.6 | 0
0 ,-2 ,0 ,0 ,0 ,2 ,-52.6 ,-0.4 | 0
0 ,0 ,12 ,0 ,0 ,0 ,110.1 ,-9.6 | 0
0 ,0 ,0 ,3.333 ,0 ,0 ,41 ,0.667 | 0
0 ,0 ,0 ,0 ,0.5 ,-0.5 ,7.25 ,1 | 0
0 ,0 ,0 ,0 ,0 ,0 ,-93.1 ,-0.4 | 0
0 ,0 ,0 ,0 ,-2 ,2 ,-6.75 ,-8 | 0
0 ,0 ,0 ,0 ,1.35 ,-1.35 ,5.5 ,-1.1 | 0

R7 --> R7 + 4*R5

2 ,0 ,0 ,0 ,0 ,0 ,-45.9 ,-1.6 | 0
0 ,-2 ,0 ,0 ,0 ,2 ,-52.6 ,-0.4 | 0
0 ,0 ,12 ,0 ,0 ,0 ,110.1 ,-9.6 | 0
0 ,0 ,0 ,3.333 ,0 ,0 ,41 ,0.667 | 0
0 ,0 ,0 ,0 ,0.5 ,-0.5 ,7.25 ,1 | 0
0 ,0 ,0 ,0 ,0 ,0 ,-93.1 ,-0.4 | 0
0 ,0 ,0 ,0 ,0 ,0 ,22.25 ,-4 | 0
0 ,0 ,0 ,0 ,1.35 ,-1.35 ,5.5 ,-1.1 | 0

R8 --> R8 - 2.7*R5

2 ,0 ,0 ,0 ,0 ,0 ,-45.9 ,-1.6 | 0
0 ,-2 ,0 ,0 ,0 ,2 ,-52.6 ,-0.4 | 0
0 ,0 ,12 ,0 ,0 ,0 ,110.1 ,-9.6 | 0
0 ,0 ,0 ,3.333 ,0 ,0 ,41 ,0.667 | 0
0 ,0 ,0 ,0 ,0.5 ,-0.5 ,7.25 ,1 | 0
0 ,0 ,0 ,0 ,0 ,0 ,-93.1 ,-0.4 | 0
0 ,0 ,0 ,0 ,0 ,0 ,22.25 ,-4 | 0
0 ,0 ,0 ,0 ,0 ,0 ,-14.075 ,-3.8 | 0

R2 <--> R6

2 ,0 ,0 ,0 ,0 ,0 ,-45.9 ,-1.6 | 0
0 ,0 ,0 ,0 ,0 ,0 ,-93.1 ,-0.4 | 0
0 ,0 ,12 ,0 ,0 ,0 ,110.1 ,-9.6 | 0
0 ,0 ,0 ,3.333 ,0 ,0 ,41 ,0.667 | 0
0 ,0 ,0 ,0 ,0.5 ,-0.5 ,7.25 ,1 | 0
0 ,-2 ,0 ,0 ,0 ,2 ,-52.6 ,-0.4 | 0
0 ,0 ,0 ,0 ,0 ,0 ,22.25 ,-4 | 0
0 ,0 ,0 ,0 ,0 ,0 ,-14.075 ,-3.8 | 0

R5 --> R5 + 0.25*R6

2 ,0 ,0 ,0 ,0 ,0 ,-45.9 ,-1.6 | 0
0 ,0 ,0 ,0 ,0 ,0 ,-93.1 ,-0.4 | 0
0 ,0 ,12 ,0 ,0 ,0 ,110.1 ,-9.6 | 0
0 ,0 ,0 ,3.333 ,0 ,0 ,41 ,0.667 | 0
0 ,-0.5 ,0 ,0 ,0.5 ,0 ,-5.9 ,0.9 | 0
0 ,-2 ,0 ,0 ,0 ,2 ,-52.6 ,-0.4 | 0
0 ,0 ,0 ,0 ,0 ,0 ,22.25 ,-4 | 0
0 ,0 ,0 ,0 ,0 ,0 ,-14.075 ,-3.8 | 0

R1 --> R1 + 2.063*R7

2 ,0 ,0 ,0 ,0 ,0 ,0 ,-9.852 | 0
0 ,0 ,0 ,0 ,0 ,0 ,-93.1 ,-0.4 | 0
0 ,0 ,12 ,0 ,0 ,0 ,110.1 ,-9.6 | 0
0 ,0 ,0 ,3.333 ,0 ,0 ,41 ,0.667 | 0
0 ,-0.5 ,0 ,0 ,0.5 ,0 ,-5.9 ,0.9 | 0
0 ,-2 ,0 ,0 ,0 ,2 ,-52.6 ,-0.4 | 0
0 ,0 ,0 ,0 ,0 ,0 ,22.25 ,-4 | 0
0 ,0 ,0 ,0 ,0 ,0 ,-14.075 ,-3.8 | 0

R2 --> R2 + 4.184*R7

2 ,0 ,0 ,0 ,0 ,0 ,0 ,-9.852 | 0
0 ,0 ,0 ,0 ,0 ,0 ,0 ,-17.137 | 0
0 ,0 ,12 ,0 ,0 ,0 ,110.1 ,-9.6 | 0
0 ,0 ,0 ,3.333 ,0 ,0 ,41 ,0.667 | 0
0 ,-0.5 ,0 ,0 ,0.5 ,0 ,-5.9 ,0.9 | 0
0 ,-2 ,0 ,0 ,0 ,2 ,-52.6 ,-0.4 | 0
0 ,0 ,0 ,0 ,0 ,0 ,22.25 ,-4 | 0
0 ,0 ,0 ,0 ,0 ,0 ,-14.075 ,-3.8 | 0

R2 --> -0.058*R2

2 ,0 ,0 ,0 ,0 ,0 ,0 ,-9.852 | 0
0 ,0 ,0 ,0 ,0 ,0 ,0 ,1 | 0
0 ,0 ,12 ,0 ,0 ,0 ,110.1 ,-9.6 | 0
0 ,0 ,0 ,3.333 ,0 ,0 ,41 ,0.667 | 0
0 ,-0.5 ,0 ,0 ,0.5 ,0 ,-5.9 ,0.9 | 0
0 ,-2 ,0 ,0 ,0 ,2 ,-52.6 ,-0.4 | 0
0 ,0 ,0 ,0 ,0 ,0 ,22.25 ,-4 | 0
0 ,0 ,0 ,0 ,0 ,0 ,-14.075 ,-3.8 | 0

R3 --> R3 - 4.948*R7

2 ,0 ,0 ,0 ,0 ,0 ,0 ,-9.852 | 0
0 ,0 ,0 ,0 ,0 ,0 ,0 ,1 | 0
0 ,0 ,12 ,0 ,0 ,0 ,0 ,10.193 | 0
0 ,0 ,0 ,3.333 ,0 ,0 ,41 ,0.667 | 0
0 ,-0.5 ,0 ,0 ,0.5 ,0 ,-5.9 ,0.9 | 0
0 ,-2 ,0 ,0 ,0 ,2 ,-52.6 ,-0.4 | 0
0 ,0 ,0 ,0 ,0 ,0 ,22.25 ,-4 | 0
0 ,0 ,0 ,0 ,0 ,0 ,-14.075 ,-3.8 | 0

R4 --> R4 - 1.843*R7

2 ,0 ,0 ,0 ,0 ,0 ,0 ,-9.852 | 0
0 ,0 ,0 ,0 ,0 ,0 ,0 ,1 | 0
0 ,0 ,12 ,0 ,0 ,0 ,0 ,10.193 | 0
0 ,0 ,0 ,3.333 ,0 ,0 ,0 ,8.037 | 0
0 ,-0.5 ,0 ,0 ,0.5 ,0 ,-5.9 ,0.9 | 0
0 ,-2 ,0 ,0 ,0 ,2 ,-52.6 ,-0.4 | 0
0 ,0 ,0 ,0 ,0 ,0 ,22.25 ,-4 | 0
0 ,0 ,0 ,0 ,0 ,0 ,-14.075 ,-3.8 | 0

R5 --> R5 + 0.265*R7

2 ,0 ,0 ,0 ,0 ,0 ,0 ,-9.852 | 0
0 ,0 ,0 ,0 ,0 ,0 ,0 ,1 | 0
0 ,0 ,12 ,0 ,0 ,0 ,0 ,10.193 | 0
0 ,0 ,0 ,3.333 ,0 ,0 ,0 ,8.037 | 0
0 ,-0.5 ,0 ,0 ,0.5 ,0 ,0 ,-0.161 | 0
0 ,-2 ,0 ,0 ,0 ,2 ,-52.6 ,-0.4 | 0
0 ,0 ,0 ,0 ,0 ,0 ,22.25 ,-4 | 0
0 ,0 ,0 ,0 ,0 ,0 ,-14.075 ,-3.8 | 0

R6 --> R6 + 2.364*R7

2 ,0 ,0 ,0 ,0 ,0 ,0 ,-9.852 | 0
0 ,0 ,0 ,0 ,0 ,0 ,0 ,1 | 0
0 ,0 ,12 ,0 ,0 ,0 ,0 ,10.193 | 0
0 ,0 ,0 ,3.333 ,0 ,0 ,0 ,8.037 | 0
0 ,-0.5 ,0 ,0 ,0.5 ,0 ,0 ,-0.161 | 0
0 ,-2 ,0 ,0 ,0 ,2 ,0 ,-9.856 | 0
0 ,0 ,0 ,0 ,0 ,0 ,22.25 ,-4 | 0
0 ,0 ,0 ,0 ,0 ,0 ,-14.075 ,-3.8 | 0

R8 --> R8 + 0.633*R7

2 ,0 ,0 ,0 ,0 ,0 ,0 ,-9.852 | 0
0 ,0 ,0 ,0 ,0 ,0 ,0 ,1 | 0
0 ,0 ,12 ,0 ,0 ,0 ,0 ,10.193 | 0
0 ,0 ,0 ,3.333 ,0 ,0 ,0 ,8.037 | 0
0 ,-0.5 ,0 ,0 ,0.5 ,0 ,0 ,-0.161 | 0
0 ,-2 ,0 ,0 ,0 ,2 ,0 ,-9.856 | 0
0 ,0 ,0 ,0 ,0 ,0 ,22.25 ,-4 | 0
0 ,0 ,0 ,0 ,0 ,0 ,0 ,-6.33 | 0

R8 --> -0.158*R8

2 ,0 ,0 ,0 ,0 ,0 ,0 ,-9.852 | 0
0 ,0 ,0 ,0 ,0 ,0 ,0 ,1 | 0
0 ,0 ,12 ,0 ,0 ,0 ,0 ,10.193 | 0
0 ,0 ,0 ,3.333 ,0 ,0 ,0 ,8.037 | 0
0 ,-0.5 ,0 ,0 ,0.5 ,0 ,0 ,-0.161 | 0
0 ,-2 ,0 ,0 ,0 ,2 ,0 ,-9.856 | 0
0 ,0 ,0 ,0 ,0 ,0 ,22.25 ,-4 | 0
0 ,0 ,0 ,0 ,0 ,0 ,0 ,1 | 0

R1 --> R1 + 9.852*R8

2 ,0 ,0 ,0 ,0 ,0 ,0 ,0 | 0
0 ,0 ,0 ,0 ,0 ,0 ,0 ,1 | 0
0 ,0 ,12 ,0 ,0 ,0 ,0 ,10.193 | 0
0 ,0 ,0 ,3.333 ,0 ,0 ,0 ,8.037 | 0
0 ,-0.5 ,0 ,0 ,0.5 ,0 ,0 ,-0.161 | 0
0 ,-2 ,0 ,0 ,0 ,2 ,0 ,-9.856 | 0
0 ,0 ,0 ,0 ,0 ,0 ,22.25 ,-4 | 0
0 ,0 ,0 ,0 ,0 ,0 ,0 ,1 | 0

R1 --> 0.5*R1

1 ,0 ,0 ,0 ,0 ,0 ,0 ,0 | 0
0 ,0 ,0 ,0 ,0 ,0 ,0 ,1 | 0
0 ,0 ,12 ,0 ,0 ,0 ,0 ,10.193 | 0
0 ,0 ,0 ,3.333 ,0 ,0 ,0 ,8.037 | 0
0 ,-0.5 ,0 ,0 ,0.5 ,0 ,0 ,-0.161 | 0
0 ,-2 ,0 ,0 ,0 ,2 ,0 ,-9.856 | 0
0 ,0 ,0 ,0 ,0 ,0 ,22.25 ,-4 | 0
0 ,0 ,0 ,0 ,0 ,0 ,0 ,1 | 0

R2 --> R2 - R8

1 ,0 ,0 ,0 ,0 ,0 ,0 ,0 | 0
0 ,0 ,0 ,0 ,0 ,0 ,0 ,0 | 0
0 ,0 ,12 ,0 ,0 ,0 ,0 ,10.193 | 0
0 ,0 ,0 ,3.333 ,0 ,0 ,0 ,8.037 | 0
0 ,-0.5 ,0 ,0 ,0.5 ,0 ,0 ,-0.161 | 0
0 ,-2 ,0 ,0 ,0 ,2 ,0 ,-9.856 | 0
0 ,0 ,0 ,0 ,0 ,0 ,22.25 ,-4 | 0
0 ,0 ,0 ,0 ,0 ,0 ,0 ,1 | 0

R3 --> R3 - 10.193*R8

1 ,0 ,0 ,0 ,0 ,0 ,0 ,0 | 0
0 ,0 ,0 ,0 ,0 ,0 ,0 ,0 | 0
0 ,0 ,12 ,0 ,0 ,0 ,0 ,0 | 0
0 ,0 ,0 ,3.333 ,0 ,0 ,0 ,8.037 | 0
0 ,-0.5 ,0 ,0 ,0.5 ,0 ,0 ,-0.161 | 0
0 ,-2 ,0 ,0 ,0 ,2 ,0 ,-9.856 | 0
0 ,0 ,0 ,0 ,0 ,0 ,22.25 ,-4 | 0
0 ,0 ,0 ,0 ,0 ,0 ,0 ,1 | 0

R3 --> 0.083*R3

1 ,0 ,0 ,0 ,0 ,0 ,0 ,0 | 0
0 ,0 ,0 ,0 ,0 ,0 ,0 ,0 | 0
0 ,0 ,1 ,0 ,0 ,0 ,0 ,0 | 0
0 ,0 ,0 ,3.333 ,0 ,0 ,0 ,8.037 | 0
0 ,-0.5 ,0 ,0 ,0.5 ,0 ,0 ,-0.161 | 0
0 ,-2 ,0 ,0 ,0 ,2 ,0 ,-9.856 | 0
0 ,0 ,0 ,0 ,0 ,0 ,22.25 ,-4 | 0
0 ,0 ,0 ,0 ,0 ,0 ,0 ,1 | 0

R4 --> R4 - 8.037*R8

1 ,0 ,0 ,0 ,0 ,0 ,0 ,0 | 0
0 ,0 ,0 ,0 ,0 ,0 ,0 ,0 | 0
0 ,0 ,1 ,0 ,0 ,0 ,0 ,0 | 0
0 ,0 ,0 ,3.333 ,0 ,0 ,0 ,0 | 0
0 ,-0.5 ,0 ,0 ,0.5 ,0 ,0 ,-0.161 | 0
0 ,-2 ,0 ,0 ,0 ,2 ,0 ,-9.856 | 0
0 ,0 ,0 ,0 ,0 ,0 ,22.25 ,-4 | 0
0 ,0 ,0 ,0 ,0 ,0 ,0 ,1 | 0

R4 --> 0.3*R4

1 ,0 ,0 ,0 ,0 ,0 ,0 ,0 | 0
0 ,0 ,0 ,0 ,0 ,0 ,0 ,0 | 0
0 ,0 ,1 ,0 ,0 ,0 ,0 ,0 | 0
0 ,0 ,0 ,1 ,0 ,0 ,0 ,0 | 0
0 ,-0.5 ,0 ,0 ,0.5 ,0 ,0 ,-0.161 | 0
0 ,-2 ,0 ,0 ,0 ,2 ,0 ,-9.856 | 0
0 ,0 ,0 ,0 ,0 ,0 ,22.25 ,-4 | 0
0 ,0 ,0 ,0 ,0 ,0 ,0 ,1 | 0

R5 --> R5 + 0.161*R8

1 ,0 ,0 ,0 ,0 ,0 ,0 ,0 | 0
0 ,0 ,0 ,0 ,0 ,0 ,0 ,0 | 0
0 ,0 ,1 ,0 ,0 ,0 ,0 ,0 | 0
0 ,0 ,0 ,1 ,0 ,0 ,0 ,0 | 0
0 ,-0.5 ,0 ,0 ,0.5 ,0 ,0 ,0 | 0
0 ,-2 ,0 ,0 ,0 ,2 ,0 ,-9.856 | 0
0 ,0 ,0 ,0 ,0 ,0 ,22.25 ,-4 | 0
0 ,0 ,0 ,0 ,0 ,0 ,0 ,1 | 0

R6 --> R6 + 9.856*R8

1 ,0 ,0 ,0 ,0 ,0 ,0 ,0 | 0
0 ,0 ,0 ,0 ,0 ,0 ,0 ,0 | 0
0 ,0 ,1 ,0 ,0 ,0 ,0 ,0 | 0
0 ,0 ,0 ,1 ,0 ,0 ,0 ,0 | 0
0 ,-0.5 ,0 ,0 ,0.5 ,0 ,0 ,0 | 0
0 ,-2 ,0 ,0 ,0 ,2 ,0 ,0 | 0
0 ,0 ,0 ,0 ,0 ,0 ,22.25 ,-4 | 0
0 ,0 ,0 ,0 ,0 ,0 ,0 ,1 | 0

R7 --> R7 + 4*R8

1 ,0 ,0 ,0 ,0 ,0 ,0 ,0 | 0
0 ,0 ,0 ,0 ,0 ,0 ,0 ,0 | 0
0 ,0 ,1 ,0 ,0 ,0 ,0 ,0 | 0
0 ,0 ,0 ,1 ,0 ,0 ,0 ,0 | 0
0 ,-0.5 ,0 ,0 ,0.5 ,0 ,0 ,0 | 0
0 ,-2 ,0 ,0 ,0 ,2 ,0 ,0 | 0
0 ,0 ,0 ,0 ,0 ,0 ,22.25 ,0 | 0
0 ,0 ,0 ,0 ,0 ,0 ,0 ,1 | 0

R7 --> 0.045*R7

1 ,0 ,0 ,0 ,0 ,0 ,0 ,0 | 0
0 ,0 ,0 ,0 ,0 ,0 ,0 ,0 | 0
0 ,0 ,1 ,0 ,0 ,0 ,0 ,0 | 0
0 ,0 ,0 ,1 ,0 ,0 ,0 ,0 | 0
0 ,-0.5 ,0 ,0 ,0.5 ,0 ,0 ,0 | 0
0 ,-2 ,0 ,0 ,0 ,2 ,0 ,0 | 0
0 ,0 ,0 ,0 ,0 ,0 ,1 ,0 | 0
0 ,0 ,0 ,0 ,0 ,0 ,0 ,1 | 0

define a new column in the vector b when x2 is a free variable in R8 space:
1 ,0 ,0 ,0 ,0 ,0 ,0 ,0 | 0 ,0
0 ,1 ,0 ,0 ,0 ,0 ,0 ,0 | 0 ,1
0 ,0 ,1 ,0 ,0 ,0 ,0 ,0 | 0 ,0
0 ,0 ,0 ,1 ,0 ,0 ,0 ,0 | 0 ,0
0 ,-0.5 ,0 ,0 ,0.5 ,0 ,0 ,0 | 0 ,0
0 ,-2 ,0 ,0 ,0 ,2 ,0 ,0 | 0 ,0
0 ,0 ,0 ,0 ,0 ,0 ,1 ,0 | 0 ,0
0 ,0 ,0 ,0 ,0 ,0 ,0 ,1 | 0 ,0

R5 --> R5 + 0.5*R2

1 ,0 ,0 ,0 ,0 ,0 ,0 ,0 | 0 ,0
0 ,1 ,0 ,0 ,0 ,0 ,0 ,0 | 0 ,1
0 ,0 ,1 ,0 ,0 ,0 ,0 ,0 | 0 ,0
0 ,0 ,0 ,1 ,0 ,0 ,0 ,0 | 0 ,0
0 ,0 ,0 ,0 ,0.5 ,0 ,0 ,0 | 0 ,0.5
0 ,-2 ,0 ,0 ,0 ,2 ,0 ,0 | 0 ,0
0 ,0 ,0 ,0 ,0 ,0 ,1 ,0 | 0 ,0
0 ,0 ,0 ,0 ,0 ,0 ,0 ,1 | 0 ,0

R5 --> 2*R5

1 ,0 ,0 ,0 ,0 ,0 ,0 ,0 | 0 ,0
0 ,1 ,0 ,0 ,0 ,0 ,0 ,0 | 0 ,1
0 ,0 ,1 ,0 ,0 ,0 ,0 ,0 | 0 ,0
0 ,0 ,0 ,1 ,0 ,0 ,0 ,0 | 0 ,0
0 ,0 ,0 ,0 ,1 ,0 ,0 ,0 | 0 ,1
0 ,-2 ,0 ,0 ,0 ,2 ,0 ,0 | 0 ,0
0 ,0 ,0 ,0 ,0 ,0 ,1 ,0 | 0 ,0
0 ,0 ,0 ,0 ,0 ,0 ,0 ,1 | 0 ,0

R6 --> R6 + 2*R2

1 ,0 ,0 ,0 ,0 ,0 ,0 ,0 | 0 ,0
0 ,1 ,0 ,0 ,0 ,0 ,0 ,0 | 0 ,1
0 ,0 ,1 ,0 ,0 ,0 ,0 ,0 | 0 ,0
0 ,0 ,0 ,1 ,0 ,0 ,0 ,0 | 0 ,0
0 ,0 ,0 ,0 ,1 ,0 ,0 ,0 | 0 ,1
0 ,0 ,0 ,0 ,0 ,2 ,0 ,0 | 0 ,2
0 ,0 ,0 ,0 ,0 ,0 ,1 ,0 | 0 ,0
0 ,0 ,0 ,0 ,0 ,0 ,0 ,1 | 0 ,0

R6 --> 0.5*R6

1 ,0 ,0 ,0 ,0 ,0 ,0 ,0 | 0 ,0
0 ,1 ,0 ,0 ,0 ,0 ,0 ,0 | 0 ,1
0 ,0 ,1 ,0 ,0 ,0 ,0 ,0 | 0 ,0
0 ,0 ,0 ,1 ,0 ,0 ,0 ,0 | 0 ,0
0 ,0 ,0 ,0 ,1 ,0 ,0 ,0 | 0 ,1
0 ,0 ,0 ,0 ,0 ,1 ,0 ,0 | 0 ,1
0 ,0 ,0 ,0 ,0 ,0 ,1 ,0 | 0 ,0
0 ,0 ,0 ,0 ,0 ,0 ,0 ,1 | 0 ,0

the solution is an infinite set of vectors in R8 space which are linearly dependents in the vector space:
x = λ*(0 ,1 ,0 ,0 ,1 ,1 ,0 ,0) when λ it's a free scalar that belongs to the R set
