solve the next system in R8 space (8 equations)(8 unknowns):
eq1: -   x1 + 4*x2 - 2*x3 - 2*x4 +   x5 + 3*x6        + 2*x8  = 0
eq2: -   x1        - 3*x3 - 4*x4 - 2*x5 - 2*x6 +   x7 - 2*x8  = 0
eq3:               + 4*x3        - 4*x5 - 4*x6                = 0
eq4:        + 2*x2 - 2*x3 + 2*x4        + 4*x6 +   x7 - 4*x8  = 0
eq5: +   x1 + 3*x2 + 3*x3 +   x4        + 3*x6        - 2*x8  = 0
eq6:                      + 3*x4 + 2*x5 + 2*x6 - 2*x7 - 3*x8  = 0
eq7: - 2*x1        + 3*x3 + 4*x4 -   x5        - 3*x7 - 3*x8  = 0
eq8: + 4*x1        - 4*x3 +   x4 + 4*x5               +   x8  = 0

-1 ,4 ,-2 ,-2 ,1 ,3 ,0 ,2 | 0
-1 ,0 ,-3 ,-4 ,-2 ,-2 ,1 ,-2 | 0
0 ,0 ,4 ,0 ,-4 ,-4 ,0 ,0 | 0
0 ,2 ,-2 ,2 ,0 ,4 ,1 ,-4 | 0
1 ,3 ,3 ,1 ,0 ,3 ,0 ,-2 | 0
0 ,0 ,0 ,3 ,2 ,2 ,-2 ,-3 | 0
-2 ,0 ,3 ,4 ,-1 ,0 ,-3 ,-3 | 0
4 ,0 ,-4 ,1 ,4 ,0 ,0 ,1 | 0

implement the solution by ranking rows method:
transform A matrix to I by a ranking rows:
R2 --> R2 - R1

-1 ,4 ,-2 ,-2 ,1 ,3 ,0 ,2 | 0
0 ,-4 ,-1 ,-2 ,-3 ,-5 ,1 ,-4 | 0
0 ,0 ,4 ,0 ,-4 ,-4 ,0 ,0 | 0
0 ,2 ,-2 ,2 ,0 ,4 ,1 ,-4 | 0
1 ,3 ,3 ,1 ,0 ,3 ,0 ,-2 | 0
0 ,0 ,0 ,3 ,2 ,2 ,-2 ,-3 | 0
-2 ,0 ,3 ,4 ,-1 ,0 ,-3 ,-3 | 0
4 ,0 ,-4 ,1 ,4 ,0 ,0 ,1 | 0

R5 --> R5 + R1

-1 ,4 ,-2 ,-2 ,1 ,3 ,0 ,2 | 0
0 ,-4 ,-1 ,-2 ,-3 ,-5 ,1 ,-4 | 0
0 ,0 ,4 ,0 ,-4 ,-4 ,0 ,0 | 0
0 ,2 ,-2 ,2 ,0 ,4 ,1 ,-4 | 0
0 ,7 ,1 ,-1 ,1 ,6 ,0 ,0 | 0
0 ,0 ,0 ,3 ,2 ,2 ,-2 ,-3 | 0
-2 ,0 ,3 ,4 ,-1 ,0 ,-3 ,-3 | 0
4 ,0 ,-4 ,1 ,4 ,0 ,0 ,1 | 0

R7 --> R7 - 2*R1

-1 ,4 ,-2 ,-2 ,1 ,3 ,0 ,2 | 0
0 ,-4 ,-1 ,-2 ,-3 ,-5 ,1 ,-4 | 0
0 ,0 ,4 ,0 ,-4 ,-4 ,0 ,0 | 0
0 ,2 ,-2 ,2 ,0 ,4 ,1 ,-4 | 0
0 ,7 ,1 ,-1 ,1 ,6 ,0 ,0 | 0
0 ,0 ,0 ,3 ,2 ,2 ,-2 ,-3 | 0
0 ,-8 ,7 ,8 ,-3 ,-6 ,-3 ,-7 | 0
4 ,0 ,-4 ,1 ,4 ,0 ,0 ,1 | 0

R8 --> R8 + 4*R1

-1 ,4 ,-2 ,-2 ,1 ,3 ,0 ,2 | 0
0 ,-4 ,-1 ,-2 ,-3 ,-5 ,1 ,-4 | 0
0 ,0 ,4 ,0 ,-4 ,-4 ,0 ,0 | 0
0 ,2 ,-2 ,2 ,0 ,4 ,1 ,-4 | 0
0 ,7 ,1 ,-1 ,1 ,6 ,0 ,0 | 0
0 ,0 ,0 ,3 ,2 ,2 ,-2 ,-3 | 0
0 ,-8 ,7 ,8 ,-3 ,-6 ,-3 ,-7 | 0
0 ,16 ,-12 ,-7 ,8 ,12 ,0 ,9 | 0

R1 --> R1 + R2

-1 ,0 ,-3 ,-4 ,-2 ,-2 ,1 ,-2 | 0
0 ,-4 ,-1 ,-2 ,-3 ,-5 ,1 ,-4 | 0
0 ,0 ,4 ,0 ,-4 ,-4 ,0 ,0 | 0
0 ,2 ,-2 ,2 ,0 ,4 ,1 ,-4 | 0
0 ,7 ,1 ,-1 ,1 ,6 ,0 ,0 | 0
0 ,0 ,0 ,3 ,2 ,2 ,-2 ,-3 | 0
0 ,-8 ,7 ,8 ,-3 ,-6 ,-3 ,-7 | 0
0 ,16 ,-12 ,-7 ,8 ,12 ,0 ,9 | 0

R4 --> R4 + 1/2*R2

-1 ,0 ,-3 ,-4 ,-2 ,-2 ,1 ,-2 | 0
0 ,-4 ,-1 ,-2 ,-3 ,-5 ,1 ,-4 | 0
0 ,0 ,4 ,0 ,-4 ,-4 ,0 ,0 | 0
0 ,0 ,-5/2 ,1 ,-3/2 ,3/2 ,3/2 ,-6 | 0
0 ,7 ,1 ,-1 ,1 ,6 ,0 ,0 | 0
0 ,0 ,0 ,3 ,2 ,2 ,-2 ,-3 | 0
0 ,-8 ,7 ,8 ,-3 ,-6 ,-3 ,-7 | 0
0 ,16 ,-12 ,-7 ,8 ,12 ,0 ,9 | 0

R5 --> R5 + 7/4*R2

-1 ,0 ,-3 ,-4 ,-2 ,-2 ,1 ,-2 | 0
0 ,-4 ,-1 ,-2 ,-3 ,-5 ,1 ,-4 | 0
0 ,0 ,4 ,0 ,-4 ,-4 ,0 ,0 | 0
0 ,0 ,-5/2 ,1 ,-3/2 ,3/2 ,3/2 ,-6 | 0
0 ,0 ,-3/4 ,-9/2 ,-17/4 ,-11/4 ,7/4 ,-7 | 0
0 ,0 ,0 ,3 ,2 ,2 ,-2 ,-3 | 0
0 ,-8 ,7 ,8 ,-3 ,-6 ,-3 ,-7 | 0
0 ,16 ,-12 ,-7 ,8 ,12 ,0 ,9 | 0

R7 --> R7 - 2*R2

-1 ,0 ,-3 ,-4 ,-2 ,-2 ,1 ,-2 | 0
0 ,-4 ,-1 ,-2 ,-3 ,-5 ,1 ,-4 | 0
0 ,0 ,4 ,0 ,-4 ,-4 ,0 ,0 | 0
0 ,0 ,-5/2 ,1 ,-3/2 ,3/2 ,3/2 ,-6 | 0
0 ,0 ,-3/4 ,-9/2 ,-17/4 ,-11/4 ,7/4 ,-7 | 0
0 ,0 ,0 ,3 ,2 ,2 ,-2 ,-3 | 0
0 ,0 ,9 ,12 ,3 ,4 ,-5 ,1 | 0
0 ,16 ,-12 ,-7 ,8 ,12 ,0 ,9 | 0

R8 --> R8 + 4*R2

-1 ,0 ,-3 ,-4 ,-2 ,-2 ,1 ,-2 | 0
0 ,-4 ,-1 ,-2 ,-3 ,-5 ,1 ,-4 | 0
0 ,0 ,4 ,0 ,-4 ,-4 ,0 ,0 | 0
0 ,0 ,-5/2 ,1 ,-3/2 ,3/2 ,3/2 ,-6 | 0
0 ,0 ,-3/4 ,-9/2 ,-17/4 ,-11/4 ,7/4 ,-7 | 0
0 ,0 ,0 ,3 ,2 ,2 ,-2 ,-3 | 0
0 ,0 ,9 ,12 ,3 ,4 ,-5 ,1 | 0
0 ,0 ,-16 ,-15 ,-4 ,-8 ,4 ,-7 | 0

R1 --> R1 + 3/4*R3

-1 ,0 ,0 ,-4 ,-5 ,-5 ,1 ,-2 | 0
0 ,-4 ,-1 ,-2 ,-3 ,-5 ,1 ,-4 | 0
0 ,0 ,4 ,0 ,-4 ,-4 ,0 ,0 | 0
0 ,0 ,-5/2 ,1 ,-3/2 ,3/2 ,3/2 ,-6 | 0
0 ,0 ,-3/4 ,-9/2 ,-17/4 ,-11/4 ,7/4 ,-7 | 0
0 ,0 ,0 ,3 ,2 ,2 ,-2 ,-3 | 0
0 ,0 ,9 ,12 ,3 ,4 ,-5 ,1 | 0
0 ,0 ,-16 ,-15 ,-4 ,-8 ,4 ,-7 | 0

R2 --> R2 + 1/4*R3

-1 ,0 ,0 ,-4 ,-5 ,-5 ,1 ,-2 | 0
0 ,-4 ,0 ,-2 ,-4 ,-6 ,1 ,-4 | 0
0 ,0 ,4 ,0 ,-4 ,-4 ,0 ,0 | 0
0 ,0 ,-5/2 ,1 ,-3/2 ,3/2 ,3/2 ,-6 | 0
0 ,0 ,-3/4 ,-9/2 ,-17/4 ,-11/4 ,7/4 ,-7 | 0
0 ,0 ,0 ,3 ,2 ,2 ,-2 ,-3 | 0
0 ,0 ,9 ,12 ,3 ,4 ,-5 ,1 | 0
0 ,0 ,-16 ,-15 ,-4 ,-8 ,4 ,-7 | 0

R4 --> R4 + 5/8*R3

-1 ,0 ,0 ,-4 ,-5 ,-5 ,1 ,-2 | 0
0 ,-4 ,0 ,-2 ,-4 ,-6 ,1 ,-4 | 0
0 ,0 ,4 ,0 ,-4 ,-4 ,0 ,0 | 0
0 ,0 ,0 ,1 ,-4 ,-1 ,3/2 ,-6 | 0
0 ,0 ,-3/4 ,-9/2 ,-17/4 ,-11/4 ,7/4 ,-7 | 0
0 ,0 ,0 ,3 ,2 ,2 ,-2 ,-3 | 0
0 ,0 ,9 ,12 ,3 ,4 ,-5 ,1 | 0
0 ,0 ,-16 ,-15 ,-4 ,-8 ,4 ,-7 | 0

R5 --> R5 + 164/877*R3

-1 ,0 ,0 ,-4 ,-5 ,-5 ,1 ,-2 | 0
0 ,-4 ,0 ,-2 ,-4 ,-6 ,1 ,-4 | 0
0 ,0 ,4 ,0 ,-4 ,-4 ,0 ,0 | 0
0 ,0 ,0 ,1 ,-4 ,-1 ,3/2 ,-6 | 0
0 ,0 ,0 ,-9/2 ,-5 ,-7/2 ,7/4 ,-7 | 0
0 ,0 ,0 ,3 ,2 ,2 ,-2 ,-3 | 0
0 ,0 ,9 ,12 ,3 ,4 ,-5 ,1 | 0
0 ,0 ,-16 ,-15 ,-4 ,-8 ,4 ,-7 | 0

R7 --> R7 - 9/4*R3

-1 ,0 ,0 ,-4 ,-5 ,-5 ,1 ,-2 | 0
0 ,-4 ,0 ,-2 ,-4 ,-6 ,1 ,-4 | 0
0 ,0 ,4 ,0 ,-4 ,-4 ,0 ,0 | 0
0 ,0 ,0 ,1 ,-4 ,-1 ,3/2 ,-6 | 0
0 ,0 ,0 ,-9/2 ,-5 ,-7/2 ,7/4 ,-7 | 0
0 ,0 ,0 ,3 ,2 ,2 ,-2 ,-3 | 0
0 ,0 ,0 ,12 ,12 ,13 ,-5 ,1 | 0
0 ,0 ,-16 ,-15 ,-4 ,-8 ,4 ,-7 | 0

R8 --> R8 + 4*R3

-1 ,0 ,0 ,-4 ,-5 ,-5 ,1 ,-2 | 0
0 ,-4 ,0 ,-2 ,-4 ,-6 ,1 ,-4 | 0
0 ,0 ,4 ,0 ,-4 ,-4 ,0 ,0 | 0
0 ,0 ,0 ,1 ,-4 ,-1 ,3/2 ,-6 | 0
0 ,0 ,0 ,-9/2 ,-5 ,-7/2 ,7/4 ,-7 | 0
0 ,0 ,0 ,3 ,2 ,2 ,-2 ,-3 | 0
0 ,0 ,0 ,12 ,12 ,13 ,-5 ,1 | 0
0 ,0 ,0 ,-15 ,-20 ,-24 ,4 ,-7 | 0

R1 --> R1 + 4*R4

-1 ,0 ,0 ,0 ,-21 ,-9 ,7 ,-26 | 0
0 ,-4 ,0 ,-2 ,-4 ,-6 ,1 ,-4 | 0
0 ,0 ,4 ,0 ,-4 ,-4 ,0 ,0 | 0
0 ,0 ,0 ,1 ,-4 ,-1 ,3/2 ,-6 | 0
0 ,0 ,0 ,-9/2 ,-5 ,-7/2 ,7/4 ,-7 | 0
0 ,0 ,0 ,3 ,2 ,2 ,-2 ,-3 | 0
0 ,0 ,0 ,12 ,12 ,13 ,-5 ,1 | 0
0 ,0 ,0 ,-15 ,-20 ,-24 ,4 ,-7 | 0

R2 --> R2 + 2*R4

-1 ,0 ,0 ,0 ,-21 ,-9 ,7 ,-26 | 0
0 ,-4 ,0 ,0 ,-12 ,-8 ,4 ,-16 | 0
0 ,0 ,4 ,0 ,-4 ,-4 ,0 ,0 | 0
0 ,0 ,0 ,1 ,-4 ,-1 ,3/2 ,-6 | 0
0 ,0 ,0 ,-9/2 ,-5 ,-7/2 ,7/4 ,-7 | 0
0 ,0 ,0 ,3 ,2 ,2 ,-2 ,-3 | 0
0 ,0 ,0 ,12 ,12 ,13 ,-5 ,1 | 0
0 ,0 ,0 ,-15 ,-20 ,-24 ,4 ,-7 | 0

R5 --> R5 + 9/2*R4

-1 ,0 ,0 ,0 ,-21 ,-9 ,7 ,-26 | 0
0 ,-4 ,0 ,0 ,-12 ,-8 ,4 ,-16 | 0
0 ,0 ,4 ,0 ,-4 ,-4 ,0 ,0 | 0
0 ,0 ,0 ,1 ,-4 ,-1 ,3/2 ,-6 | 0
0 ,0 ,0 ,0 ,-23 ,-8 ,17/2 ,-34 | 0
0 ,0 ,0 ,3 ,2 ,2 ,-2 ,-3 | 0
0 ,0 ,0 ,12 ,12 ,13 ,-5 ,1 | 0
0 ,0 ,0 ,-15 ,-20 ,-24 ,4 ,-7 | 0

R6 --> R6 - 3*R4

-1 ,0 ,0 ,0 ,-21 ,-9 ,7 ,-26 | 0
0 ,-4 ,0 ,0 ,-12 ,-8 ,4 ,-16 | 0
0 ,0 ,4 ,0 ,-4 ,-4 ,0 ,0 | 0
0 ,0 ,0 ,1 ,-4 ,-1 ,3/2 ,-6 | 0
0 ,0 ,0 ,0 ,-23 ,-8 ,17/2 ,-34 | 0
0 ,0 ,0 ,0 ,14 ,5 ,-13/2 ,15 | 0
0 ,0 ,0 ,12 ,12 ,13 ,-5 ,1 | 0
0 ,0 ,0 ,-15 ,-20 ,-24 ,4 ,-7 | 0

R7 --> R7 - 12*R4

-1 ,0 ,0 ,0 ,-21 ,-9 ,7 ,-26 | 0
0 ,-4 ,0 ,0 ,-12 ,-8 ,4 ,-16 | 0
0 ,0 ,4 ,0 ,-4 ,-4 ,0 ,0 | 0
0 ,0 ,0 ,1 ,-4 ,-1 ,3/2 ,-6 | 0
0 ,0 ,0 ,0 ,-23 ,-8 ,17/2 ,-34 | 0
0 ,0 ,0 ,0 ,14 ,5 ,-13/2 ,15 | 0
0 ,0 ,0 ,0 ,60 ,25 ,-23 ,73 | 0
0 ,0 ,0 ,-15 ,-20 ,-24 ,4 ,-7 | 0

R8 --> R8 + 15*R4

-1 ,0 ,0 ,0 ,-21 ,-9 ,7 ,-26 | 0
0 ,-4 ,0 ,0 ,-12 ,-8 ,4 ,-16 | 0
0 ,0 ,4 ,0 ,-4 ,-4 ,0 ,0 | 0
0 ,0 ,0 ,1 ,-4 ,-1 ,3/2 ,-6 | 0
0 ,0 ,0 ,0 ,-23 ,-8 ,17/2 ,-34 | 0
0 ,0 ,0 ,0 ,14 ,5 ,-13/2 ,15 | 0
0 ,0 ,0 ,0 ,60 ,25 ,-23 ,73 | 0
0 ,0 ,0 ,0 ,-80 ,-39 ,53/2 ,-97 | 0

R1 --> R1 - 892/977*R5

-1 ,0 ,0 ,0 ,0 ,-39/23 ,-35/46 ,116/23 | 0
0 ,-4 ,0 ,0 ,-12 ,-8 ,4 ,-16 | 0
0 ,0 ,4 ,0 ,-4 ,-4 ,0 ,0 | 0
0 ,0 ,0 ,1 ,-4 ,-1 ,3/2 ,-6 | 0
0 ,0 ,0 ,0 ,-23 ,-8 ,17/2 ,-34 | 0
0 ,0 ,0 ,0 ,14 ,5 ,-13/2 ,15 | 0
0 ,0 ,0 ,0 ,60 ,25 ,-23 ,73 | 0
0 ,0 ,0 ,0 ,-80 ,-39 ,53/2 ,-97 | 0

R2 --> R2 - 261/500*R5

-1 ,0 ,0 ,0 ,0 ,-39/23 ,-35/46 ,116/23 | 0
0 ,-4 ,0 ,0 ,0 ,-88/23 ,-10/23 ,40/23 | 0
0 ,0 ,4 ,0 ,-4 ,-4 ,0 ,0 | 0
0 ,0 ,0 ,1 ,-4 ,-1 ,3/2 ,-6 | 0
0 ,0 ,0 ,0 ,-23 ,-8 ,17/2 ,-34 | 0
0 ,0 ,0 ,0 ,14 ,5 ,-13/2 ,15 | 0
0 ,0 ,0 ,0 ,60 ,25 ,-23 ,73 | 0
0 ,0 ,0 ,0 ,-80 ,-39 ,53/2 ,-97 | 0

R3 --> R3 - 87/500*R5

-1 ,0 ,0 ,0 ,0 ,-39/23 ,-35/46 ,116/23 | 0
0 ,-4 ,0 ,0 ,0 ,-88/23 ,-10/23 ,40/23 | 0
0 ,0 ,4 ,0 ,0 ,-60/23 ,-34/23 ,136/23 | 0
0 ,0 ,0 ,1 ,-4 ,-1 ,3/2 ,-6 | 0
0 ,0 ,0 ,0 ,-23 ,-8 ,17/2 ,-34 | 0
0 ,0 ,0 ,0 ,14 ,5 ,-13/2 ,15 | 0
0 ,0 ,0 ,0 ,60 ,25 ,-23 ,73 | 0
0 ,0 ,0 ,0 ,-80 ,-39 ,53/2 ,-97 | 0

R4 --> R4 - 87/500*R5

-1 ,0 ,0 ,0 ,0 ,-39/23 ,-35/46 ,116/23 | 0
0 ,-4 ,0 ,0 ,0 ,-88/23 ,-10/23 ,40/23 | 0
0 ,0 ,4 ,0 ,0 ,-60/23 ,-34/23 ,136/23 | 0
0 ,0 ,0 ,1 ,0 ,9/23 ,1/46 ,-2/23 | 0
0 ,0 ,0 ,0 ,-23 ,-8 ,17/2 ,-34 | 0
0 ,0 ,0 ,0 ,14 ,5 ,-13/2 ,15 | 0
0 ,0 ,0 ,0 ,60 ,25 ,-23 ,73 | 0
0 ,0 ,0 ,0 ,-80 ,-39 ,53/2 ,-97 | 0

R6 --> R6 + 176/289*R5

-1 ,0 ,0 ,0 ,0 ,-39/23 ,-35/46 ,116/23 | 0
0 ,-4 ,0 ,0 ,0 ,-88/23 ,-10/23 ,40/23 | 0
0 ,0 ,4 ,0 ,0 ,-60/23 ,-34/23 ,136/23 | 0
0 ,0 ,0 ,1 ,0 ,9/23 ,1/46 ,-2/23 | 0
0 ,0 ,0 ,0 ,-23 ,-8 ,17/2 ,-34 | 0
0 ,0 ,0 ,0 ,0 ,3/23 ,-61/46 ,-131/23 | 0
0 ,0 ,0 ,0 ,60 ,25 ,-23 ,73 | 0
0 ,0 ,0 ,0 ,-80 ,-39 ,53/2 ,-97 | 0

R7 --> R7 + 347/133*R5

-1 ,0 ,0 ,0 ,0 ,-39/23 ,-35/46 ,116/23 | 0
0 ,-4 ,0 ,0 ,0 ,-88/23 ,-10/23 ,40/23 | 0
0 ,0 ,4 ,0 ,0 ,-60/23 ,-34/23 ,136/23 | 0
0 ,0 ,0 ,1 ,0 ,9/23 ,1/46 ,-2/23 | 0
0 ,0 ,0 ,0 ,-23 ,-8 ,17/2 ,-34 | 0
0 ,0 ,0 ,0 ,0 ,3/23 ,-61/46 ,-131/23 | 0
0 ,0 ,0 ,0 ,0 ,95/23 ,-19/23 ,-361/23 | 0
0 ,0 ,0 ,0 ,-80 ,-39 ,53/2 ,-97 | 0

R8 --> R8 - 553/159*R5

-1 ,0 ,0 ,0 ,0 ,-39/23 ,-35/46 ,116/23 | 0
0 ,-4 ,0 ,0 ,0 ,-88/23 ,-10/23 ,40/23 | 0
0 ,0 ,4 ,0 ,0 ,-60/23 ,-34/23 ,136/23 | 0
0 ,0 ,0 ,1 ,0 ,9/23 ,1/46 ,-2/23 | 0
0 ,0 ,0 ,0 ,-23 ,-8 ,17/2 ,-34 | 0
0 ,0 ,0 ,0 ,0 ,3/23 ,-61/46 ,-131/23 | 0
0 ,0 ,0 ,0 ,0 ,95/23 ,-19/23 ,-361/23 | 0
0 ,0 ,0 ,0 ,0 ,-257/23 ,-141/46 ,489/23 | 0

R1 --> R1 + 13*R6

-1 ,0 ,0 ,0 ,0 ,0 ,-18 ,-69 | 0
0 ,-4 ,0 ,0 ,0 ,-88/23 ,-10/23 ,40/23 | 0
0 ,0 ,4 ,0 ,0 ,-60/23 ,-34/23 ,136/23 | 0
0 ,0 ,0 ,1 ,0 ,9/23 ,1/46 ,-2/23 | 0
0 ,0 ,0 ,0 ,-23 ,-8 ,17/2 ,-34 | 0
0 ,0 ,0 ,0 ,0 ,3/23 ,-61/46 ,-131/23 | 0
0 ,0 ,0 ,0 ,0 ,95/23 ,-19/23 ,-361/23 | 0
0 ,0 ,0 ,0 ,0 ,-257/23 ,-141/46 ,489/23 | 0

R2 --> R2 + 29333/1000*R6

-1 ,0 ,0 ,0 ,0 ,0 ,-18 ,-69 | 0
0 ,-4 ,0 ,0 ,0 ,0 ,-118/3 ,-496/3 | 0
0 ,0 ,4 ,0 ,0 ,-60/23 ,-34/23 ,136/23 | 0
0 ,0 ,0 ,1 ,0 ,9/23 ,1/46 ,-2/23 | 0
0 ,0 ,0 ,0 ,-23 ,-8 ,17/2 ,-34 | 0
0 ,0 ,0 ,0 ,0 ,3/23 ,-61/46 ,-131/23 | 0
0 ,0 ,0 ,0 ,0 ,95/23 ,-19/23 ,-361/23 | 0
0 ,0 ,0 ,0 ,0 ,-257/23 ,-141/46 ,489/23 | 0

R3 --> R3 + 20*R6

-1 ,0 ,0 ,0 ,0 ,0 ,-18 ,-69 | 0
0 ,-4 ,0 ,0 ,0 ,0 ,-118/3 ,-496/3 | 0
0 ,0 ,4 ,0 ,0 ,0 ,-28 ,-108 | 0
0 ,0 ,0 ,1 ,0 ,9/23 ,1/46 ,-2/23 | 0
0 ,0 ,0 ,0 ,-23 ,-8 ,17/2 ,-34 | 0
0 ,0 ,0 ,0 ,0 ,3/23 ,-61/46 ,-131/23 | 0
0 ,0 ,0 ,0 ,0 ,95/23 ,-19/23 ,-361/23 | 0
0 ,0 ,0 ,0 ,0 ,-257/23 ,-141/46 ,489/23 | 0

R4 --> R4 - 3*R6

-1 ,0 ,0 ,0 ,0 ,0 ,-18 ,-69 | 0
0 ,-4 ,0 ,0 ,0 ,0 ,-118/3 ,-496/3 | 0
0 ,0 ,4 ,0 ,0 ,0 ,-28 ,-108 | 0
0 ,0 ,0 ,1 ,0 ,0 ,4 ,17 | 0
0 ,0 ,0 ,0 ,-23 ,-8 ,17/2 ,-34 | 0
0 ,0 ,0 ,0 ,0 ,3/23 ,-61/46 ,-131/23 | 0
0 ,0 ,0 ,0 ,0 ,95/23 ,-19/23 ,-361/23 | 0
0 ,0 ,0 ,0 ,0 ,-257/23 ,-141/46 ,489/23 | 0

R5 --> R5 + 184/3*R6

-1 ,0 ,0 ,0 ,0 ,0 ,-18 ,-69 | 0
0 ,-4 ,0 ,0 ,0 ,0 ,-118/3 ,-496/3 | 0
0 ,0 ,4 ,0 ,0 ,0 ,-28 ,-108 | 0
0 ,0 ,0 ,1 ,0 ,0 ,4 ,17 | 0
0 ,0 ,0 ,0 ,-23 ,0 ,-437/6 ,-1150/3 | 0
0 ,0 ,0 ,0 ,0 ,3/23 ,-61/46 ,-131/23 | 0
0 ,0 ,0 ,0 ,0 ,95/23 ,-19/23 ,-361/23 | 0
0 ,0 ,0 ,0 ,0 ,-257/23 ,-141/46 ,489/23 | 0

R7 --> R7 - 31667/1000*R6

-1 ,0 ,0 ,0 ,0 ,0 ,-18 ,-69 | 0
0 ,-4 ,0 ,0 ,0 ,0 ,-118/3 ,-496/3 | 0
0 ,0 ,4 ,0 ,0 ,0 ,-28 ,-108 | 0
0 ,0 ,0 ,1 ,0 ,0 ,4 ,17 | 0
0 ,0 ,0 ,0 ,-23 ,0 ,-437/6 ,-1150/3 | 0
0 ,0 ,0 ,0 ,0 ,3/23 ,-61/46 ,-131/23 | 0
0 ,0 ,0 ,0 ,0 ,0 ,247/6 ,494/3 | 0
0 ,0 ,0 ,0 ,0 ,-257/23 ,-141/46 ,489/23 | 0

R8 --> R8 + 257/3*R6

-1 ,0 ,0 ,0 ,0 ,0 ,-18 ,-69 | 0
0 ,-4 ,0 ,0 ,0 ,0 ,-118/3 ,-496/3 | 0
0 ,0 ,4 ,0 ,0 ,0 ,-28 ,-108 | 0
0 ,0 ,0 ,1 ,0 ,0 ,4 ,17 | 0
0 ,0 ,0 ,0 ,-23 ,0 ,-437/6 ,-1150/3 | 0
0 ,0 ,0 ,0 ,0 ,3/23 ,-61/46 ,-131/23 | 0
0 ,0 ,0 ,0 ,0 ,0 ,247/6 ,494/3 | 0
0 ,0 ,0 ,0 ,0 ,0 ,-350/3 ,-1400/3 | 0

R1 --> R1 + 163/373*R7

-1 ,0 ,0 ,0 ,0 ,0 ,0 ,3 | 0
0 ,-4 ,0 ,0 ,0 ,0 ,-118/3 ,-496/3 | 0
0 ,0 ,4 ,0 ,0 ,0 ,-28 ,-108 | 0
0 ,0 ,0 ,1 ,0 ,0 ,4 ,17 | 0
0 ,0 ,0 ,0 ,-23 ,0 ,-437/6 ,-1150/3 | 0
0 ,0 ,0 ,0 ,0 ,3/23 ,-61/46 ,-131/23 | 0
0 ,0 ,0 ,0 ,0 ,0 ,247/6 ,494/3 | 0
0 ,0 ,0 ,0 ,0 ,0 ,-350/3 ,-1400/3 | 0

R2 --> R2 + 191/200*R7

-1 ,0 ,0 ,0 ,0 ,0 ,0 ,3 | 0
0 ,-4 ,0 ,0 ,0 ,0 ,0 ,-8 | 0
0 ,0 ,4 ,0 ,0 ,0 ,-28 ,-108 | 0
0 ,0 ,0 ,1 ,0 ,0 ,4 ,17 | 0
0 ,0 ,0 ,0 ,-23 ,0 ,-437/6 ,-1150/3 | 0
0 ,0 ,0 ,0 ,0 ,3/23 ,-61/46 ,-131/23 | 0
0 ,0 ,0 ,0 ,0 ,0 ,247/6 ,494/3 | 0
0 ,0 ,0 ,0 ,0 ,0 ,-350/3 ,-1400/3 | 0

R3 --> R3 + 17/25*R7

-1 ,0 ,0 ,0 ,0 ,0 ,0 ,3 | 0
0 ,-4 ,0 ,0 ,0 ,0 ,0 ,-8 | 0
0 ,0 ,4 ,0 ,0 ,0 ,0 ,4 | 0
0 ,0 ,0 ,1 ,0 ,0 ,4 ,17 | 0
0 ,0 ,0 ,0 ,-23 ,0 ,-437/6 ,-1150/3 | 0
0 ,0 ,0 ,0 ,0 ,3/23 ,-61/46 ,-131/23 | 0
0 ,0 ,0 ,0 ,0 ,0 ,247/6 ,494/3 | 0
0 ,0 ,0 ,0 ,0 ,0 ,-350/3 ,-1400/3 | 0

R4 --> R4 - 97/1000*R7

-1 ,0 ,0 ,0 ,0 ,0 ,0 ,3 | 0
0 ,-4 ,0 ,0 ,0 ,0 ,0 ,-8 | 0
0 ,0 ,4 ,0 ,0 ,0 ,0 ,4 | 0
0 ,0 ,0 ,1 ,0 ,0 ,0 ,1 | 0
0 ,0 ,0 ,0 ,-23 ,0 ,-437/6 ,-1150/3 | 0
0 ,0 ,0 ,0 ,0 ,3/23 ,-61/46 ,-131/23 | 0
0 ,0 ,0 ,0 ,0 ,0 ,247/6 ,494/3 | 0
0 ,0 ,0 ,0 ,0 ,0 ,-350/3 ,-1400/3 | 0

R5 --> R5 + 582/329*R7

-1 ,0 ,0 ,0 ,0 ,0 ,0 ,3 | 0
0 ,-4 ,0 ,0 ,0 ,0 ,0 ,-8 | 0
0 ,0 ,4 ,0 ,0 ,0 ,0 ,4 | 0
0 ,0 ,0 ,1 ,0 ,0 ,0 ,1 | 0
0 ,0 ,0 ,0 ,-23 ,0 ,0 ,-92 | 0
0 ,0 ,0 ,0 ,0 ,3/23 ,-61/46 ,-131/23 | 0
0 ,0 ,0 ,0 ,0 ,0 ,247/6 ,494/3 | 0
0 ,0 ,0 ,0 ,0 ,0 ,-350/3 ,-1400/3 | 0

R6 --> R6 + 4/125*R7

-1 ,0 ,0 ,0 ,0 ,0 ,0 ,3 | 0
0 ,-4 ,0 ,0 ,0 ,0 ,0 ,-8 | 0
0 ,0 ,4 ,0 ,0 ,0 ,0 ,4 | 0
0 ,0 ,0 ,1 ,0 ,0 ,0 ,1 | 0
0 ,0 ,0 ,0 ,-23 ,0 ,0 ,-92 | 0
0 ,0 ,0 ,0 ,0 ,3/23 ,0 ,-9/23 | 0
0 ,0 ,0 ,0 ,0 ,0 ,247/6 ,494/3 | 0
0 ,0 ,0 ,0 ,0 ,0 ,-350/3 ,-1400/3 | 0

R8 --> R8 + 700/247*R7

-1 ,0 ,0 ,0 ,0 ,0 ,0 ,3 | 0
0 ,-4 ,0 ,0 ,0 ,0 ,0 ,-8 | 0
0 ,0 ,4 ,0 ,0 ,0 ,0 ,4 | 0
0 ,0 ,0 ,1 ,0 ,0 ,0 ,1 | 0
0 ,0 ,0 ,0 ,-23 ,0 ,0 ,-92 | 0
0 ,0 ,0 ,0 ,0 ,3/23 ,0 ,-9/23 | 0
0 ,0 ,0 ,0 ,0 ,0 ,247/6 ,494/3 | 0
0 ,0 ,0 ,0 ,0 ,0 ,0 ,0 | 0

define a new column in the vector b when x8 is a free variable in R8 space:
-1 ,0 ,0 ,0 ,0 ,0 ,0 ,3 | 0 ,0
0 ,-4 ,0 ,0 ,0 ,0 ,0 ,-8 | 0 ,0
0 ,0 ,4 ,0 ,0 ,0 ,0 ,4 | 0 ,0
0 ,0 ,0 ,1 ,0 ,0 ,0 ,1 | 0 ,0
0 ,0 ,0 ,0 ,-23 ,0 ,0 ,-92 | 0 ,0
0 ,0 ,0 ,0 ,0 ,3/23 ,0 ,-9/23 | 0 ,0
0 ,0 ,0 ,0 ,0 ,0 ,247/6 ,494/3 | 0 ,0
0 ,0 ,0 ,0 ,0 ,0 ,0 ,1 | 0 ,1

R1 --> R1 - 3*R8

-1 ,0 ,0 ,0 ,0 ,0 ,0 ,0 | 0 ,-3
0 ,-4 ,0 ,0 ,0 ,0 ,0 ,-8 | 0 ,0
0 ,0 ,4 ,0 ,0 ,0 ,0 ,4 | 0 ,0
0 ,0 ,0 ,1 ,0 ,0 ,0 ,1 | 0 ,0
0 ,0 ,0 ,0 ,-23 ,0 ,0 ,-92 | 0 ,0
0 ,0 ,0 ,0 ,0 ,3/23 ,0 ,-9/23 | 0 ,0
0 ,0 ,0 ,0 ,0 ,0 ,247/6 ,494/3 | 0 ,0
0 ,0 ,0 ,0 ,0 ,0 ,0 ,1 | 0 ,1

R1 --> - R1

1 ,0 ,0 ,0 ,0 ,0 ,0 ,0 | 0 ,3
0 ,-4 ,0 ,0 ,0 ,0 ,0 ,-8 | 0 ,0
0 ,0 ,4 ,0 ,0 ,0 ,0 ,4 | 0 ,0
0 ,0 ,0 ,1 ,0 ,0 ,0 ,1 | 0 ,0
0 ,0 ,0 ,0 ,-23 ,0 ,0 ,-92 | 0 ,0
0 ,0 ,0 ,0 ,0 ,3/23 ,0 ,-9/23 | 0 ,0
0 ,0 ,0 ,0 ,0 ,0 ,247/6 ,494/3 | 0 ,0
0 ,0 ,0 ,0 ,0 ,0 ,0 ,1 | 0 ,1

R2 --> R2 + 8*R8

1 ,0 ,0 ,0 ,0 ,0 ,0 ,0 | 0 ,3
0 ,-4 ,0 ,0 ,0 ,0 ,0 ,0 | 0 ,8
0 ,0 ,4 ,0 ,0 ,0 ,0 ,4 | 0 ,0
0 ,0 ,0 ,1 ,0 ,0 ,0 ,1 | 0 ,0
0 ,0 ,0 ,0 ,-23 ,0 ,0 ,-92 | 0 ,0
0 ,0 ,0 ,0 ,0 ,3/23 ,0 ,-9/23 | 0 ,0
0 ,0 ,0 ,0 ,0 ,0 ,247/6 ,494/3 | 0 ,0
0 ,0 ,0 ,0 ,0 ,0 ,0 ,1 | 0 ,1

R2 --> -1/4*R2

1 ,0 ,0 ,0 ,0 ,0 ,0 ,0 | 0 ,3
0 ,1 ,0 ,0 ,0 ,0 ,0 ,0 | 0 ,-2
0 ,0 ,4 ,0 ,0 ,0 ,0 ,4 | 0 ,0
0 ,0 ,0 ,1 ,0 ,0 ,0 ,1 | 0 ,0
0 ,0 ,0 ,0 ,-23 ,0 ,0 ,-92 | 0 ,0
0 ,0 ,0 ,0 ,0 ,3/23 ,0 ,-9/23 | 0 ,0
0 ,0 ,0 ,0 ,0 ,0 ,247/6 ,494/3 | 0 ,0
0 ,0 ,0 ,0 ,0 ,0 ,0 ,1 | 0 ,1

R3 --> R3 - 4*R8

1 ,0 ,0 ,0 ,0 ,0 ,0 ,0 | 0 ,3
0 ,1 ,0 ,0 ,0 ,0 ,0 ,0 | 0 ,-2
0 ,0 ,4 ,0 ,0 ,0 ,0 ,0 | 0 ,-4
0 ,0 ,0 ,1 ,0 ,0 ,0 ,1 | 0 ,0
0 ,0 ,0 ,0 ,-23 ,0 ,0 ,-92 | 0 ,0
0 ,0 ,0 ,0 ,0 ,3/23 ,0 ,-9/23 | 0 ,0
0 ,0 ,0 ,0 ,0 ,0 ,247/6 ,494/3 | 0 ,0
0 ,0 ,0 ,0 ,0 ,0 ,0 ,1 | 0 ,1

R3 --> 1/4*R3

1 ,0 ,0 ,0 ,0 ,0 ,0 ,0 | 0 ,3
0 ,1 ,0 ,0 ,0 ,0 ,0 ,0 | 0 ,-2
0 ,0 ,1 ,0 ,0 ,0 ,0 ,0 | 0 ,-1
0 ,0 ,0 ,1 ,0 ,0 ,0 ,1 | 0 ,0
0 ,0 ,0 ,0 ,-23 ,0 ,0 ,-92 | 0 ,0
0 ,0 ,0 ,0 ,0 ,3/23 ,0 ,-9/23 | 0 ,0
0 ,0 ,0 ,0 ,0 ,0 ,247/6 ,494/3 | 0 ,0
0 ,0 ,0 ,0 ,0 ,0 ,0 ,1 | 0 ,1

R4 --> R4 - R8

1 ,0 ,0 ,0 ,0 ,0 ,0 ,0 | 0 ,3
0 ,1 ,0 ,0 ,0 ,0 ,0 ,0 | 0 ,-2
0 ,0 ,1 ,0 ,0 ,0 ,0 ,0 | 0 ,-1
0 ,0 ,0 ,1 ,0 ,0 ,0 ,0 | 0 ,-1
0 ,0 ,0 ,0 ,-23 ,0 ,0 ,-92 | 0 ,0
0 ,0 ,0 ,0 ,0 ,3/23 ,0 ,-9/23 | 0 ,0
0 ,0 ,0 ,0 ,0 ,0 ,247/6 ,494/3 | 0 ,0
0 ,0 ,0 ,0 ,0 ,0 ,0 ,1 | 0 ,1

R5 --> R5 + 92*R8

1 ,0 ,0 ,0 ,0 ,0 ,0 ,0 | 0 ,3
0 ,1 ,0 ,0 ,0 ,0 ,0 ,0 | 0 ,-2
0 ,0 ,1 ,0 ,0 ,0 ,0 ,0 | 0 ,-1
0 ,0 ,0 ,1 ,0 ,0 ,0 ,0 | 0 ,-1
0 ,0 ,0 ,0 ,-23 ,0 ,0 ,0 | 0 ,92
0 ,0 ,0 ,0 ,0 ,3/23 ,0 ,-9/23 | 0 ,0
0 ,0 ,0 ,0 ,0 ,0 ,247/6 ,494/3 | 0 ,0
0 ,0 ,0 ,0 ,0 ,0 ,0 ,1 | 0 ,1

R5 --> -43/1000*R5

1 ,0 ,0 ,0 ,0 ,0 ,0 ,0 | 0 ,3
0 ,1 ,0 ,0 ,0 ,0 ,0 ,0 | 0 ,-2
0 ,0 ,1 ,0 ,0 ,0 ,0 ,0 | 0 ,-1
0 ,0 ,0 ,1 ,0 ,0 ,0 ,0 | 0 ,-1
0 ,0 ,0 ,0 ,1 ,0 ,0 ,0 | 0 ,-4
0 ,0 ,0 ,0 ,0 ,3/23 ,0 ,-9/23 | 0 ,0
0 ,0 ,0 ,0 ,0 ,0 ,247/6 ,494/3 | 0 ,0
0 ,0 ,0 ,0 ,0 ,0 ,0 ,1 | 0 ,1

R6 --> R6 + 113/289*R8

1 ,0 ,0 ,0 ,0 ,0 ,0 ,0 | 0 ,3
0 ,1 ,0 ,0 ,0 ,0 ,0 ,0 | 0 ,-2
0 ,0 ,1 ,0 ,0 ,0 ,0 ,0 | 0 ,-1
0 ,0 ,0 ,1 ,0 ,0 ,0 ,0 | 0 ,-1
0 ,0 ,0 ,0 ,1 ,0 ,0 ,0 | 0 ,-4
0 ,0 ,0 ,0 ,0 ,3/23 ,0 ,0 | 0 ,9/23
0 ,0 ,0 ,0 ,0 ,0 ,247/6 ,494/3 | 0 ,0
0 ,0 ,0 ,0 ,0 ,0 ,0 ,1 | 0 ,1

R6 --> 7667/1000*R6

1 ,0 ,0 ,0 ,0 ,0 ,0 ,0 | 0 ,3
0 ,1 ,0 ,0 ,0 ,0 ,0 ,0 | 0 ,-2
0 ,0 ,1 ,0 ,0 ,0 ,0 ,0 | 0 ,-1
0 ,0 ,0 ,1 ,0 ,0 ,0 ,0 | 0 ,-1
0 ,0 ,0 ,0 ,1 ,0 ,0 ,0 | 0 ,-4
0 ,0 ,0 ,0 ,0 ,1 ,0 ,0 | 0 ,3
0 ,0 ,0 ,0 ,0 ,0 ,247/6 ,494/3 | 0 ,0
0 ,0 ,0 ,0 ,0 ,0 ,0 ,1 | 0 ,1

R7 --> R7 - 494/3*R8

1 ,0 ,0 ,0 ,0 ,0 ,0 ,0 | 0 ,3
0 ,1 ,0 ,0 ,0 ,0 ,0 ,0 | 0 ,-2
0 ,0 ,1 ,0 ,0 ,0 ,0 ,0 | 0 ,-1
0 ,0 ,0 ,1 ,0 ,0 ,0 ,0 | 0 ,-1
0 ,0 ,0 ,0 ,1 ,0 ,0 ,0 | 0 ,-4
0 ,0 ,0 ,0 ,0 ,1 ,0 ,0 | 0 ,3
0 ,0 ,0 ,0 ,0 ,0 ,247/6 ,0 | 0 ,-494/3
0 ,0 ,0 ,0 ,0 ,0 ,0 ,1 | 0 ,1

R7 --> 3/125*R7

1 ,0 ,0 ,0 ,0 ,0 ,0 ,0 | 0 ,3
0 ,1 ,0 ,0 ,0 ,0 ,0 ,0 | 0 ,-2
0 ,0 ,1 ,0 ,0 ,0 ,0 ,0 | 0 ,-1
0 ,0 ,0 ,1 ,0 ,0 ,0 ,0 | 0 ,-1
0 ,0 ,0 ,0 ,1 ,0 ,0 ,0 | 0 ,-4
0 ,0 ,0 ,0 ,0 ,1 ,0 ,0 | 0 ,3
0 ,0 ,0 ,0 ,0 ,0 ,1 ,0 | 0 ,-4
0 ,0 ,0 ,0 ,0 ,0 ,0 ,1 | 0 ,1

the solution is an infinite set of vectors in R8 space which are linearly dependents in the vector space:
x = λ*(3 ,-2 ,-1 ,-1 ,-4 ,3 ,-4 ,1) when λ it's a free scalar that belongs to the R set
