solve the next system in R8 space (8 equations)(8 unknowns):
eq1: + 2*x1 +   x2        - 2*x4 + 3*x5        + 2*x7         = 0
eq2: - 4*x1 + 3*x2        - 3*x4 - 4*x5        - 2*x7 + 2*x8  = 0
eq3: - 4*x1 - 2*x2 + 4*x3 + 3*x4 + 2*x5 + 4*x6                = 0
eq4: + 2*x1               +   x4 -   x5        - 4*x7 + 3*x8  = 0
eq5:        + 2*x2 - 3*x3 - 2*x4        - 3*x6                = 0
eq6: -   x1 + 2*x2               - 3*x5        + 4*x7 + 3*x8  = 0
eq7: - 4*x1 - 2*x2 + 4*x3 + 2*x4 - 2*x5 + 4*x6 + 4*x7 +   x8  = 0
eq8: + 2*x1 - 2*x2        - 4*x4 - 3*x5        + 3*x7 -   x8  = 0

2 ,1 ,0 ,-2 ,3 ,0 ,2 ,0 | 0
-4 ,3 ,0 ,-3 ,-4 ,0 ,-2 ,2 | 0
-4 ,-2 ,4 ,3 ,2 ,4 ,0 ,0 | 0
2 ,0 ,0 ,1 ,-1 ,0 ,-4 ,3 | 0
0 ,2 ,-3 ,-2 ,0 ,-3 ,0 ,0 | 0
-1 ,2 ,0 ,0 ,-3 ,0 ,4 ,3 | 0
-4 ,-2 ,4 ,2 ,-2 ,4 ,4 ,1 | 0
2 ,-2 ,0 ,-4 ,-3 ,0 ,3 ,-1 | 0

implement the solution by ranking rows method:
transform A matrix to I by a ranking rows:
R2 --> R2 + 2*R1

2 ,1 ,0 ,-2 ,3 ,0 ,2 ,0 | 0
0 ,5 ,0 ,-7 ,2 ,0 ,2 ,2 | 0
-4 ,-2 ,4 ,3 ,2 ,4 ,0 ,0 | 0
2 ,0 ,0 ,1 ,-1 ,0 ,-4 ,3 | 0
0 ,2 ,-3 ,-2 ,0 ,-3 ,0 ,0 | 0
-1 ,2 ,0 ,0 ,-3 ,0 ,4 ,3 | 0
-4 ,-2 ,4 ,2 ,-2 ,4 ,4 ,1 | 0
2 ,-2 ,0 ,-4 ,-3 ,0 ,3 ,-1 | 0

R3 --> R3 + 2*R1

2 ,1 ,0 ,-2 ,3 ,0 ,2 ,0 | 0
0 ,5 ,0 ,-7 ,2 ,0 ,2 ,2 | 0
0 ,0 ,4 ,-1 ,8 ,4 ,4 ,0 | 0
2 ,0 ,0 ,1 ,-1 ,0 ,-4 ,3 | 0
0 ,2 ,-3 ,-2 ,0 ,-3 ,0 ,0 | 0
-1 ,2 ,0 ,0 ,-3 ,0 ,4 ,3 | 0
-4 ,-2 ,4 ,2 ,-2 ,4 ,4 ,1 | 0
2 ,-2 ,0 ,-4 ,-3 ,0 ,3 ,-1 | 0

R4 --> R4 - R1

2 ,1 ,0 ,-2 ,3 ,0 ,2 ,0 | 0
0 ,5 ,0 ,-7 ,2 ,0 ,2 ,2 | 0
0 ,0 ,4 ,-1 ,8 ,4 ,4 ,0 | 0
0 ,-1 ,0 ,3 ,-4 ,0 ,-6 ,3 | 0
0 ,2 ,-3 ,-2 ,0 ,-3 ,0 ,0 | 0
-1 ,2 ,0 ,0 ,-3 ,0 ,4 ,3 | 0
-4 ,-2 ,4 ,2 ,-2 ,4 ,4 ,1 | 0
2 ,-2 ,0 ,-4 ,-3 ,0 ,3 ,-1 | 0

R6 --> R6 + 1/2*R1

2 ,1 ,0 ,-2 ,3 ,0 ,2 ,0 | 0
0 ,5 ,0 ,-7 ,2 ,0 ,2 ,2 | 0
0 ,0 ,4 ,-1 ,8 ,4 ,4 ,0 | 0
0 ,-1 ,0 ,3 ,-4 ,0 ,-6 ,3 | 0
0 ,2 ,-3 ,-2 ,0 ,-3 ,0 ,0 | 0
0 ,5/2 ,0 ,-1 ,-3/2 ,0 ,5 ,3 | 0
-4 ,-2 ,4 ,2 ,-2 ,4 ,4 ,1 | 0
2 ,-2 ,0 ,-4 ,-3 ,0 ,3 ,-1 | 0

R7 --> R7 + 2*R1

2 ,1 ,0 ,-2 ,3 ,0 ,2 ,0 | 0
0 ,5 ,0 ,-7 ,2 ,0 ,2 ,2 | 0
0 ,0 ,4 ,-1 ,8 ,4 ,4 ,0 | 0
0 ,-1 ,0 ,3 ,-4 ,0 ,-6 ,3 | 0
0 ,2 ,-3 ,-2 ,0 ,-3 ,0 ,0 | 0
0 ,5/2 ,0 ,-1 ,-3/2 ,0 ,5 ,3 | 0
0 ,0 ,4 ,-2 ,4 ,4 ,8 ,1 | 0
2 ,-2 ,0 ,-4 ,-3 ,0 ,3 ,-1 | 0

R8 --> R8 - R1

2 ,1 ,0 ,-2 ,3 ,0 ,2 ,0 | 0
0 ,5 ,0 ,-7 ,2 ,0 ,2 ,2 | 0
0 ,0 ,4 ,-1 ,8 ,4 ,4 ,0 | 0
0 ,-1 ,0 ,3 ,-4 ,0 ,-6 ,3 | 0
0 ,2 ,-3 ,-2 ,0 ,-3 ,0 ,0 | 0
0 ,5/2 ,0 ,-1 ,-3/2 ,0 ,5 ,3 | 0
0 ,0 ,4 ,-2 ,4 ,4 ,8 ,1 | 0
0 ,-3 ,0 ,-2 ,-6 ,0 ,1 ,-1 | 0

R1 --> R1 - 1/5*R2

2 ,0 ,0 ,-3/5 ,13/5 ,0 ,8/5 ,-2/5 | 0
0 ,5 ,0 ,-7 ,2 ,0 ,2 ,2 | 0
0 ,0 ,4 ,-1 ,8 ,4 ,4 ,0 | 0
0 ,-1 ,0 ,3 ,-4 ,0 ,-6 ,3 | 0
0 ,2 ,-3 ,-2 ,0 ,-3 ,0 ,0 | 0
0 ,5/2 ,0 ,-1 ,-3/2 ,0 ,5 ,3 | 0
0 ,0 ,4 ,-2 ,4 ,4 ,8 ,1 | 0
0 ,-3 ,0 ,-2 ,-6 ,0 ,1 ,-1 | 0

R4 --> R4 + 1/5*R2

2 ,0 ,0 ,-3/5 ,13/5 ,0 ,8/5 ,-2/5 | 0
0 ,5 ,0 ,-7 ,2 ,0 ,2 ,2 | 0
0 ,0 ,4 ,-1 ,8 ,4 ,4 ,0 | 0
0 ,0 ,0 ,8/5 ,-18/5 ,0 ,-28/5 ,17/5 | 0
0 ,2 ,-3 ,-2 ,0 ,-3 ,0 ,0 | 0
0 ,5/2 ,0 ,-1 ,-3/2 ,0 ,5 ,3 | 0
0 ,0 ,4 ,-2 ,4 ,4 ,8 ,1 | 0
0 ,-3 ,0 ,-2 ,-6 ,0 ,1 ,-1 | 0

R5 --> R5 - 2/5*R2

2 ,0 ,0 ,-3/5 ,13/5 ,0 ,8/5 ,-2/5 | 0
0 ,5 ,0 ,-7 ,2 ,0 ,2 ,2 | 0
0 ,0 ,4 ,-1 ,8 ,4 ,4 ,0 | 0
0 ,0 ,0 ,8/5 ,-18/5 ,0 ,-28/5 ,17/5 | 0
0 ,0 ,-3 ,4/5 ,-4/5 ,-3 ,-4/5 ,-4/5 | 0
0 ,5/2 ,0 ,-1 ,-3/2 ,0 ,5 ,3 | 0
0 ,0 ,4 ,-2 ,4 ,4 ,8 ,1 | 0
0 ,-3 ,0 ,-2 ,-6 ,0 ,1 ,-1 | 0

R6 --> R6 - 1/2*R2

2 ,0 ,0 ,-3/5 ,13/5 ,0 ,8/5 ,-2/5 | 0
0 ,5 ,0 ,-7 ,2 ,0 ,2 ,2 | 0
0 ,0 ,4 ,-1 ,8 ,4 ,4 ,0 | 0
0 ,0 ,0 ,8/5 ,-18/5 ,0 ,-28/5 ,17/5 | 0
0 ,0 ,-3 ,4/5 ,-4/5 ,-3 ,-4/5 ,-4/5 | 0
0 ,0 ,0 ,5/2 ,-5/2 ,0 ,4 ,2 | 0
0 ,0 ,4 ,-2 ,4 ,4 ,8 ,1 | 0
0 ,-3 ,0 ,-2 ,-6 ,0 ,1 ,-1 | 0

R8 --> R8 + 3/5*R2

2 ,0 ,0 ,-3/5 ,13/5 ,0 ,8/5 ,-2/5 | 0
0 ,5 ,0 ,-7 ,2 ,0 ,2 ,2 | 0
0 ,0 ,4 ,-1 ,8 ,4 ,4 ,0 | 0
0 ,0 ,0 ,8/5 ,-18/5 ,0 ,-28/5 ,17/5 | 0
0 ,0 ,-3 ,4/5 ,-4/5 ,-3 ,-4/5 ,-4/5 | 0
0 ,0 ,0 ,5/2 ,-5/2 ,0 ,4 ,2 | 0
0 ,0 ,4 ,-2 ,4 ,4 ,8 ,1 | 0
0 ,0 ,0 ,-31/5 ,-24/5 ,0 ,11/5 ,1/5 | 0

R5 --> R5 + 3/4*R3

2 ,0 ,0 ,-3/5 ,13/5 ,0 ,8/5 ,-2/5 | 0
0 ,5 ,0 ,-7 ,2 ,0 ,2 ,2 | 0
0 ,0 ,4 ,-1 ,8 ,4 ,4 ,0 | 0
0 ,0 ,0 ,8/5 ,-18/5 ,0 ,-28/5 ,17/5 | 0
0 ,0 ,0 ,1/20 ,26/5 ,0 ,11/5 ,-4/5 | 0
0 ,0 ,0 ,5/2 ,-5/2 ,0 ,4 ,2 | 0
0 ,0 ,4 ,-2 ,4 ,4 ,8 ,1 | 0
0 ,0 ,0 ,-31/5 ,-24/5 ,0 ,11/5 ,1/5 | 0

R7 --> R7 - R3

2 ,0 ,0 ,-3/5 ,13/5 ,0 ,8/5 ,-2/5 | 0
0 ,5 ,0 ,-7 ,2 ,0 ,2 ,2 | 0
0 ,0 ,4 ,-1 ,8 ,4 ,4 ,0 | 0
0 ,0 ,0 ,8/5 ,-18/5 ,0 ,-28/5 ,17/5 | 0
0 ,0 ,0 ,1/20 ,26/5 ,0 ,11/5 ,-4/5 | 0
0 ,0 ,0 ,5/2 ,-5/2 ,0 ,4 ,2 | 0
0 ,0 ,0 ,-1 ,-4 ,0 ,4 ,1 | 0
0 ,0 ,0 ,-31/5 ,-24/5 ,0 ,11/5 ,1/5 | 0

R1 --> R1 + 3/8*R4

2 ,0 ,0 ,0 ,5/4 ,0 ,-1/2 ,7/8 | 0
0 ,5 ,0 ,-7 ,2 ,0 ,2 ,2 | 0
0 ,0 ,4 ,-1 ,8 ,4 ,4 ,0 | 0
0 ,0 ,0 ,8/5 ,-18/5 ,0 ,-28/5 ,17/5 | 0
0 ,0 ,0 ,1/20 ,26/5 ,0 ,11/5 ,-4/5 | 0
0 ,0 ,0 ,5/2 ,-5/2 ,0 ,4 ,2 | 0
0 ,0 ,0 ,-1 ,-4 ,0 ,4 ,1 | 0
0 ,0 ,0 ,-31/5 ,-24/5 ,0 ,11/5 ,1/5 | 0

R2 --> R2 + 35/8*R4

2 ,0 ,0 ,0 ,5/4 ,0 ,-1/2 ,7/8 | 0
0 ,5 ,0 ,0 ,-55/4 ,0 ,-45/2 ,135/8 | 0
0 ,0 ,4 ,-1 ,8 ,4 ,4 ,0 | 0
0 ,0 ,0 ,8/5 ,-18/5 ,0 ,-28/5 ,17/5 | 0
0 ,0 ,0 ,1/20 ,26/5 ,0 ,11/5 ,-4/5 | 0
0 ,0 ,0 ,5/2 ,-5/2 ,0 ,4 ,2 | 0
0 ,0 ,0 ,-1 ,-4 ,0 ,4 ,1 | 0
0 ,0 ,0 ,-31/5 ,-24/5 ,0 ,11/5 ,1/5 | 0

R3 --> R3 + 5/8*R4

2 ,0 ,0 ,0 ,5/4 ,0 ,-1/2 ,7/8 | 0
0 ,5 ,0 ,0 ,-55/4 ,0 ,-45/2 ,135/8 | 0
0 ,0 ,4 ,0 ,23/4 ,4 ,1/2 ,17/8 | 0
0 ,0 ,0 ,8/5 ,-18/5 ,0 ,-28/5 ,17/5 | 0
0 ,0 ,0 ,1/20 ,26/5 ,0 ,11/5 ,-4/5 | 0
0 ,0 ,0 ,5/2 ,-5/2 ,0 ,4 ,2 | 0
0 ,0 ,0 ,-1 ,-4 ,0 ,4 ,1 | 0
0 ,0 ,0 ,-31/5 ,-24/5 ,0 ,11/5 ,1/5 | 0

R5 --> R5 - 31/1000*R4

2 ,0 ,0 ,0 ,5/4 ,0 ,-1/2 ,7/8 | 0
0 ,5 ,0 ,0 ,-55/4 ,0 ,-45/2 ,135/8 | 0
0 ,0 ,4 ,0 ,23/4 ,4 ,1/2 ,17/8 | 0
0 ,0 ,0 ,8/5 ,-18/5 ,0 ,-28/5 ,17/5 | 0
0 ,0 ,0 ,0 ,85/16 ,0 ,19/8 ,-29/32 | 0
0 ,0 ,0 ,5/2 ,-5/2 ,0 ,4 ,2 | 0
0 ,0 ,0 ,-1 ,-4 ,0 ,4 ,1 | 0
0 ,0 ,0 ,-31/5 ,-24/5 ,0 ,11/5 ,1/5 | 0

R6 --> R6 - 397/254*R4

2 ,0 ,0 ,0 ,5/4 ,0 ,-1/2 ,7/8 | 0
0 ,5 ,0 ,0 ,-55/4 ,0 ,-45/2 ,135/8 | 0
0 ,0 ,4 ,0 ,23/4 ,4 ,1/2 ,17/8 | 0
0 ,0 ,0 ,8/5 ,-18/5 ,0 ,-28/5 ,17/5 | 0
0 ,0 ,0 ,0 ,85/16 ,0 ,19/8 ,-29/32 | 0
0 ,0 ,0 ,0 ,25/8 ,0 ,51/4 ,-53/16 | 0
0 ,0 ,0 ,-1 ,-4 ,0 ,4 ,1 | 0
0 ,0 ,0 ,-31/5 ,-24/5 ,0 ,11/5 ,1/5 | 0

R7 --> R7 + 5/8*R4

2 ,0 ,0 ,0 ,5/4 ,0 ,-1/2 ,7/8 | 0
0 ,5 ,0 ,0 ,-55/4 ,0 ,-45/2 ,135/8 | 0
0 ,0 ,4 ,0 ,23/4 ,4 ,1/2 ,17/8 | 0
0 ,0 ,0 ,8/5 ,-18/5 ,0 ,-28/5 ,17/5 | 0
0 ,0 ,0 ,0 ,85/16 ,0 ,19/8 ,-29/32 | 0
0 ,0 ,0 ,0 ,25/8 ,0 ,51/4 ,-53/16 | 0
0 ,0 ,0 ,0 ,-25/4 ,0 ,1/2 ,25/8 | 0
0 ,0 ,0 ,-31/5 ,-24/5 ,0 ,11/5 ,1/5 | 0

R8 --> R8 + 31/8*R4

2 ,0 ,0 ,0 ,5/4 ,0 ,-1/2 ,7/8 | 0
0 ,5 ,0 ,0 ,-55/4 ,0 ,-45/2 ,135/8 | 0
0 ,0 ,4 ,0 ,23/4 ,4 ,1/2 ,17/8 | 0
0 ,0 ,0 ,8/5 ,-18/5 ,0 ,-28/5 ,17/5 | 0
0 ,0 ,0 ,0 ,85/16 ,0 ,19/8 ,-29/32 | 0
0 ,0 ,0 ,0 ,25/8 ,0 ,51/4 ,-53/16 | 0
0 ,0 ,0 ,0 ,-25/4 ,0 ,1/2 ,25/8 | 0
0 ,0 ,0 ,0 ,-75/4 ,0 ,-39/2 ,107/8 | 0

R1 --> R1 - 47/200*R5

2 ,0 ,0 ,0 ,0 ,0 ,-18/17 ,37/34 | 0
0 ,5 ,0 ,0 ,-55/4 ,0 ,-45/2 ,135/8 | 0
0 ,0 ,4 ,0 ,23/4 ,4 ,1/2 ,17/8 | 0
0 ,0 ,0 ,8/5 ,-18/5 ,0 ,-28/5 ,17/5 | 0
0 ,0 ,0 ,0 ,85/16 ,0 ,19/8 ,-29/32 | 0
0 ,0 ,0 ,0 ,25/8 ,0 ,51/4 ,-53/16 | 0
0 ,0 ,0 ,0 ,-25/4 ,0 ,1/2 ,25/8 | 0
0 ,0 ,0 ,0 ,-75/4 ,0 ,-39/2 ,107/8 | 0

R2 --> R2 + 647/250*R5

2 ,0 ,0 ,0 ,0 ,0 ,-18/17 ,37/34 | 0
0 ,5 ,0 ,0 ,0 ,0 ,-278/17 ,247/17 | 0
0 ,0 ,4 ,0 ,23/4 ,4 ,1/2 ,17/8 | 0
0 ,0 ,0 ,8/5 ,-18/5 ,0 ,-28/5 ,17/5 | 0
0 ,0 ,0 ,0 ,85/16 ,0 ,19/8 ,-29/32 | 0
0 ,0 ,0 ,0 ,25/8 ,0 ,51/4 ,-53/16 | 0
0 ,0 ,0 ,0 ,-25/4 ,0 ,1/2 ,25/8 | 0
0 ,0 ,0 ,0 ,-75/4 ,0 ,-39/2 ,107/8 | 0

R3 --> R3 - 475/439*R5

2 ,0 ,0 ,0 ,0 ,0 ,-18/17 ,37/34 | 0
0 ,5 ,0 ,0 ,0 ,0 ,-278/17 ,247/17 | 0
0 ,0 ,4 ,0 ,0 ,4 ,-176/85 ,264/85 | 0
0 ,0 ,0 ,8/5 ,-18/5 ,0 ,-28/5 ,17/5 | 0
0 ,0 ,0 ,0 ,85/16 ,0 ,19/8 ,-29/32 | 0
0 ,0 ,0 ,0 ,25/8 ,0 ,51/4 ,-53/16 | 0
0 ,0 ,0 ,0 ,-25/4 ,0 ,1/2 ,25/8 | 0
0 ,0 ,0 ,0 ,-75/4 ,0 ,-39/2 ,107/8 | 0

R4 --> R4 + 339/500*R5

2 ,0 ,0 ,0 ,0 ,0 ,-18/17 ,37/34 | 0
0 ,5 ,0 ,0 ,0 ,0 ,-278/17 ,247/17 | 0
0 ,0 ,4 ,0 ,0 ,4 ,-176/85 ,264/85 | 0
0 ,0 ,0 ,8/5 ,0 ,0 ,-423/106 ,1145/411 | 0
0 ,0 ,0 ,0 ,85/16 ,0 ,19/8 ,-29/32 | 0
0 ,0 ,0 ,0 ,25/8 ,0 ,51/4 ,-53/16 | 0
0 ,0 ,0 ,0 ,-25/4 ,0 ,1/2 ,25/8 | 0
0 ,0 ,0 ,0 ,-75/4 ,0 ,-39/2 ,107/8 | 0

R6 --> R6 - 147/250*R5

2 ,0 ,0 ,0 ,0 ,0 ,-18/17 ,37/34 | 0
0 ,5 ,0 ,0 ,0 ,0 ,-278/17 ,247/17 | 0
0 ,0 ,4 ,0 ,0 ,4 ,-176/85 ,264/85 | 0
0 ,0 ,0 ,8/5 ,0 ,0 ,-423/106 ,1145/411 | 0
0 ,0 ,0 ,0 ,85/16 ,0 ,19/8 ,-29/32 | 0
0 ,0 ,0 ,0 ,0 ,0 ,193/17 ,-189/68 | 0
0 ,0 ,0 ,0 ,-25/4 ,0 ,1/2 ,25/8 | 0
0 ,0 ,0 ,0 ,-75/4 ,0 ,-39/2 ,107/8 | 0

R7 --> R7 + 147/125*R5

2 ,0 ,0 ,0 ,0 ,0 ,-18/17 ,37/34 | 0
0 ,5 ,0 ,0 ,0 ,0 ,-278/17 ,247/17 | 0
0 ,0 ,4 ,0 ,0 ,4 ,-176/85 ,264/85 | 0
0 ,0 ,0 ,8/5 ,0 ,0 ,-423/106 ,1145/411 | 0
0 ,0 ,0 ,0 ,85/16 ,0 ,19/8 ,-29/32 | 0
0 ,0 ,0 ,0 ,0 ,0 ,193/17 ,-189/68 | 0
0 ,0 ,0 ,0 ,0 ,0 ,56/17 ,35/17 | 0
0 ,0 ,0 ,0 ,-75/4 ,0 ,-39/2 ,107/8 | 0

R8 --> R8 + 487/138*R5

2 ,0 ,0 ,0 ,0 ,0 ,-18/17 ,37/34 | 0
0 ,5 ,0 ,0 ,0 ,0 ,-278/17 ,247/17 | 0
0 ,0 ,4 ,0 ,0 ,4 ,-176/85 ,264/85 | 0
0 ,0 ,0 ,8/5 ,0 ,0 ,-423/106 ,1145/411 | 0
0 ,0 ,0 ,0 ,85/16 ,0 ,19/8 ,-29/32 | 0
0 ,0 ,0 ,0 ,0 ,0 ,193/17 ,-189/68 | 0
0 ,0 ,0 ,0 ,0 ,0 ,56/17 ,35/17 | 0
0 ,0 ,0 ,0 ,0 ,0 ,-189/17 ,173/17 | 0

R3 <--> R6

2 ,0 ,0 ,0 ,0 ,0 ,-18/17 ,37/34 | 0
0 ,5 ,0 ,0 ,0 ,0 ,-278/17 ,247/17 | 0
0 ,0 ,0 ,0 ,0 ,0 ,193/17 ,-189/68 | 0
0 ,0 ,0 ,8/5 ,0 ,0 ,-423/106 ,1145/411 | 0
0 ,0 ,0 ,0 ,85/16 ,0 ,19/8 ,-29/32 | 0
0 ,0 ,4 ,0 ,0 ,4 ,-176/85 ,264/85 | 0
0 ,0 ,0 ,0 ,0 ,0 ,56/17 ,35/17 | 0
0 ,0 ,0 ,0 ,0 ,0 ,-189/17 ,173/17 | 0

R1 --> R1 + 295/919*R7

2 ,0 ,0 ,0 ,0 ,0 ,0 ,7/4 | 0
0 ,5 ,0 ,0 ,0 ,0 ,-278/17 ,247/17 | 0
0 ,0 ,0 ,0 ,0 ,0 ,193/17 ,-189/68 | 0
0 ,0 ,0 ,8/5 ,0 ,0 ,-423/106 ,1145/411 | 0
0 ,0 ,0 ,0 ,85/16 ,0 ,19/8 ,-29/32 | 0
0 ,0 ,4 ,0 ,0 ,4 ,-176/85 ,264/85 | 0
0 ,0 ,0 ,0 ,0 ,0 ,56/17 ,35/17 | 0
0 ,0 ,0 ,0 ,0 ,0 ,-189/17 ,173/17 | 0

R2 --> R2 + 551/111*R7

2 ,0 ,0 ,0 ,0 ,0 ,0 ,7/4 | 0
0 ,5 ,0 ,0 ,0 ,0 ,0 ,99/4 | 0
0 ,0 ,0 ,0 ,0 ,0 ,193/17 ,-189/68 | 0
0 ,0 ,0 ,8/5 ,0 ,0 ,-423/106 ,1145/411 | 0
0 ,0 ,0 ,0 ,85/16 ,0 ,19/8 ,-29/32 | 0
0 ,0 ,4 ,0 ,0 ,4 ,-176/85 ,264/85 | 0
0 ,0 ,0 ,0 ,0 ,0 ,56/17 ,35/17 | 0
0 ,0 ,0 ,0 ,0 ,0 ,-189/17 ,173/17 | 0

R3 --> R3 - 734/213*R7

2 ,0 ,0 ,0 ,0 ,0 ,0 ,7/4 | 0
0 ,5 ,0 ,0 ,0 ,0 ,0 ,99/4 | 0
0 ,0 ,0 ,0 ,0 ,0 ,0 ,-79/8 | 0
0 ,0 ,0 ,8/5 ,0 ,0 ,-423/106 ,1145/411 | 0
0 ,0 ,0 ,0 ,85/16 ,0 ,19/8 ,-29/32 | 0
0 ,0 ,4 ,0 ,0 ,4 ,-176/85 ,264/85 | 0
0 ,0 ,0 ,0 ,0 ,0 ,56/17 ,35/17 | 0
0 ,0 ,0 ,0 ,0 ,0 ,-189/17 ,173/17 | 0

R3 --> -101/1000*R3

2 ,0 ,0 ,0 ,0 ,0 ,0 ,7/4 | 0
0 ,5 ,0 ,0 ,0 ,0 ,0 ,99/4 | 0
0 ,0 ,0 ,0 ,0 ,0 ,0 ,1 | 0
0 ,0 ,0 ,8/5 ,0 ,0 ,-423/106 ,1145/411 | 0
0 ,0 ,0 ,0 ,85/16 ,0 ,19/8 ,-29/32 | 0
0 ,0 ,4 ,0 ,0 ,4 ,-176/85 ,264/85 | 0
0 ,0 ,0 ,0 ,0 ,0 ,56/17 ,35/17 | 0
0 ,0 ,0 ,0 ,0 ,0 ,-189/17 ,173/17 | 0

R4 --> R4 + 132/109*R7

2 ,0 ,0 ,0 ,0 ,0 ,0 ,7/4 | 0
0 ,5 ,0 ,0 ,0 ,0 ,0 ,99/4 | 0
0 ,0 ,0 ,0 ,0 ,0 ,0 ,1 | 0
0 ,0 ,0 ,8/5 ,0 ,0 ,0 ,132/25 | 0
0 ,0 ,0 ,0 ,85/16 ,0 ,19/8 ,-29/32 | 0
0 ,0 ,4 ,0 ,0 ,4 ,-176/85 ,264/85 | 0
0 ,0 ,0 ,0 ,0 ,0 ,56/17 ,35/17 | 0
0 ,0 ,0 ,0 ,0 ,0 ,-189/17 ,173/17 | 0

R5 --> R5 - 230/319*R7

2 ,0 ,0 ,0 ,0 ,0 ,0 ,7/4 | 0
0 ,5 ,0 ,0 ,0 ,0 ,0 ,99/4 | 0
0 ,0 ,0 ,0 ,0 ,0 ,0 ,1 | 0
0 ,0 ,0 ,8/5 ,0 ,0 ,0 ,132/25 | 0
0 ,0 ,0 ,0 ,85/16 ,0 ,0 ,-153/64 | 0
0 ,0 ,4 ,0 ,0 ,4 ,-176/85 ,264/85 | 0
0 ,0 ,0 ,0 ,0 ,0 ,56/17 ,35/17 | 0
0 ,0 ,0 ,0 ,0 ,0 ,-189/17 ,173/17 | 0

R6 --> R6 + 295/469*R7

2 ,0 ,0 ,0 ,0 ,0 ,0 ,7/4 | 0
0 ,5 ,0 ,0 ,0 ,0 ,0 ,99/4 | 0
0 ,0 ,0 ,0 ,0 ,0 ,0 ,1 | 0
0 ,0 ,0 ,8/5 ,0 ,0 ,0 ,132/25 | 0
0 ,0 ,0 ,0 ,85/16 ,0 ,0 ,-153/64 | 0
0 ,0 ,4 ,0 ,0 ,4 ,0 ,22/5 | 0
0 ,0 ,0 ,0 ,0 ,0 ,56/17 ,35/17 | 0
0 ,0 ,0 ,0 ,0 ,0 ,-189/17 ,173/17 | 0

R8 --> R8 + 27/8*R7

2 ,0 ,0 ,0 ,0 ,0 ,0 ,7/4 | 0
0 ,5 ,0 ,0 ,0 ,0 ,0 ,99/4 | 0
0 ,0 ,0 ,0 ,0 ,0 ,0 ,1 | 0
0 ,0 ,0 ,8/5 ,0 ,0 ,0 ,132/25 | 0
0 ,0 ,0 ,0 ,85/16 ,0 ,0 ,-153/64 | 0
0 ,0 ,4 ,0 ,0 ,4 ,0 ,22/5 | 0
0 ,0 ,0 ,0 ,0 ,0 ,56/17 ,35/17 | 0
0 ,0 ,0 ,0 ,0 ,0 ,0 ,137/8 | 0

R8 --> 29/500*R8

2 ,0 ,0 ,0 ,0 ,0 ,0 ,7/4 | 0
0 ,5 ,0 ,0 ,0 ,0 ,0 ,99/4 | 0
0 ,0 ,0 ,0 ,0 ,0 ,0 ,1 | 0
0 ,0 ,0 ,8/5 ,0 ,0 ,0 ,132/25 | 0
0 ,0 ,0 ,0 ,85/16 ,0 ,0 ,-153/64 | 0
0 ,0 ,4 ,0 ,0 ,4 ,0 ,22/5 | 0
0 ,0 ,0 ,0 ,0 ,0 ,56/17 ,35/17 | 0
0 ,0 ,0 ,0 ,0 ,0 ,0 ,1 | 0

R1 --> R1 - 7/4*R8

2 ,0 ,0 ,0 ,0 ,0 ,0 ,0 | 0
0 ,5 ,0 ,0 ,0 ,0 ,0 ,99/4 | 0
0 ,0 ,0 ,0 ,0 ,0 ,0 ,1 | 0
0 ,0 ,0 ,8/5 ,0 ,0 ,0 ,132/25 | 0
0 ,0 ,0 ,0 ,85/16 ,0 ,0 ,-153/64 | 0
0 ,0 ,4 ,0 ,0 ,4 ,0 ,22/5 | 0
0 ,0 ,0 ,0 ,0 ,0 ,56/17 ,35/17 | 0
0 ,0 ,0 ,0 ,0 ,0 ,0 ,1 | 0

R1 --> 1/2*R1

1 ,0 ,0 ,0 ,0 ,0 ,0 ,0 | 0
0 ,5 ,0 ,0 ,0 ,0 ,0 ,99/4 | 0
0 ,0 ,0 ,0 ,0 ,0 ,0 ,1 | 0
0 ,0 ,0 ,8/5 ,0 ,0 ,0 ,132/25 | 0
0 ,0 ,0 ,0 ,85/16 ,0 ,0 ,-153/64 | 0
0 ,0 ,4 ,0 ,0 ,4 ,0 ,22/5 | 0
0 ,0 ,0 ,0 ,0 ,0 ,56/17 ,35/17 | 0
0 ,0 ,0 ,0 ,0 ,0 ,0 ,1 | 0

R2 --> R2 - 99/4*R8

1 ,0 ,0 ,0 ,0 ,0 ,0 ,0 | 0
0 ,5 ,0 ,0 ,0 ,0 ,0 ,0 | 0
0 ,0 ,0 ,0 ,0 ,0 ,0 ,1 | 0
0 ,0 ,0 ,8/5 ,0 ,0 ,0 ,132/25 | 0
0 ,0 ,0 ,0 ,85/16 ,0 ,0 ,-153/64 | 0
0 ,0 ,4 ,0 ,0 ,4 ,0 ,22/5 | 0
0 ,0 ,0 ,0 ,0 ,0 ,56/17 ,35/17 | 0
0 ,0 ,0 ,0 ,0 ,0 ,0 ,1 | 0

R2 --> 1/5*R2

1 ,0 ,0 ,0 ,0 ,0 ,0 ,0 | 0
0 ,1 ,0 ,0 ,0 ,0 ,0 ,0 | 0
0 ,0 ,0 ,0 ,0 ,0 ,0 ,1 | 0
0 ,0 ,0 ,8/5 ,0 ,0 ,0 ,132/25 | 0
0 ,0 ,0 ,0 ,85/16 ,0 ,0 ,-153/64 | 0
0 ,0 ,4 ,0 ,0 ,4 ,0 ,22/5 | 0
0 ,0 ,0 ,0 ,0 ,0 ,56/17 ,35/17 | 0
0 ,0 ,0 ,0 ,0 ,0 ,0 ,1 | 0

R3 --> R3 - R8

1 ,0 ,0 ,0 ,0 ,0 ,0 ,0 | 0
0 ,1 ,0 ,0 ,0 ,0 ,0 ,0 | 0
0 ,0 ,0 ,0 ,0 ,0 ,0 ,0 | 0
0 ,0 ,0 ,8/5 ,0 ,0 ,0 ,132/25 | 0
0 ,0 ,0 ,0 ,85/16 ,0 ,0 ,-153/64 | 0
0 ,0 ,4 ,0 ,0 ,4 ,0 ,22/5 | 0
0 ,0 ,0 ,0 ,0 ,0 ,56/17 ,35/17 | 0
0 ,0 ,0 ,0 ,0 ,0 ,0 ,1 | 0

R4 --> R4 - 132/25*R8

1 ,0 ,0 ,0 ,0 ,0 ,0 ,0 | 0
0 ,1 ,0 ,0 ,0 ,0 ,0 ,0 | 0
0 ,0 ,0 ,0 ,0 ,0 ,0 ,0 | 0
0 ,0 ,0 ,8/5 ,0 ,0 ,0 ,0 | 0
0 ,0 ,0 ,0 ,85/16 ,0 ,0 ,-153/64 | 0
0 ,0 ,4 ,0 ,0 ,4 ,0 ,22/5 | 0
0 ,0 ,0 ,0 ,0 ,0 ,56/17 ,35/17 | 0
0 ,0 ,0 ,0 ,0 ,0 ,0 ,1 | 0

R4 --> 5/8*R4

1 ,0 ,0 ,0 ,0 ,0 ,0 ,0 | 0
0 ,1 ,0 ,0 ,0 ,0 ,0 ,0 | 0
0 ,0 ,0 ,0 ,0 ,0 ,0 ,0 | 0
0 ,0 ,0 ,1 ,0 ,0 ,0 ,0 | 0
0 ,0 ,0 ,0 ,85/16 ,0 ,0 ,-153/64 | 0
0 ,0 ,4 ,0 ,0 ,4 ,0 ,22/5 | 0
0 ,0 ,0 ,0 ,0 ,0 ,56/17 ,35/17 | 0
0 ,0 ,0 ,0 ,0 ,0 ,0 ,1 | 0

R5 --> R5 + 318/133*R8

1 ,0 ,0 ,0 ,0 ,0 ,0 ,0 | 0
0 ,1 ,0 ,0 ,0 ,0 ,0 ,0 | 0
0 ,0 ,0 ,0 ,0 ,0 ,0 ,0 | 0
0 ,0 ,0 ,1 ,0 ,0 ,0 ,0 | 0
0 ,0 ,0 ,0 ,85/16 ,0 ,0 ,0 | 0
0 ,0 ,4 ,0 ,0 ,4 ,0 ,22/5 | 0
0 ,0 ,0 ,0 ,0 ,0 ,56/17 ,35/17 | 0
0 ,0 ,0 ,0 ,0 ,0 ,0 ,1 | 0

R5 --> 47/250*R5

1 ,0 ,0 ,0 ,0 ,0 ,0 ,0 | 0
0 ,1 ,0 ,0 ,0 ,0 ,0 ,0 | 0
0 ,0 ,0 ,0 ,0 ,0 ,0 ,0 | 0
0 ,0 ,0 ,1 ,0 ,0 ,0 ,0 | 0
0 ,0 ,0 ,0 ,1 ,0 ,0 ,0 | 0
0 ,0 ,4 ,0 ,0 ,4 ,0 ,22/5 | 0
0 ,0 ,0 ,0 ,0 ,0 ,56/17 ,35/17 | 0
0 ,0 ,0 ,0 ,0 ,0 ,0 ,1 | 0

R6 --> R6 - 22/5*R8

1 ,0 ,0 ,0 ,0 ,0 ,0 ,0 | 0
0 ,1 ,0 ,0 ,0 ,0 ,0 ,0 | 0
0 ,0 ,0 ,0 ,0 ,0 ,0 ,0 | 0
0 ,0 ,0 ,1 ,0 ,0 ,0 ,0 | 0
0 ,0 ,0 ,0 ,1 ,0 ,0 ,0 | 0
0 ,0 ,4 ,0 ,0 ,4 ,0 ,0 | 0
0 ,0 ,0 ,0 ,0 ,0 ,56/17 ,35/17 | 0
0 ,0 ,0 ,0 ,0 ,0 ,0 ,1 | 0

R7 --> R7 - 663/322*R8

1 ,0 ,0 ,0 ,0 ,0 ,0 ,0 | 0
0 ,1 ,0 ,0 ,0 ,0 ,0 ,0 | 0
0 ,0 ,0 ,0 ,0 ,0 ,0 ,0 | 0
0 ,0 ,0 ,1 ,0 ,0 ,0 ,0 | 0
0 ,0 ,0 ,0 ,1 ,0 ,0 ,0 | 0
0 ,0 ,4 ,0 ,0 ,4 ,0 ,0 | 0
0 ,0 ,0 ,0 ,0 ,0 ,56/17 ,0 | 0
0 ,0 ,0 ,0 ,0 ,0 ,0 ,1 | 0

R7 --> 38/125*R7

1 ,0 ,0 ,0 ,0 ,0 ,0 ,0 | 0
0 ,1 ,0 ,0 ,0 ,0 ,0 ,0 | 0
0 ,0 ,0 ,0 ,0 ,0 ,0 ,0 | 0
0 ,0 ,0 ,1 ,0 ,0 ,0 ,0 | 0
0 ,0 ,0 ,0 ,1 ,0 ,0 ,0 | 0
0 ,0 ,4 ,0 ,0 ,4 ,0 ,0 | 0
0 ,0 ,0 ,0 ,0 ,0 ,1 ,0 | 0
0 ,0 ,0 ,0 ,0 ,0 ,0 ,1 | 0

define a new column in the vector b when x3 is a free variable in R8 space:
1 ,0 ,0 ,0 ,0 ,0 ,0 ,0 | 0 ,0
0 ,1 ,0 ,0 ,0 ,0 ,0 ,0 | 0 ,0
0 ,0 ,1 ,0 ,0 ,0 ,0 ,0 | 0 ,1
0 ,0 ,0 ,1 ,0 ,0 ,0 ,0 | 0 ,0
0 ,0 ,0 ,0 ,1 ,0 ,0 ,0 | 0 ,0
0 ,0 ,4 ,0 ,0 ,4 ,0 ,0 | 0 ,0
0 ,0 ,0 ,0 ,0 ,0 ,1 ,0 | 0 ,0
0 ,0 ,0 ,0 ,0 ,0 ,0 ,1 | 0 ,0

R6 --> R6 - 4*R3

1 ,0 ,0 ,0 ,0 ,0 ,0 ,0 | 0 ,0
0 ,1 ,0 ,0 ,0 ,0 ,0 ,0 | 0 ,0
0 ,0 ,1 ,0 ,0 ,0 ,0 ,0 | 0 ,1
0 ,0 ,0 ,1 ,0 ,0 ,0 ,0 | 0 ,0
0 ,0 ,0 ,0 ,1 ,0 ,0 ,0 | 0 ,0
0 ,0 ,0 ,0 ,0 ,4 ,0 ,0 | 0 ,-4
0 ,0 ,0 ,0 ,0 ,0 ,1 ,0 | 0 ,0
0 ,0 ,0 ,0 ,0 ,0 ,0 ,1 | 0 ,0

R6 --> 1/4*R6

1 ,0 ,0 ,0 ,0 ,0 ,0 ,0 | 0 ,0
0 ,1 ,0 ,0 ,0 ,0 ,0 ,0 | 0 ,0
0 ,0 ,1 ,0 ,0 ,0 ,0 ,0 | 0 ,1
0 ,0 ,0 ,1 ,0 ,0 ,0 ,0 | 0 ,0
0 ,0 ,0 ,0 ,1 ,0 ,0 ,0 | 0 ,0
0 ,0 ,0 ,0 ,0 ,1 ,0 ,0 | 0 ,-1
0 ,0 ,0 ,0 ,0 ,0 ,1 ,0 | 0 ,0
0 ,0 ,0 ,0 ,0 ,0 ,0 ,1 | 0 ,0

the solution is an infinite set of vectors in R8 space which are linearly dependents in the vector space:
x = λ*(0 ,0 ,1 ,0 ,0 ,-1 ,0 ,0) when λ it's a free scalar that belongs to the R set
