solve the next system in R8 space (8 equations)(8 unknowns):
eq1:        - 3*x2 +   x3 - 3*x4               + 2*x7 +   x8  = 0
eq2:        + 3*x2 -   x3 + 3*x4 - 3*x5 - 4*x6 - 4*x7 + 2*x8  = 0
eq3: + 2*x1 -   x2        -   x4 - 2*x5 - 2*x6 - 3*x7 + 3*x8  = 0
eq4: + 2*x1 + 4*x2 - 2*x3 +   x4 + 3*x5 + 4*x6 - 4*x7         = 0
eq5: +   x1 -   x2 +   x3 - 4*x4 + 3*x5 + 4*x6        -   x8  = 0
eq6: + 4*x1 - 4*x2 -   x3        + 2*x5        +   x7         = 0
eq7:        - 3*x2        +   x4 - 2*x5 +   x6 + 2*x7 +   x8  = 0
eq8: - 2*x1        -   x3        - 2*x5 + 3*x6 + 3*x7 + 4*x8  = 0

0 ,-3 ,1 ,-3 ,0 ,0 ,2 ,1 | 0
0 ,3 ,-1 ,3 ,-3 ,-4 ,-4 ,2 | 0
2 ,-1 ,0 ,-1 ,-2 ,-2 ,-3 ,3 | 0
2 ,4 ,-2 ,1 ,3 ,4 ,-4 ,0 | 0
1 ,-1 ,1 ,-4 ,3 ,4 ,0 ,-1 | 0
4 ,-4 ,-1 ,0 ,2 ,0 ,1 ,0 | 0
0 ,-3 ,0 ,1 ,-2 ,1 ,2 ,1 | 0
-2 ,0 ,-1 ,0 ,-2 ,3 ,3 ,4 | 0

implement the solution by elementary matrices method:
transform A matrix to I by an elementary matrices:
R1 <--> R3

2 ,-1 ,0 ,-1 ,-2 ,-2 ,-3 ,3 | 0
0 ,3 ,-1 ,3 ,-3 ,-4 ,-4 ,2 | 0
0 ,-3 ,1 ,-3 ,0 ,0 ,2 ,1 | 0
2 ,4 ,-2 ,1 ,3 ,4 ,-4 ,0 | 0
1 ,-1 ,1 ,-4 ,3 ,4 ,0 ,-1 | 0
4 ,-4 ,-1 ,0 ,2 ,0 ,1 ,0 | 0
0 ,-3 ,0 ,1 ,-2 ,1 ,2 ,1 | 0
-2 ,0 ,-1 ,0 ,-2 ,3 ,3 ,4 | 0

R4 --> R4 - R1

2 ,-1 ,0 ,-1 ,-2 ,-2 ,-3 ,3 | 0
0 ,3 ,-1 ,3 ,-3 ,-4 ,-4 ,2 | 0
0 ,-3 ,1 ,-3 ,0 ,0 ,2 ,1 | 0
0 ,5 ,-2 ,2 ,5 ,6 ,-1 ,-3 | 0
1 ,-1 ,1 ,-4 ,3 ,4 ,0 ,-1 | 0
4 ,-4 ,-1 ,0 ,2 ,0 ,1 ,0 | 0
0 ,-3 ,0 ,1 ,-2 ,1 ,2 ,1 | 0
-2 ,0 ,-1 ,0 ,-2 ,3 ,3 ,4 | 0

R5 --> R5 - 1/2*R1

2 ,-1 ,0 ,-1 ,-2 ,-2 ,-3 ,3 | 0
0 ,3 ,-1 ,3 ,-3 ,-4 ,-4 ,2 | 0
0 ,-3 ,1 ,-3 ,0 ,0 ,2 ,1 | 0
0 ,5 ,-2 ,2 ,5 ,6 ,-1 ,-3 | 0
0 ,-1/2 ,1 ,-7/2 ,4 ,5 ,3/2 ,-5/2 | 0
4 ,-4 ,-1 ,0 ,2 ,0 ,1 ,0 | 0
0 ,-3 ,0 ,1 ,-2 ,1 ,2 ,1 | 0
-2 ,0 ,-1 ,0 ,-2 ,3 ,3 ,4 | 0

R6 --> R6 - 2*R1

2 ,-1 ,0 ,-1 ,-2 ,-2 ,-3 ,3 | 0
0 ,3 ,-1 ,3 ,-3 ,-4 ,-4 ,2 | 0
0 ,-3 ,1 ,-3 ,0 ,0 ,2 ,1 | 0
0 ,5 ,-2 ,2 ,5 ,6 ,-1 ,-3 | 0
0 ,-1/2 ,1 ,-7/2 ,4 ,5 ,3/2 ,-5/2 | 0
0 ,-2 ,-1 ,2 ,6 ,4 ,7 ,-6 | 0
0 ,-3 ,0 ,1 ,-2 ,1 ,2 ,1 | 0
-2 ,0 ,-1 ,0 ,-2 ,3 ,3 ,4 | 0

R8 --> R8 + R1

2 ,-1 ,0 ,-1 ,-2 ,-2 ,-3 ,3 | 0
0 ,3 ,-1 ,3 ,-3 ,-4 ,-4 ,2 | 0
0 ,-3 ,1 ,-3 ,0 ,0 ,2 ,1 | 0
0 ,5 ,-2 ,2 ,5 ,6 ,-1 ,-3 | 0
0 ,-1/2 ,1 ,-7/2 ,4 ,5 ,3/2 ,-5/2 | 0
0 ,-2 ,-1 ,2 ,6 ,4 ,7 ,-6 | 0
0 ,-3 ,0 ,1 ,-2 ,1 ,2 ,1 | 0
0 ,-1 ,-1 ,-1 ,-4 ,1 ,0 ,7 | 0

R1 --> R1 + 333/1000*R2

2 ,0 ,-1/3 ,0 ,-3 ,-10/3 ,-13/3 ,11/3 | 0
0 ,3 ,-1 ,3 ,-3 ,-4 ,-4 ,2 | 0
0 ,-3 ,1 ,-3 ,0 ,0 ,2 ,1 | 0
0 ,5 ,-2 ,2 ,5 ,6 ,-1 ,-3 | 0
0 ,-1/2 ,1 ,-7/2 ,4 ,5 ,3/2 ,-5/2 | 0
0 ,-2 ,-1 ,2 ,6 ,4 ,7 ,-6 | 0
0 ,-3 ,0 ,1 ,-2 ,1 ,2 ,1 | 0
0 ,-1 ,-1 ,-1 ,-4 ,1 ,0 ,7 | 0

R3 --> R3 + R2

2 ,0 ,-1/3 ,0 ,-3 ,-10/3 ,-13/3 ,11/3 | 0
0 ,3 ,-1 ,3 ,-3 ,-4 ,-4 ,2 | 0
0 ,0 ,0 ,0 ,-3 ,-4 ,-2 ,3 | 0
0 ,5 ,-2 ,2 ,5 ,6 ,-1 ,-3 | 0
0 ,-1/2 ,1 ,-7/2 ,4 ,5 ,3/2 ,-5/2 | 0
0 ,-2 ,-1 ,2 ,6 ,4 ,7 ,-6 | 0
0 ,-3 ,0 ,1 ,-2 ,1 ,2 ,1 | 0
0 ,-1 ,-1 ,-1 ,-4 ,1 ,0 ,7 | 0

R4 --> R4 - 1662/997*R2

2 ,0 ,-1/3 ,0 ,-3 ,-10/3 ,-13/3 ,11/3 | 0
0 ,3 ,-1 ,3 ,-3 ,-4 ,-4 ,2 | 0
0 ,0 ,0 ,0 ,-3 ,-4 ,-2 ,3 | 0
0 ,0 ,-1/3 ,-3 ,10 ,38/3 ,17/3 ,-19/3 | 0
0 ,-1/2 ,1 ,-7/2 ,4 ,5 ,3/2 ,-5/2 | 0
0 ,-2 ,-1 ,2 ,6 ,4 ,7 ,-6 | 0
0 ,-3 ,0 ,1 ,-2 ,1 ,2 ,1 | 0
0 ,-1 ,-1 ,-1 ,-4 ,1 ,0 ,7 | 0

R5 --> R5 + 167/1000*R2

2 ,0 ,-1/3 ,0 ,-3 ,-10/3 ,-13/3 ,11/3 | 0
0 ,3 ,-1 ,3 ,-3 ,-4 ,-4 ,2 | 0
0 ,0 ,0 ,0 ,-3 ,-4 ,-2 ,3 | 0
0 ,0 ,-1/3 ,-3 ,10 ,38/3 ,17/3 ,-19/3 | 0
0 ,0 ,5/6 ,-3 ,7/2 ,13/3 ,5/6 ,-13/6 | 0
0 ,-2 ,-1 ,2 ,6 ,4 ,7 ,-6 | 0
0 ,-3 ,0 ,1 ,-2 ,1 ,2 ,1 | 0
0 ,-1 ,-1 ,-1 ,-4 ,1 ,0 ,7 | 0

R6 --> R6 + 667/1000*R2

2 ,0 ,-1/3 ,0 ,-3 ,-10/3 ,-13/3 ,11/3 | 0
0 ,3 ,-1 ,3 ,-3 ,-4 ,-4 ,2 | 0
0 ,0 ,0 ,0 ,-3 ,-4 ,-2 ,3 | 0
0 ,0 ,-1/3 ,-3 ,10 ,38/3 ,17/3 ,-19/3 | 0
0 ,0 ,5/6 ,-3 ,7/2 ,13/3 ,5/6 ,-13/6 | 0
0 ,0 ,-5/3 ,4 ,4 ,4/3 ,13/3 ,-14/3 | 0
0 ,-3 ,0 ,1 ,-2 ,1 ,2 ,1 | 0
0 ,-1 ,-1 ,-1 ,-4 ,1 ,0 ,7 | 0

R7 --> R7 + R2

2 ,0 ,-1/3 ,0 ,-3 ,-10/3 ,-13/3 ,11/3 | 0
0 ,3 ,-1 ,3 ,-3 ,-4 ,-4 ,2 | 0
0 ,0 ,0 ,0 ,-3 ,-4 ,-2 ,3 | 0
0 ,0 ,-1/3 ,-3 ,10 ,38/3 ,17/3 ,-19/3 | 0
0 ,0 ,5/6 ,-3 ,7/2 ,13/3 ,5/6 ,-13/6 | 0
0 ,0 ,-5/3 ,4 ,4 ,4/3 ,13/3 ,-14/3 | 0
0 ,0 ,-1 ,4 ,-5 ,-3 ,-2 ,3 | 0
0 ,-1 ,-1 ,-1 ,-4 ,1 ,0 ,7 | 0

R8 --> R8 + 333/1000*R2

2 ,0 ,-1/3 ,0 ,-3 ,-10/3 ,-13/3 ,11/3 | 0
0 ,3 ,-1 ,3 ,-3 ,-4 ,-4 ,2 | 0
0 ,0 ,0 ,0 ,-3 ,-4 ,-2 ,3 | 0
0 ,0 ,-1/3 ,-3 ,10 ,38/3 ,17/3 ,-19/3 | 0
0 ,0 ,5/6 ,-3 ,7/2 ,13/3 ,5/6 ,-13/6 | 0
0 ,0 ,-5/3 ,4 ,4 ,4/3 ,13/3 ,-14/3 | 0
0 ,0 ,-1 ,4 ,-5 ,-3 ,-2 ,3 | 0
0 ,0 ,-4/3 ,0 ,-5 ,-1/3 ,-4/3 ,23/3 | 0

R3 <--> R4

2 ,0 ,-1/3 ,0 ,-3 ,-10/3 ,-13/3 ,11/3 | 0
0 ,3 ,-1 ,3 ,-3 ,-4 ,-4 ,2 | 0
0 ,0 ,-1/3 ,-3 ,10 ,38/3 ,17/3 ,-19/3 | 0
0 ,0 ,0 ,0 ,-3 ,-4 ,-2 ,3 | 0
0 ,0 ,5/6 ,-3 ,7/2 ,13/3 ,5/6 ,-13/6 | 0
0 ,0 ,-5/3 ,4 ,4 ,4/3 ,13/3 ,-14/3 | 0
0 ,0 ,-1 ,4 ,-5 ,-3 ,-2 ,3 | 0
0 ,0 ,-4/3 ,0 ,-5 ,-1/3 ,-4/3 ,23/3 | 0

R1 --> R1 - R3

2 ,0 ,0 ,3 ,-13 ,-16 ,-10 ,10 | 0
0 ,3 ,-1 ,3 ,-3 ,-4 ,-4 ,2 | 0
0 ,0 ,-1/3 ,-3 ,10 ,38/3 ,17/3 ,-19/3 | 0
0 ,0 ,0 ,0 ,-3 ,-4 ,-2 ,3 | 0
0 ,0 ,5/6 ,-3 ,7/2 ,13/3 ,5/6 ,-13/6 | 0
0 ,0 ,-5/3 ,4 ,4 ,4/3 ,13/3 ,-14/3 | 0
0 ,0 ,-1 ,4 ,-5 ,-3 ,-2 ,3 | 0
0 ,0 ,-4/3 ,0 ,-5 ,-1/3 ,-4/3 ,23/3 | 0

R2 --> R2 - 3*R3

2 ,0 ,0 ,3 ,-13 ,-16 ,-10 ,10 | 0
0 ,3 ,0 ,12 ,-33 ,-42 ,-21 ,21 | 0
0 ,0 ,-1/3 ,-3 ,10 ,38/3 ,17/3 ,-19/3 | 0
0 ,0 ,0 ,0 ,-3 ,-4 ,-2 ,3 | 0
0 ,0 ,5/6 ,-3 ,7/2 ,13/3 ,5/6 ,-13/6 | 0
0 ,0 ,-5/3 ,4 ,4 ,4/3 ,13/3 ,-14/3 | 0
0 ,0 ,-1 ,4 ,-5 ,-3 ,-2 ,3 | 0
0 ,0 ,-4/3 ,0 ,-5 ,-1/3 ,-4/3 ,23/3 | 0

R5 --> R5 + 5/2*R3

2 ,0 ,0 ,3 ,-13 ,-16 ,-10 ,10 | 0
0 ,3 ,0 ,12 ,-33 ,-42 ,-21 ,21 | 0
0 ,0 ,-1/3 ,-3 ,10 ,38/3 ,17/3 ,-19/3 | 0
0 ,0 ,0 ,0 ,-3 ,-4 ,-2 ,3 | 0
0 ,0 ,0 ,-21/2 ,57/2 ,36 ,15 ,-18 | 0
0 ,0 ,-5/3 ,4 ,4 ,4/3 ,13/3 ,-14/3 | 0
0 ,0 ,-1 ,4 ,-5 ,-3 ,-2 ,3 | 0
0 ,0 ,-4/3 ,0 ,-5 ,-1/3 ,-4/3 ,23/3 | 0

R6 --> R6 - 5*R3

2 ,0 ,0 ,3 ,-13 ,-16 ,-10 ,10 | 0
0 ,3 ,0 ,12 ,-33 ,-42 ,-21 ,21 | 0
0 ,0 ,-1/3 ,-3 ,10 ,38/3 ,17/3 ,-19/3 | 0
0 ,0 ,0 ,0 ,-3 ,-4 ,-2 ,3 | 0
0 ,0 ,0 ,-21/2 ,57/2 ,36 ,15 ,-18 | 0
0 ,0 ,0 ,19 ,-46 ,-62 ,-24 ,27 | 0
0 ,0 ,-1 ,4 ,-5 ,-3 ,-2 ,3 | 0
0 ,0 ,-4/3 ,0 ,-5 ,-1/3 ,-4/3 ,23/3 | 0

R7 --> R7 - 3*R3

2 ,0 ,0 ,3 ,-13 ,-16 ,-10 ,10 | 0
0 ,3 ,0 ,12 ,-33 ,-42 ,-21 ,21 | 0
0 ,0 ,-1/3 ,-3 ,10 ,38/3 ,17/3 ,-19/3 | 0
0 ,0 ,0 ,0 ,-3 ,-4 ,-2 ,3 | 0
0 ,0 ,0 ,-21/2 ,57/2 ,36 ,15 ,-18 | 0
0 ,0 ,0 ,19 ,-46 ,-62 ,-24 ,27 | 0
0 ,0 ,0 ,13 ,-35 ,-41 ,-19 ,22 | 0
0 ,0 ,-4/3 ,0 ,-5 ,-1/3 ,-4/3 ,23/3 | 0

R8 --> R8 - 4*R3

2 ,0 ,0 ,3 ,-13 ,-16 ,-10 ,10 | 0
0 ,3 ,0 ,12 ,-33 ,-42 ,-21 ,21 | 0
0 ,0 ,-1/3 ,-3 ,10 ,38/3 ,17/3 ,-19/3 | 0
0 ,0 ,0 ,0 ,-3 ,-4 ,-2 ,3 | 0
0 ,0 ,0 ,-21/2 ,57/2 ,36 ,15 ,-18 | 0
0 ,0 ,0 ,19 ,-46 ,-62 ,-24 ,27 | 0
0 ,0 ,0 ,13 ,-35 ,-41 ,-19 ,22 | 0
0 ,0 ,0 ,12 ,-45 ,-51 ,-24 ,33 | 0

R4 <--> R5

2 ,0 ,0 ,3 ,-13 ,-16 ,-10 ,10 | 0
0 ,3 ,0 ,12 ,-33 ,-42 ,-21 ,21 | 0
0 ,0 ,-1/3 ,-3 ,10 ,38/3 ,17/3 ,-19/3 | 0
0 ,0 ,0 ,-21/2 ,57/2 ,36 ,15 ,-18 | 0
0 ,0 ,0 ,0 ,-3 ,-4 ,-2 ,3 | 0
0 ,0 ,0 ,19 ,-46 ,-62 ,-24 ,27 | 0
0 ,0 ,0 ,13 ,-35 ,-41 ,-19 ,22 | 0
0 ,0 ,0 ,12 ,-45 ,-51 ,-24 ,33 | 0

R1 --> R1 + 143/500*R4

2 ,0 ,0 ,0 ,-34/7 ,-40/7 ,-40/7 ,34/7 | 0
0 ,3 ,0 ,12 ,-33 ,-42 ,-21 ,21 | 0
0 ,0 ,-1/3 ,-3 ,10 ,38/3 ,17/3 ,-19/3 | 0
0 ,0 ,0 ,-21/2 ,57/2 ,36 ,15 ,-18 | 0
0 ,0 ,0 ,0 ,-3 ,-4 ,-2 ,3 | 0
0 ,0 ,0 ,19 ,-46 ,-62 ,-24 ,27 | 0
0 ,0 ,0 ,13 ,-35 ,-41 ,-19 ,22 | 0
0 ,0 ,0 ,12 ,-45 ,-51 ,-24 ,33 | 0

R2 --> R2 + 1135/993*R4

2 ,0 ,0 ,0 ,-34/7 ,-40/7 ,-40/7 ,34/7 | 0
0 ,3 ,0 ,0 ,-3/7 ,-6/7 ,-27/7 ,3/7 | 0
0 ,0 ,-1/3 ,-3 ,10 ,38/3 ,17/3 ,-19/3 | 0
0 ,0 ,0 ,-21/2 ,57/2 ,36 ,15 ,-18 | 0
0 ,0 ,0 ,0 ,-3 ,-4 ,-2 ,3 | 0
0 ,0 ,0 ,19 ,-46 ,-62 ,-24 ,27 | 0
0 ,0 ,0 ,13 ,-35 ,-41 ,-19 ,22 | 0
0 ,0 ,0 ,12 ,-45 ,-51 ,-24 ,33 | 0

R3 --> R3 - 143/500*R4

2 ,0 ,0 ,0 ,-34/7 ,-40/7 ,-40/7 ,34/7 | 0
0 ,3 ,0 ,0 ,-3/7 ,-6/7 ,-27/7 ,3/7 | 0
0 ,0 ,-1/3 ,0 ,13/7 ,50/21 ,29/21 ,-25/21 | 0
0 ,0 ,0 ,-21/2 ,57/2 ,36 ,15 ,-18 | 0
0 ,0 ,0 ,0 ,-3 ,-4 ,-2 ,3 | 0
0 ,0 ,0 ,19 ,-46 ,-62 ,-24 ,27 | 0
0 ,0 ,0 ,13 ,-35 ,-41 ,-19 ,22 | 0
0 ,0 ,0 ,12 ,-45 ,-51 ,-24 ,33 | 0

R6 --> R6 + 181/100*R4

2 ,0 ,0 ,0 ,-34/7 ,-40/7 ,-40/7 ,34/7 | 0
0 ,3 ,0 ,0 ,-3/7 ,-6/7 ,-27/7 ,3/7 | 0
0 ,0 ,-1/3 ,0 ,13/7 ,50/21 ,29/21 ,-25/21 | 0
0 ,0 ,0 ,-21/2 ,57/2 ,36 ,15 ,-18 | 0
0 ,0 ,0 ,0 ,-3 ,-4 ,-2 ,3 | 0
0 ,0 ,0 ,0 ,39/7 ,22/7 ,22/7 ,-39/7 | 0
0 ,0 ,0 ,13 ,-35 ,-41 ,-19 ,22 | 0
0 ,0 ,0 ,12 ,-45 ,-51 ,-24 ,33 | 0

R7 --> R7 + 619/500*R4

2 ,0 ,0 ,0 ,-34/7 ,-40/7 ,-40/7 ,34/7 | 0
0 ,3 ,0 ,0 ,-3/7 ,-6/7 ,-27/7 ,3/7 | 0
0 ,0 ,-1/3 ,0 ,13/7 ,50/21 ,29/21 ,-25/21 | 0
0 ,0 ,0 ,-21/2 ,57/2 ,36 ,15 ,-18 | 0
0 ,0 ,0 ,0 ,-3 ,-4 ,-2 ,3 | 0
0 ,0 ,0 ,0 ,39/7 ,22/7 ,22/7 ,-39/7 | 0
0 ,0 ,0 ,0 ,2/7 ,25/7 ,-3/7 ,-2/7 | 0
0 ,0 ,0 ,12 ,-45 ,-51 ,-24 ,33 | 0

R8 --> R8 + 1135/993*R4

2 ,0 ,0 ,0 ,-34/7 ,-40/7 ,-40/7 ,34/7 | 0
0 ,3 ,0 ,0 ,-3/7 ,-6/7 ,-27/7 ,3/7 | 0
0 ,0 ,-1/3 ,0 ,13/7 ,50/21 ,29/21 ,-25/21 | 0
0 ,0 ,0 ,-21/2 ,57/2 ,36 ,15 ,-18 | 0
0 ,0 ,0 ,0 ,-3 ,-4 ,-2 ,3 | 0
0 ,0 ,0 ,0 ,39/7 ,22/7 ,22/7 ,-39/7 | 0
0 ,0 ,0 ,0 ,2/7 ,25/7 ,-3/7 ,-2/7 | 0
0 ,0 ,0 ,0 ,-87/7 ,-69/7 ,-48/7 ,87/7 | 0

R1 --> R1 - 1585/979*R5

2 ,0 ,0 ,0 ,0 ,16/21 ,-52/21 ,0 | 0
0 ,3 ,0 ,0 ,-3/7 ,-6/7 ,-27/7 ,3/7 | 0
0 ,0 ,-1/3 ,0 ,13/7 ,50/21 ,29/21 ,-25/21 | 0
0 ,0 ,0 ,-21/2 ,57/2 ,36 ,15 ,-18 | 0
0 ,0 ,0 ,0 ,-3 ,-4 ,-2 ,3 | 0
0 ,0 ,0 ,0 ,39/7 ,22/7 ,22/7 ,-39/7 | 0
0 ,0 ,0 ,0 ,2/7 ,25/7 ,-3/7 ,-2/7 | 0
0 ,0 ,0 ,0 ,-87/7 ,-69/7 ,-48/7 ,87/7 | 0

R2 --> R2 - 142/993*R5

2 ,0 ,0 ,0 ,0 ,16/21 ,-52/21 ,0 | 0
0 ,3 ,0 ,0 ,0 ,-2/7 ,-25/7 ,0 | 0
0 ,0 ,-1/3 ,0 ,13/7 ,50/21 ,29/21 ,-25/21 | 0
0 ,0 ,0 ,-21/2 ,57/2 ,36 ,15 ,-18 | 0
0 ,0 ,0 ,0 ,-3 ,-4 ,-2 ,3 | 0
0 ,0 ,0 ,0 ,39/7 ,22/7 ,22/7 ,-39/7 | 0
0 ,0 ,0 ,0 ,2/7 ,25/7 ,-3/7 ,-2/7 | 0
0 ,0 ,0 ,0 ,-87/7 ,-69/7 ,-48/7 ,87/7 | 0

R3 --> R3 + 619/1000*R5

2 ,0 ,0 ,0 ,0 ,16/21 ,-52/21 ,0 | 0
0 ,3 ,0 ,0 ,0 ,-2/7 ,-25/7 ,0 | 0
0 ,0 ,-1/3 ,0 ,0 ,-2/21 ,1/7 ,2/3 | 0
0 ,0 ,0 ,-21/2 ,57/2 ,36 ,15 ,-18 | 0
0 ,0 ,0 ,0 ,-3 ,-4 ,-2 ,3 | 0
0 ,0 ,0 ,0 ,39/7 ,22/7 ,22/7 ,-39/7 | 0
0 ,0 ,0 ,0 ,2/7 ,25/7 ,-3/7 ,-2/7 | 0
0 ,0 ,0 ,0 ,-87/7 ,-69/7 ,-48/7 ,87/7 | 0

R4 --> R4 + 19/2*R5

2 ,0 ,0 ,0 ,0 ,16/21 ,-52/21 ,0 | 0
0 ,3 ,0 ,0 ,0 ,-2/7 ,-25/7 ,0 | 0
0 ,0 ,-1/3 ,0 ,0 ,-2/21 ,1/7 ,2/3 | 0
0 ,0 ,0 ,-21/2 ,0 ,-2 ,-4 ,21/2 | 0
0 ,0 ,0 ,0 ,-3 ,-4 ,-2 ,3 | 0
0 ,0 ,0 ,0 ,39/7 ,22/7 ,22/7 ,-39/7 | 0
0 ,0 ,0 ,0 ,2/7 ,25/7 ,-3/7 ,-2/7 | 0
0 ,0 ,0 ,0 ,-87/7 ,-69/7 ,-48/7 ,87/7 | 0

R6 --> R6 + 1844/993*R5

2 ,0 ,0 ,0 ,0 ,16/21 ,-52/21 ,0 | 0
0 ,3 ,0 ,0 ,0 ,-2/7 ,-25/7 ,0 | 0
0 ,0 ,-1/3 ,0 ,0 ,-2/21 ,1/7 ,2/3 | 0
0 ,0 ,0 ,-21/2 ,0 ,-2 ,-4 ,21/2 | 0
0 ,0 ,0 ,0 ,-3 ,-4 ,-2 ,3 | 0
0 ,0 ,0 ,0 ,0 ,-30/7 ,-4/7 ,0 | 0
0 ,0 ,0 ,0 ,2/7 ,25/7 ,-3/7 ,-2/7 | 0
0 ,0 ,0 ,0 ,-87/7 ,-69/7 ,-48/7 ,87/7 | 0

R7 --> R7 + 19/200*R5

2 ,0 ,0 ,0 ,0 ,16/21 ,-52/21 ,0 | 0
0 ,3 ,0 ,0 ,0 ,-2/7 ,-25/7 ,0 | 0
0 ,0 ,-1/3 ,0 ,0 ,-2/21 ,1/7 ,2/3 | 0
0 ,0 ,0 ,-21/2 ,0 ,-2 ,-4 ,21/2 | 0
0 ,0 ,0 ,0 ,-3 ,-4 ,-2 ,3 | 0
0 ,0 ,0 ,0 ,0 ,-30/7 ,-4/7 ,0 | 0
0 ,0 ,0 ,0 ,0 ,67/21 ,-13/21 ,0 | 0
0 ,0 ,0 ,0 ,-87/7 ,-69/7 ,-48/7 ,87/7 | 0

R8 --> R8 - 4114/993*R5

2 ,0 ,0 ,0 ,0 ,16/21 ,-52/21 ,0 | 0
0 ,3 ,0 ,0 ,0 ,-2/7 ,-25/7 ,0 | 0
0 ,0 ,-1/3 ,0 ,0 ,-2/21 ,1/7 ,2/3 | 0
0 ,0 ,0 ,-21/2 ,0 ,-2 ,-4 ,21/2 | 0
0 ,0 ,0 ,0 ,-3 ,-4 ,-2 ,3 | 0
0 ,0 ,0 ,0 ,0 ,-30/7 ,-4/7 ,0 | 0
0 ,0 ,0 ,0 ,0 ,67/21 ,-13/21 ,0 | 0
0 ,0 ,0 ,0 ,0 ,47/7 ,10/7 ,0 | 0

R1 --> R1 + 89/500*R6

2 ,0 ,0 ,0 ,0 ,0 ,-116/45 ,0 | 0
0 ,3 ,0 ,0 ,0 ,-2/7 ,-25/7 ,0 | 0
0 ,0 ,-1/3 ,0 ,0 ,-2/21 ,1/7 ,2/3 | 0
0 ,0 ,0 ,-21/2 ,0 ,-2 ,-4 ,21/2 | 0
0 ,0 ,0 ,0 ,-3 ,-4 ,-2 ,3 | 0
0 ,0 ,0 ,0 ,0 ,-30/7 ,-4/7 ,0 | 0
0 ,0 ,0 ,0 ,0 ,67/21 ,-13/21 ,0 | 0
0 ,0 ,0 ,0 ,0 ,47/7 ,10/7 ,0 | 0

R2 --> R2 - 67/1000*R6

2 ,0 ,0 ,0 ,0 ,0 ,-116/45 ,0 | 0
0 ,3 ,0 ,0 ,0 ,0 ,-53/15 ,0 | 0
0 ,0 ,-1/3 ,0 ,0 ,-2/21 ,1/7 ,2/3 | 0
0 ,0 ,0 ,-21/2 ,0 ,-2 ,-4 ,21/2 | 0
0 ,0 ,0 ,0 ,-3 ,-4 ,-2 ,3 | 0
0 ,0 ,0 ,0 ,0 ,-30/7 ,-4/7 ,0 | 0
0 ,0 ,0 ,0 ,0 ,67/21 ,-13/21 ,0 | 0
0 ,0 ,0 ,0 ,0 ,47/7 ,10/7 ,0 | 0

R3 --> R3 - 11/500*R6

2 ,0 ,0 ,0 ,0 ,0 ,-116/45 ,0 | 0
0 ,3 ,0 ,0 ,0 ,0 ,-53/15 ,0 | 0
0 ,0 ,-1/3 ,0 ,0 ,0 ,7/45 ,2/3 | 0
0 ,0 ,0 ,-21/2 ,0 ,-2 ,-4 ,21/2 | 0
0 ,0 ,0 ,0 ,-3 ,-4 ,-2 ,3 | 0
0 ,0 ,0 ,0 ,0 ,-30/7 ,-4/7 ,0 | 0
0 ,0 ,0 ,0 ,0 ,67/21 ,-13/21 ,0 | 0
0 ,0 ,0 ,0 ,0 ,47/7 ,10/7 ,0 | 0

R4 --> R4 - 467/1000*R6

2 ,0 ,0 ,0 ,0 ,0 ,-116/45 ,0 | 0
0 ,3 ,0 ,0 ,0 ,0 ,-53/15 ,0 | 0
0 ,0 ,-1/3 ,0 ,0 ,0 ,7/45 ,2/3 | 0
0 ,0 ,0 ,-21/2 ,0 ,0 ,-56/15 ,21/2 | 0
0 ,0 ,0 ,0 ,-3 ,-4 ,-2 ,3 | 0
0 ,0 ,0 ,0 ,0 ,-30/7 ,-4/7 ,0 | 0
0 ,0 ,0 ,0 ,0 ,67/21 ,-13/21 ,0 | 0
0 ,0 ,0 ,0 ,0 ,47/7 ,10/7 ,0 | 0

R5 --> R5 - 376/403*R6

2 ,0 ,0 ,0 ,0 ,0 ,-116/45 ,0 | 0
0 ,3 ,0 ,0 ,0 ,0 ,-53/15 ,0 | 0
0 ,0 ,-1/3 ,0 ,0 ,0 ,7/45 ,2/3 | 0
0 ,0 ,0 ,-21/2 ,0 ,0 ,-56/15 ,21/2 | 0
0 ,0 ,0 ,0 ,-3 ,0 ,-22/15 ,3 | 0
0 ,0 ,0 ,0 ,0 ,-30/7 ,-4/7 ,0 | 0
0 ,0 ,0 ,0 ,0 ,67/21 ,-13/21 ,0 | 0
0 ,0 ,0 ,0 ,0 ,47/7 ,10/7 ,0 | 0

R7 --> R7 + 93/125*R6

2 ,0 ,0 ,0 ,0 ,0 ,-116/45 ,0 | 0
0 ,3 ,0 ,0 ,0 ,0 ,-53/15 ,0 | 0
0 ,0 ,-1/3 ,0 ,0 ,0 ,7/45 ,2/3 | 0
0 ,0 ,0 ,-21/2 ,0 ,0 ,-56/15 ,21/2 | 0
0 ,0 ,0 ,0 ,-3 ,0 ,-22/15 ,3 | 0
0 ,0 ,0 ,0 ,0 ,-30/7 ,-4/7 ,0 | 0
0 ,0 ,0 ,0 ,0 ,0 ,-47/45 ,0 | 0
0 ,0 ,0 ,0 ,0 ,47/7 ,10/7 ,0 | 0

R7 --> -868/907*R7

2 ,0 ,0 ,0 ,0 ,0 ,-116/45 ,0 | 0
0 ,3 ,0 ,0 ,0 ,0 ,-53/15 ,0 | 0
0 ,0 ,-1/3 ,0 ,0 ,0 ,7/45 ,2/3 | 0
0 ,0 ,0 ,-21/2 ,0 ,0 ,-56/15 ,21/2 | 0
0 ,0 ,0 ,0 ,-3 ,0 ,-22/15 ,3 | 0
0 ,0 ,0 ,0 ,0 ,-30/7 ,-4/7 ,0 | 0
0 ,0 ,0 ,0 ,0 ,0 ,1 ,0 | 0
0 ,0 ,0 ,0 ,0 ,47/7 ,10/7 ,0 | 0

R8 --> R8 + 152/97*R6

2 ,0 ,0 ,0 ,0 ,0 ,-116/45 ,0 | 0
0 ,3 ,0 ,0 ,0 ,0 ,-53/15 ,0 | 0
0 ,0 ,-1/3 ,0 ,0 ,0 ,7/45 ,2/3 | 0
0 ,0 ,0 ,-21/2 ,0 ,0 ,-56/15 ,21/2 | 0
0 ,0 ,0 ,0 ,-3 ,0 ,-22/15 ,3 | 0
0 ,0 ,0 ,0 ,0 ,-30/7 ,-4/7 ,0 | 0
0 ,0 ,0 ,0 ,0 ,0 ,1 ,0 | 0
0 ,0 ,0 ,0 ,0 ,0 ,8/15 ,0 | 0

R8 --> 15/8*R8

2 ,0 ,0 ,0 ,0 ,0 ,-116/45 ,0 | 0
0 ,3 ,0 ,0 ,0 ,0 ,-53/15 ,0 | 0
0 ,0 ,-1/3 ,0 ,0 ,0 ,7/45 ,2/3 | 0
0 ,0 ,0 ,-21/2 ,0 ,0 ,-56/15 ,21/2 | 0
0 ,0 ,0 ,0 ,-3 ,0 ,-22/15 ,3 | 0
0 ,0 ,0 ,0 ,0 ,-30/7 ,-4/7 ,0 | 0
0 ,0 ,0 ,0 ,0 ,0 ,1 ,0 | 0
0 ,0 ,0 ,0 ,0 ,0 ,1 ,0 | 0

R1 --> R1 + 281/109*R7

2 ,0 ,0 ,0 ,0 ,0 ,0 ,0 | 0
0 ,3 ,0 ,0 ,0 ,0 ,-53/15 ,0 | 0
0 ,0 ,-1/3 ,0 ,0 ,0 ,7/45 ,2/3 | 0
0 ,0 ,0 ,-21/2 ,0 ,0 ,-56/15 ,21/2 | 0
0 ,0 ,0 ,0 ,-3 ,0 ,-22/15 ,3 | 0
0 ,0 ,0 ,0 ,0 ,-30/7 ,-4/7 ,0 | 0
0 ,0 ,0 ,0 ,0 ,0 ,1 ,0 | 0
0 ,0 ,0 ,0 ,0 ,0 ,1 ,0 | 0

R1 --> 1/2*R1

1 ,0 ,0 ,0 ,0 ,0 ,0 ,0 | 0
0 ,3 ,0 ,0 ,0 ,0 ,-53/15 ,0 | 0
0 ,0 ,-1/3 ,0 ,0 ,0 ,7/45 ,2/3 | 0
0 ,0 ,0 ,-21/2 ,0 ,0 ,-56/15 ,21/2 | 0
0 ,0 ,0 ,0 ,-3 ,0 ,-22/15 ,3 | 0
0 ,0 ,0 ,0 ,0 ,-30/7 ,-4/7 ,0 | 0
0 ,0 ,0 ,0 ,0 ,0 ,1 ,0 | 0
0 ,0 ,0 ,0 ,0 ,0 ,1 ,0 | 0

R2 --> R2 + 696/197*R7

1 ,0 ,0 ,0 ,0 ,0 ,0 ,0 | 0
0 ,3 ,0 ,0 ,0 ,0 ,0 ,0 | 0
0 ,0 ,-1/3 ,0 ,0 ,0 ,7/45 ,2/3 | 0
0 ,0 ,0 ,-21/2 ,0 ,0 ,-56/15 ,21/2 | 0
0 ,0 ,0 ,0 ,-3 ,0 ,-22/15 ,3 | 0
0 ,0 ,0 ,0 ,0 ,-30/7 ,-4/7 ,0 | 0
0 ,0 ,0 ,0 ,0 ,0 ,1 ,0 | 0
0 ,0 ,0 ,0 ,0 ,0 ,1 ,0 | 0

R2 --> 333/1000*R2

1 ,0 ,0 ,0 ,0 ,0 ,0 ,0 | 0
0 ,1 ,0 ,0 ,0 ,0 ,0 ,0 | 0
0 ,0 ,-1/3 ,0 ,0 ,0 ,7/45 ,2/3 | 0
0 ,0 ,0 ,-21/2 ,0 ,0 ,-56/15 ,21/2 | 0
0 ,0 ,0 ,0 ,-3 ,0 ,-22/15 ,3 | 0
0 ,0 ,0 ,0 ,0 ,-30/7 ,-4/7 ,0 | 0
0 ,0 ,0 ,0 ,0 ,0 ,1 ,0 | 0
0 ,0 ,0 ,0 ,0 ,0 ,1 ,0 | 0

R3 --> R3 - 39/250*R7

1 ,0 ,0 ,0 ,0 ,0 ,0 ,0 | 0
0 ,1 ,0 ,0 ,0 ,0 ,0 ,0 | 0
0 ,0 ,-1/3 ,0 ,0 ,0 ,0 ,2/3 | 0
0 ,0 ,0 ,-21/2 ,0 ,0 ,-56/15 ,21/2 | 0
0 ,0 ,0 ,0 ,-3 ,0 ,-22/15 ,3 | 0
0 ,0 ,0 ,0 ,0 ,-30/7 ,-4/7 ,0 | 0
0 ,0 ,0 ,0 ,0 ,0 ,1 ,0 | 0
0 ,0 ,0 ,0 ,0 ,0 ,1 ,0 | 0

R4 --> R4 + 713/191*R7

1 ,0 ,0 ,0 ,0 ,0 ,0 ,0 | 0
0 ,1 ,0 ,0 ,0 ,0 ,0 ,0 | 0
0 ,0 ,-1/3 ,0 ,0 ,0 ,0 ,2/3 | 0
0 ,0 ,0 ,-21/2 ,0 ,0 ,0 ,21/2 | 0
0 ,0 ,0 ,0 ,-3 ,0 ,-22/15 ,3 | 0
0 ,0 ,0 ,0 ,0 ,-30/7 ,-4/7 ,0 | 0
0 ,0 ,0 ,0 ,0 ,0 ,1 ,0 | 0
0 ,0 ,0 ,0 ,0 ,0 ,1 ,0 | 0

R5 --> R5 + 289/197*R7

1 ,0 ,0 ,0 ,0 ,0 ,0 ,0 | 0
0 ,1 ,0 ,0 ,0 ,0 ,0 ,0 | 0
0 ,0 ,-1/3 ,0 ,0 ,0 ,0 ,2/3 | 0
0 ,0 ,0 ,-21/2 ,0 ,0 ,0 ,21/2 | 0
0 ,0 ,0 ,0 ,-3 ,0 ,0 ,3 | 0
0 ,0 ,0 ,0 ,0 ,-30/7 ,-4/7 ,0 | 0
0 ,0 ,0 ,0 ,0 ,0 ,1 ,0 | 0
0 ,0 ,0 ,0 ,0 ,0 ,1 ,0 | 0

R6 --> R6 + 189/331*R7

1 ,0 ,0 ,0 ,0 ,0 ,0 ,0 | 0
0 ,1 ,0 ,0 ,0 ,0 ,0 ,0 | 0
0 ,0 ,-1/3 ,0 ,0 ,0 ,0 ,2/3 | 0
0 ,0 ,0 ,-21/2 ,0 ,0 ,0 ,21/2 | 0
0 ,0 ,0 ,0 ,-3 ,0 ,0 ,3 | 0
0 ,0 ,0 ,0 ,0 ,-30/7 ,0 ,0 | 0
0 ,0 ,0 ,0 ,0 ,0 ,1 ,0 | 0
0 ,0 ,0 ,0 ,0 ,0 ,1 ,0 | 0

R6 --> -209/897*R6

1 ,0 ,0 ,0 ,0 ,0 ,0 ,0 | 0
0 ,1 ,0 ,0 ,0 ,0 ,0 ,0 | 0
0 ,0 ,-1/3 ,0 ,0 ,0 ,0 ,2/3 | 0
0 ,0 ,0 ,-21/2 ,0 ,0 ,0 ,21/2 | 0
0 ,0 ,0 ,0 ,-3 ,0 ,0 ,3 | 0
0 ,0 ,0 ,0 ,0 ,1 ,0 ,0 | 0
0 ,0 ,0 ,0 ,0 ,0 ,1 ,0 | 0
0 ,0 ,0 ,0 ,0 ,0 ,1 ,0 | 0

R8 --> R8 - R7

1 ,0 ,0 ,0 ,0 ,0 ,0 ,0 | 0
0 ,1 ,0 ,0 ,0 ,0 ,0 ,0 | 0
0 ,0 ,-1/3 ,0 ,0 ,0 ,0 ,2/3 | 0
0 ,0 ,0 ,-21/2 ,0 ,0 ,0 ,21/2 | 0
0 ,0 ,0 ,0 ,-3 ,0 ,0 ,3 | 0
0 ,0 ,0 ,0 ,0 ,1 ,0 ,0 | 0
0 ,0 ,0 ,0 ,0 ,0 ,1 ,0 | 0
0 ,0 ,0 ,0 ,0 ,0 ,0 ,0 | 0

define a new column in the vector b when x8 is a free variable in R8 space:
1 ,0 ,0 ,0 ,0 ,0 ,0 ,0 | 0 ,0
0 ,1 ,0 ,0 ,0 ,0 ,0 ,0 | 0 ,0
0 ,0 ,-1/3 ,0 ,0 ,0 ,0 ,2/3 | 0 ,0
0 ,0 ,0 ,-21/2 ,0 ,0 ,0 ,21/2 | 0 ,0
0 ,0 ,0 ,0 ,-3 ,0 ,0 ,3 | 0 ,0
0 ,0 ,0 ,0 ,0 ,1 ,0 ,0 | 0 ,0
0 ,0 ,0 ,0 ,0 ,0 ,1 ,0 | 0 ,0
0 ,0 ,0 ,0 ,0 ,0 ,0 ,1 | 0 ,1

R3 --> R3 - 667/1000*R8

1 ,0 ,0 ,0 ,0 ,0 ,0 ,0 | 0 ,0
0 ,1 ,0 ,0 ,0 ,0 ,0 ,0 | 0 ,0
0 ,0 ,-1/3 ,0 ,0 ,0 ,0 ,0 | 0 ,-2/3
0 ,0 ,0 ,-21/2 ,0 ,0 ,0 ,21/2 | 0 ,0
0 ,0 ,0 ,0 ,-3 ,0 ,0 ,3 | 0 ,0
0 ,0 ,0 ,0 ,0 ,1 ,0 ,0 | 0 ,0
0 ,0 ,0 ,0 ,0 ,0 ,1 ,0 | 0 ,0
0 ,0 ,0 ,0 ,0 ,0 ,0 ,1 | 0 ,1

R3 --> -3*R3

1 ,0 ,0 ,0 ,0 ,0 ,0 ,0 | 0 ,0
0 ,1 ,0 ,0 ,0 ,0 ,0 ,0 | 0 ,0
0 ,0 ,1 ,0 ,0 ,0 ,0 ,0 | 0 ,2
0 ,0 ,0 ,-21/2 ,0 ,0 ,0 ,21/2 | 0 ,0
0 ,0 ,0 ,0 ,-3 ,0 ,0 ,3 | 0 ,0
0 ,0 ,0 ,0 ,0 ,1 ,0 ,0 | 0 ,0
0 ,0 ,0 ,0 ,0 ,0 ,1 ,0 | 0 ,0
0 ,0 ,0 ,0 ,0 ,0 ,0 ,1 | 0 ,1

R4 --> R4 - 21/2*R8

1 ,0 ,0 ,0 ,0 ,0 ,0 ,0 | 0 ,0
0 ,1 ,0 ,0 ,0 ,0 ,0 ,0 | 0 ,0
0 ,0 ,1 ,0 ,0 ,0 ,0 ,0 | 0 ,2
0 ,0 ,0 ,-21/2 ,0 ,0 ,0 ,0 | 0 ,-21/2
0 ,0 ,0 ,0 ,-3 ,0 ,0 ,3 | 0 ,0
0 ,0 ,0 ,0 ,0 ,1 ,0 ,0 | 0 ,0
0 ,0 ,0 ,0 ,0 ,0 ,1 ,0 | 0 ,0
0 ,0 ,0 ,0 ,0 ,0 ,0 ,1 | 0 ,1

R4 --> -19/200*R4

1 ,0 ,0 ,0 ,0 ,0 ,0 ,0 | 0 ,0
0 ,1 ,0 ,0 ,0 ,0 ,0 ,0 | 0 ,0
0 ,0 ,1 ,0 ,0 ,0 ,0 ,0 | 0 ,2
0 ,0 ,0 ,1 ,0 ,0 ,0 ,0 | 0 ,1
0 ,0 ,0 ,0 ,-3 ,0 ,0 ,3 | 0 ,0
0 ,0 ,0 ,0 ,0 ,1 ,0 ,0 | 0 ,0
0 ,0 ,0 ,0 ,0 ,0 ,1 ,0 | 0 ,0
0 ,0 ,0 ,0 ,0 ,0 ,0 ,1 | 0 ,1

R5 --> R5 - 3*R8

1 ,0 ,0 ,0 ,0 ,0 ,0 ,0 | 0 ,0
0 ,1 ,0 ,0 ,0 ,0 ,0 ,0 | 0 ,0
0 ,0 ,1 ,0 ,0 ,0 ,0 ,0 | 0 ,2
0 ,0 ,0 ,1 ,0 ,0 ,0 ,0 | 0 ,1
0 ,0 ,0 ,0 ,-3 ,0 ,0 ,0 | 0 ,-3
0 ,0 ,0 ,0 ,0 ,1 ,0 ,0 | 0 ,0
0 ,0 ,0 ,0 ,0 ,0 ,1 ,0 | 0 ,0
0 ,0 ,0 ,0 ,0 ,0 ,0 ,1 | 0 ,1

R5 --> -333/1000*R5

1 ,0 ,0 ,0 ,0 ,0 ,0 ,0 | 0 ,0
0 ,1 ,0 ,0 ,0 ,0 ,0 ,0 | 0 ,0
0 ,0 ,1 ,0 ,0 ,0 ,0 ,0 | 0 ,2
0 ,0 ,0 ,1 ,0 ,0 ,0 ,0 | 0 ,1
0 ,0 ,0 ,0 ,1 ,0 ,0 ,0 | 0 ,1
0 ,0 ,0 ,0 ,0 ,1 ,0 ,0 | 0 ,0
0 ,0 ,0 ,0 ,0 ,0 ,1 ,0 | 0 ,0
0 ,0 ,0 ,0 ,0 ,0 ,0 ,1 | 0 ,1

the solution is an infinite set of vectors in R8 space which are linearly dependents in the vector space:
x = λ*(0 ,0 ,2 ,1 ,1 ,0 ,0 ,1) when λ it's a free scalar that belongs to the R set
