solve the next system in R8 space (8 equations)(8 unknowns):
eq1: - 3*x1 -   x2 +   x3 + 2*x4 -   x5        +   x7         = 0
eq2:        - 2*x2 -   x3 -   x4 -   x5 -   x6        - 3*x8  = 0
eq3: + 2*x1 -   x2 + 2*x3 + 2*x4 -   x5 -   x6        - 3*x8  = 0
eq4: -   x1 - 3*x2        + 2*x4 + 2*x5 + 2*x6 +   x7 +   x8  = 0
eq5:               - 2*x3 - 2*x4 +   x5 - 2*x6 - 2*x7 +   x8  = 0
eq6: + 2*x1        + 2*x3        - 3*x5 + 2*x6 + 2*x7 -   x8  = 0
eq7: + 3*x1        + 3*x3 - 2*x4 - 3*x5 + 3*x6 -   x7 - 3*x8  = 0
eq8: - 3*x1 + 3*x2 + 2*x3 + 3*x4 - 3*x5 -   x6 + 3*x7 + 2*x8  = 0

-3 ,-1 ,1 ,2 ,-1 ,0 ,1 ,0 | 0
0 ,-2 ,-1 ,-1 ,-1 ,-1 ,0 ,-3 | 0
2 ,-1 ,2 ,2 ,-1 ,-1 ,0 ,-3 | 0
-1 ,-3 ,0 ,2 ,2 ,2 ,1 ,1 | 0
0 ,0 ,-2 ,-2 ,1 ,-2 ,-2 ,1 | 0
2 ,0 ,2 ,0 ,-3 ,2 ,2 ,-1 | 0
3 ,0 ,3 ,-2 ,-3 ,3 ,-1 ,-3 | 0
-3 ,3 ,2 ,3 ,-3 ,-1 ,3 ,2 | 0

implement the solution by ranking rows method:
transform A matrix to I by a ranking rows:
R3 --> R3 + 0.667*R1

-3 ,-1 ,1 ,2 ,-1 ,0 ,1 ,0 | 0
0 ,-2 ,-1 ,-1 ,-1 ,-1 ,0 ,-3 | 0
0 ,-1.667 ,2.667 ,3.333 ,-1.667 ,-1 ,0.667 ,-3 | 0
-1 ,-3 ,0 ,2 ,2 ,2 ,1 ,1 | 0
0 ,0 ,-2 ,-2 ,1 ,-2 ,-2 ,1 | 0
2 ,0 ,2 ,0 ,-3 ,2 ,2 ,-1 | 0
3 ,0 ,3 ,-2 ,-3 ,3 ,-1 ,-3 | 0
-3 ,3 ,2 ,3 ,-3 ,-1 ,3 ,2 | 0

R4 --> R4 - 0.333*R1

-3 ,-1 ,1 ,2 ,-1 ,0 ,1 ,0 | 0
0 ,-2 ,-1 ,-1 ,-1 ,-1 ,0 ,-3 | 0
0 ,-1.667 ,2.667 ,3.333 ,-1.667 ,-1 ,0.667 ,-3 | 0
0 ,-2.667 ,-0.333 ,1.333 ,2.333 ,2 ,0.667 ,1 | 0
0 ,0 ,-2 ,-2 ,1 ,-2 ,-2 ,1 | 0
2 ,0 ,2 ,0 ,-3 ,2 ,2 ,-1 | 0
3 ,0 ,3 ,-2 ,-3 ,3 ,-1 ,-3 | 0
-3 ,3 ,2 ,3 ,-3 ,-1 ,3 ,2 | 0

R6 --> R6 + 0.667*R1

-3 ,-1 ,1 ,2 ,-1 ,0 ,1 ,0 | 0
0 ,-2 ,-1 ,-1 ,-1 ,-1 ,0 ,-3 | 0
0 ,-1.667 ,2.667 ,3.333 ,-1.667 ,-1 ,0.667 ,-3 | 0
0 ,-2.667 ,-0.333 ,1.333 ,2.333 ,2 ,0.667 ,1 | 0
0 ,0 ,-2 ,-2 ,1 ,-2 ,-2 ,1 | 0
0 ,-0.667 ,2.667 ,1.333 ,-3.667 ,2 ,2.667 ,-1 | 0
3 ,0 ,3 ,-2 ,-3 ,3 ,-1 ,-3 | 0
-3 ,3 ,2 ,3 ,-3 ,-1 ,3 ,2 | 0

R7 --> R7 + R1

-3 ,-1 ,1 ,2 ,-1 ,0 ,1 ,0 | 0
0 ,-2 ,-1 ,-1 ,-1 ,-1 ,0 ,-3 | 0
0 ,-1.667 ,2.667 ,3.333 ,-1.667 ,-1 ,0.667 ,-3 | 0
0 ,-2.667 ,-0.333 ,1.333 ,2.333 ,2 ,0.667 ,1 | 0
0 ,0 ,-2 ,-2 ,1 ,-2 ,-2 ,1 | 0
0 ,-0.667 ,2.667 ,1.333 ,-3.667 ,2 ,2.667 ,-1 | 0
0 ,-1 ,4 ,0 ,-4 ,3 ,0 ,-3 | 0
-3 ,3 ,2 ,3 ,-3 ,-1 ,3 ,2 | 0

R8 --> R8 - R1

-3 ,-1 ,1 ,2 ,-1 ,0 ,1 ,0 | 0
0 ,-2 ,-1 ,-1 ,-1 ,-1 ,0 ,-3 | 0
0 ,-1.667 ,2.667 ,3.333 ,-1.667 ,-1 ,0.667 ,-3 | 0
0 ,-2.667 ,-0.333 ,1.333 ,2.333 ,2 ,0.667 ,1 | 0
0 ,0 ,-2 ,-2 ,1 ,-2 ,-2 ,1 | 0
0 ,-0.667 ,2.667 ,1.333 ,-3.667 ,2 ,2.667 ,-1 | 0
0 ,-1 ,4 ,0 ,-4 ,3 ,0 ,-3 | 0
0 ,4 ,1 ,1 ,-2 ,-1 ,2 ,2 | 0

R1 --> R1 - 0.5*R2

-3 ,0 ,1.5 ,2.5 ,-0.5 ,0.5 ,1 ,1.5 | 0
0 ,-2 ,-1 ,-1 ,-1 ,-1 ,0 ,-3 | 0
0 ,-1.667 ,2.667 ,3.333 ,-1.667 ,-1 ,0.667 ,-3 | 0
0 ,-2.667 ,-0.333 ,1.333 ,2.333 ,2 ,0.667 ,1 | 0
0 ,0 ,-2 ,-2 ,1 ,-2 ,-2 ,1 | 0
0 ,-0.667 ,2.667 ,1.333 ,-3.667 ,2 ,2.667 ,-1 | 0
0 ,-1 ,4 ,0 ,-4 ,3 ,0 ,-3 | 0
0 ,4 ,1 ,1 ,-2 ,-1 ,2 ,2 | 0

R3 --> R3 - 0.833*R2

-3 ,0 ,1.5 ,2.5 ,-0.5 ,0.5 ,1 ,1.5 | 0
0 ,-2 ,-1 ,-1 ,-1 ,-1 ,0 ,-3 | 0
0 ,0 ,3.5 ,4.167 ,-0.833 ,-0.167 ,0.667 ,-0.5 | 0
0 ,-2.667 ,-0.333 ,1.333 ,2.333 ,2 ,0.667 ,1 | 0
0 ,0 ,-2 ,-2 ,1 ,-2 ,-2 ,1 | 0
0 ,-0.667 ,2.667 ,1.333 ,-3.667 ,2 ,2.667 ,-1 | 0
0 ,-1 ,4 ,0 ,-4 ,3 ,0 ,-3 | 0
0 ,4 ,1 ,1 ,-2 ,-1 ,2 ,2 | 0

R4 --> R4 - 1.333*R2

-3 ,0 ,1.5 ,2.5 ,-0.5 ,0.5 ,1 ,1.5 | 0
0 ,-2 ,-1 ,-1 ,-1 ,-1 ,0 ,-3 | 0
0 ,0 ,3.5 ,4.167 ,-0.833 ,-0.167 ,0.667 ,-0.5 | 0
0 ,0 ,1 ,2.667 ,3.667 ,3.333 ,0.667 ,5 | 0
0 ,0 ,-2 ,-2 ,1 ,-2 ,-2 ,1 | 0
0 ,-0.667 ,2.667 ,1.333 ,-3.667 ,2 ,2.667 ,-1 | 0
0 ,-1 ,4 ,0 ,-4 ,3 ,0 ,-3 | 0
0 ,4 ,1 ,1 ,-2 ,-1 ,2 ,2 | 0

R6 --> R6 - 0.333*R2

-3 ,0 ,1.5 ,2.5 ,-0.5 ,0.5 ,1 ,1.5 | 0
0 ,-2 ,-1 ,-1 ,-1 ,-1 ,0 ,-3 | 0
0 ,0 ,3.5 ,4.167 ,-0.833 ,-0.167 ,0.667 ,-0.5 | 0
0 ,0 ,1 ,2.667 ,3.667 ,3.333 ,0.667 ,5 | 0
0 ,0 ,-2 ,-2 ,1 ,-2 ,-2 ,1 | 0
0 ,0 ,3 ,1.667 ,-3.333 ,2.333 ,2.667 ,0 | 0
0 ,-1 ,4 ,0 ,-4 ,3 ,0 ,-3 | 0
0 ,4 ,1 ,1 ,-2 ,-1 ,2 ,2 | 0

R7 --> R7 - 0.5*R2

-3 ,0 ,1.5 ,2.5 ,-0.5 ,0.5 ,1 ,1.5 | 0
0 ,-2 ,-1 ,-1 ,-1 ,-1 ,0 ,-3 | 0
0 ,0 ,3.5 ,4.167 ,-0.833 ,-0.167 ,0.667 ,-0.5 | 0
0 ,0 ,1 ,2.667 ,3.667 ,3.333 ,0.667 ,5 | 0
0 ,0 ,-2 ,-2 ,1 ,-2 ,-2 ,1 | 0
0 ,0 ,3 ,1.667 ,-3.333 ,2.333 ,2.667 ,0 | 0
0 ,0 ,4.5 ,0.5 ,-3.5 ,3.5 ,0 ,-1.5 | 0
0 ,4 ,1 ,1 ,-2 ,-1 ,2 ,2 | 0

R8 --> R8 + 2*R2

-3 ,0 ,1.5 ,2.5 ,-0.5 ,0.5 ,1 ,1.5 | 0
0 ,-2 ,-1 ,-1 ,-1 ,-1 ,0 ,-3 | 0
0 ,0 ,3.5 ,4.167 ,-0.833 ,-0.167 ,0.667 ,-0.5 | 0
0 ,0 ,1 ,2.667 ,3.667 ,3.333 ,0.667 ,5 | 0
0 ,0 ,-2 ,-2 ,1 ,-2 ,-2 ,1 | 0
0 ,0 ,3 ,1.667 ,-3.333 ,2.333 ,2.667 ,0 | 0
0 ,0 ,4.5 ,0.5 ,-3.5 ,3.5 ,0 ,-1.5 | 0
0 ,0 ,-1 ,-1 ,-4 ,-3 ,2 ,-4 | 0

R1 --> R1 - 0.429*R3

-3 ,0 ,0 ,0.714 ,-0.143 ,0.571 ,0.714 ,1.714 | 0
0 ,-2 ,-1 ,-1 ,-1 ,-1 ,0 ,-3 | 0
0 ,0 ,3.5 ,4.167 ,-0.833 ,-0.167 ,0.667 ,-0.5 | 0
0 ,0 ,1 ,2.667 ,3.667 ,3.333 ,0.667 ,5 | 0
0 ,0 ,-2 ,-2 ,1 ,-2 ,-2 ,1 | 0
0 ,0 ,3 ,1.667 ,-3.333 ,2.333 ,2.667 ,0 | 0
0 ,0 ,4.5 ,0.5 ,-3.5 ,3.5 ,0 ,-1.5 | 0
0 ,0 ,-1 ,-1 ,-4 ,-3 ,2 ,-4 | 0

R2 --> R2 + 0.286*R3

-3 ,0 ,0 ,0.714 ,-0.143 ,0.571 ,0.714 ,1.714 | 0
0 ,-2 ,0 ,0.19 ,-1.238 ,-1.048 ,0.19 ,-3.143 | 0
0 ,0 ,3.5 ,4.167 ,-0.833 ,-0.167 ,0.667 ,-0.5 | 0
0 ,0 ,1 ,2.667 ,3.667 ,3.333 ,0.667 ,5 | 0
0 ,0 ,-2 ,-2 ,1 ,-2 ,-2 ,1 | 0
0 ,0 ,3 ,1.667 ,-3.333 ,2.333 ,2.667 ,0 | 0
0 ,0 ,4.5 ,0.5 ,-3.5 ,3.5 ,0 ,-1.5 | 0
0 ,0 ,-1 ,-1 ,-4 ,-3 ,2 ,-4 | 0

R4 --> R4 - 0.286*R3

-3 ,0 ,0 ,0.714 ,-0.143 ,0.571 ,0.714 ,1.714 | 0
0 ,-2 ,0 ,0.19 ,-1.238 ,-1.048 ,0.19 ,-3.143 | 0
0 ,0 ,3.5 ,4.167 ,-0.833 ,-0.167 ,0.667 ,-0.5 | 0
0 ,0 ,0 ,1.476 ,3.905 ,3.381 ,0.476 ,5.143 | 0
0 ,0 ,-2 ,-2 ,1 ,-2 ,-2 ,1 | 0
0 ,0 ,3 ,1.667 ,-3.333 ,2.333 ,2.667 ,0 | 0
0 ,0 ,4.5 ,0.5 ,-3.5 ,3.5 ,0 ,-1.5 | 0
0 ,0 ,-1 ,-1 ,-4 ,-3 ,2 ,-4 | 0

R5 --> R5 + 0.571*R3

-3 ,0 ,0 ,0.714 ,-0.143 ,0.571 ,0.714 ,1.714 | 0
0 ,-2 ,0 ,0.19 ,-1.238 ,-1.048 ,0.19 ,-3.143 | 0
0 ,0 ,3.5 ,4.167 ,-0.833 ,-0.167 ,0.667 ,-0.5 | 0
0 ,0 ,0 ,1.476 ,3.905 ,3.381 ,0.476 ,5.143 | 0
0 ,0 ,0 ,0.381 ,0.524 ,-2.095 ,-1.619 ,0.714 | 0
0 ,0 ,3 ,1.667 ,-3.333 ,2.333 ,2.667 ,0 | 0
0 ,0 ,4.5 ,0.5 ,-3.5 ,3.5 ,0 ,-1.5 | 0
0 ,0 ,-1 ,-1 ,-4 ,-3 ,2 ,-4 | 0

R6 --> R6 - 0.857*R3

-3 ,0 ,0 ,0.714 ,-0.143 ,0.571 ,0.714 ,1.714 | 0
0 ,-2 ,0 ,0.19 ,-1.238 ,-1.048 ,0.19 ,-3.143 | 0
0 ,0 ,3.5 ,4.167 ,-0.833 ,-0.167 ,0.667 ,-0.5 | 0
0 ,0 ,0 ,1.476 ,3.905 ,3.381 ,0.476 ,5.143 | 0
0 ,0 ,0 ,0.381 ,0.524 ,-2.095 ,-1.619 ,0.714 | 0
0 ,0 ,0 ,-1.905 ,-2.619 ,2.476 ,2.095 ,0.429 | 0
0 ,0 ,4.5 ,0.5 ,-3.5 ,3.5 ,0 ,-1.5 | 0
0 ,0 ,-1 ,-1 ,-4 ,-3 ,2 ,-4 | 0

R7 --> R7 - 1.286*R3

-3 ,0 ,0 ,0.714 ,-0.143 ,0.571 ,0.714 ,1.714 | 0
0 ,-2 ,0 ,0.19 ,-1.238 ,-1.048 ,0.19 ,-3.143 | 0
0 ,0 ,3.5 ,4.167 ,-0.833 ,-0.167 ,0.667 ,-0.5 | 0
0 ,0 ,0 ,1.476 ,3.905 ,3.381 ,0.476 ,5.143 | 0
0 ,0 ,0 ,0.381 ,0.524 ,-2.095 ,-1.619 ,0.714 | 0
0 ,0 ,0 ,-1.905 ,-2.619 ,2.476 ,2.095 ,0.429 | 0
0 ,0 ,0 ,-4.857 ,-2.429 ,3.714 ,-0.857 ,-0.857 | 0
0 ,0 ,-1 ,-1 ,-4 ,-3 ,2 ,-4 | 0

R8 --> R8 + 0.286*R3

-3 ,0 ,0 ,0.714 ,-0.143 ,0.571 ,0.714 ,1.714 | 0
0 ,-2 ,0 ,0.19 ,-1.238 ,-1.048 ,0.19 ,-3.143 | 0
0 ,0 ,3.5 ,4.167 ,-0.833 ,-0.167 ,0.667 ,-0.5 | 0
0 ,0 ,0 ,1.476 ,3.905 ,3.381 ,0.476 ,5.143 | 0
0 ,0 ,0 ,0.381 ,0.524 ,-2.095 ,-1.619 ,0.714 | 0
0 ,0 ,0 ,-1.905 ,-2.619 ,2.476 ,2.095 ,0.429 | 0
0 ,0 ,0 ,-4.857 ,-2.429 ,3.714 ,-0.857 ,-0.857 | 0
0 ,0 ,0 ,0.19 ,-4.238 ,-3.048 ,2.19 ,-4.143 | 0

R1 --> R1 - 0.484*R4

-3 ,0 ,0 ,0 ,-2.032 ,-1.065 ,0.484 ,-0.774 | 0
0 ,-2 ,0 ,0.19 ,-1.238 ,-1.048 ,0.19 ,-3.143 | 0
0 ,0 ,3.5 ,4.167 ,-0.833 ,-0.167 ,0.667 ,-0.5 | 0
0 ,0 ,0 ,1.476 ,3.905 ,3.381 ,0.476 ,5.143 | 0
0 ,0 ,0 ,0.381 ,0.524 ,-2.095 ,-1.619 ,0.714 | 0
0 ,0 ,0 ,-1.905 ,-2.619 ,2.476 ,2.095 ,0.429 | 0
0 ,0 ,0 ,-4.857 ,-2.429 ,3.714 ,-0.857 ,-0.857 | 0
0 ,0 ,0 ,0.19 ,-4.238 ,-3.048 ,2.19 ,-4.143 | 0

R2 --> R2 - 0.129*R4

-3 ,0 ,0 ,0 ,-2.032 ,-1.065 ,0.484 ,-0.774 | 0
0 ,-2 ,0 ,0 ,-1.742 ,-1.484 ,0.129 ,-3.806 | 0
0 ,0 ,3.5 ,4.167 ,-0.833 ,-0.167 ,0.667 ,-0.5 | 0
0 ,0 ,0 ,1.476 ,3.905 ,3.381 ,0.476 ,5.143 | 0
0 ,0 ,0 ,0.381 ,0.524 ,-2.095 ,-1.619 ,0.714 | 0
0 ,0 ,0 ,-1.905 ,-2.619 ,2.476 ,2.095 ,0.429 | 0
0 ,0 ,0 ,-4.857 ,-2.429 ,3.714 ,-0.857 ,-0.857 | 0
0 ,0 ,0 ,0.19 ,-4.238 ,-3.048 ,2.19 ,-4.143 | 0

R3 --> R3 - 2.823*R4

-3 ,0 ,0 ,0 ,-2.032 ,-1.065 ,0.484 ,-0.774 | 0
0 ,-2 ,0 ,0 ,-1.742 ,-1.484 ,0.129 ,-3.806 | 0
0 ,0 ,3.5 ,0 ,-11.855 ,-9.71 ,-0.677 ,-15.016 | 0
0 ,0 ,0 ,1.476 ,3.905 ,3.381 ,0.476 ,5.143 | 0
0 ,0 ,0 ,0.381 ,0.524 ,-2.095 ,-1.619 ,0.714 | 0
0 ,0 ,0 ,-1.905 ,-2.619 ,2.476 ,2.095 ,0.429 | 0
0 ,0 ,0 ,-4.857 ,-2.429 ,3.714 ,-0.857 ,-0.857 | 0
0 ,0 ,0 ,0.19 ,-4.238 ,-3.048 ,2.19 ,-4.143 | 0

R5 --> R5 - 0.258*R4

-3 ,0 ,0 ,0 ,-2.032 ,-1.065 ,0.484 ,-0.774 | 0
0 ,-2 ,0 ,0 ,-1.742 ,-1.484 ,0.129 ,-3.806 | 0
0 ,0 ,3.5 ,0 ,-11.855 ,-9.71 ,-0.677 ,-15.016 | 0
0 ,0 ,0 ,1.476 ,3.905 ,3.381 ,0.476 ,5.143 | 0
0 ,0 ,0 ,0 ,-0.484 ,-2.968 ,-1.742 ,-0.613 | 0
0 ,0 ,0 ,-1.905 ,-2.619 ,2.476 ,2.095 ,0.429 | 0
0 ,0 ,0 ,-4.857 ,-2.429 ,3.714 ,-0.857 ,-0.857 | 0
0 ,0 ,0 ,0.19 ,-4.238 ,-3.048 ,2.19 ,-4.143 | 0

R6 --> R6 + 1.29*R4

-3 ,0 ,0 ,0 ,-2.032 ,-1.065 ,0.484 ,-0.774 | 0
0 ,-2 ,0 ,0 ,-1.742 ,-1.484 ,0.129 ,-3.806 | 0
0 ,0 ,3.5 ,0 ,-11.855 ,-9.71 ,-0.677 ,-15.016 | 0
0 ,0 ,0 ,1.476 ,3.905 ,3.381 ,0.476 ,5.143 | 0
0 ,0 ,0 ,0 ,-0.484 ,-2.968 ,-1.742 ,-0.613 | 0
0 ,0 ,0 ,0 ,2.419 ,6.839 ,2.71 ,7.065 | 0
0 ,0 ,0 ,-4.857 ,-2.429 ,3.714 ,-0.857 ,-0.857 | 0
0 ,0 ,0 ,0.19 ,-4.238 ,-3.048 ,2.19 ,-4.143 | 0

R7 --> R7 + 3.29*R4

-3 ,0 ,0 ,0 ,-2.032 ,-1.065 ,0.484 ,-0.774 | 0
0 ,-2 ,0 ,0 ,-1.742 ,-1.484 ,0.129 ,-3.806 | 0
0 ,0 ,3.5 ,0 ,-11.855 ,-9.71 ,-0.677 ,-15.016 | 0
0 ,0 ,0 ,1.476 ,3.905 ,3.381 ,0.476 ,5.143 | 0
0 ,0 ,0 ,0 ,-0.484 ,-2.968 ,-1.742 ,-0.613 | 0
0 ,0 ,0 ,0 ,2.419 ,6.839 ,2.71 ,7.065 | 0
0 ,0 ,0 ,0 ,10.419 ,14.839 ,0.71 ,16.065 | 0
0 ,0 ,0 ,0.19 ,-4.238 ,-3.048 ,2.19 ,-4.143 | 0

R8 --> R8 - 0.129*R4

-3 ,0 ,0 ,0 ,-2.032 ,-1.065 ,0.484 ,-0.774 | 0
0 ,-2 ,0 ,0 ,-1.742 ,-1.484 ,0.129 ,-3.806 | 0
0 ,0 ,3.5 ,0 ,-11.855 ,-9.71 ,-0.677 ,-15.016 | 0
0 ,0 ,0 ,1.476 ,3.905 ,3.381 ,0.476 ,5.143 | 0
0 ,0 ,0 ,0 ,-0.484 ,-2.968 ,-1.742 ,-0.613 | 0
0 ,0 ,0 ,0 ,2.419 ,6.839 ,2.71 ,7.065 | 0
0 ,0 ,0 ,0 ,10.419 ,14.839 ,0.71 ,16.065 | 0
0 ,0 ,0 ,0 ,-4.742 ,-3.484 ,2.129 ,-4.806 | 0

R1 --> R1 - 4.2*R5

-3 ,0 ,0 ,0 ,0 ,11.4 ,7.8 ,1.8 | 0
0 ,-2 ,0 ,0 ,-1.742 ,-1.484 ,0.129 ,-3.806 | 0
0 ,0 ,3.5 ,0 ,-11.855 ,-9.71 ,-0.677 ,-15.016 | 0
0 ,0 ,0 ,1.476 ,3.905 ,3.381 ,0.476 ,5.143 | 0
0 ,0 ,0 ,0 ,-0.484 ,-2.968 ,-1.742 ,-0.613 | 0
0 ,0 ,0 ,0 ,2.419 ,6.839 ,2.71 ,7.065 | 0
0 ,0 ,0 ,0 ,10.419 ,14.839 ,0.71 ,16.065 | 0
0 ,0 ,0 ,0 ,-4.742 ,-3.484 ,2.129 ,-4.806 | 0

R2 --> R2 - 3.6*R5

-3 ,0 ,0 ,0 ,0 ,11.4 ,7.8 ,1.8 | 0
0 ,-2 ,0 ,0 ,0 ,9.2 ,6.4 ,-1.6 | 0
0 ,0 ,3.5 ,0 ,-11.855 ,-9.71 ,-0.677 ,-15.016 | 0
0 ,0 ,0 ,1.476 ,3.905 ,3.381 ,0.476 ,5.143 | 0
0 ,0 ,0 ,0 ,-0.484 ,-2.968 ,-1.742 ,-0.613 | 0
0 ,0 ,0 ,0 ,2.419 ,6.839 ,2.71 ,7.065 | 0
0 ,0 ,0 ,0 ,10.419 ,14.839 ,0.71 ,16.065 | 0
0 ,0 ,0 ,0 ,-4.742 ,-3.484 ,2.129 ,-4.806 | 0

R3 --> R3 - 24.5*R5

-3 ,0 ,0 ,0 ,0 ,11.4 ,7.8 ,1.8 | 0
0 ,-2 ,0 ,0 ,0 ,9.2 ,6.4 ,-1.6 | 0
0 ,0 ,3.5 ,0 ,0 ,63 ,42 ,0 | 0
0 ,0 ,0 ,1.476 ,3.905 ,3.381 ,0.476 ,5.143 | 0
0 ,0 ,0 ,0 ,-0.484 ,-2.968 ,-1.742 ,-0.613 | 0
0 ,0 ,0 ,0 ,2.419 ,6.839 ,2.71 ,7.065 | 0
0 ,0 ,0 ,0 ,10.419 ,14.839 ,0.71 ,16.065 | 0
0 ,0 ,0 ,0 ,-4.742 ,-3.484 ,2.129 ,-4.806 | 0

R4 --> R4 + 8.07*R5

-3 ,0 ,0 ,0 ,0 ,11.4 ,7.8 ,1.8 | 0
0 ,-2 ,0 ,0 ,0 ,9.2 ,6.4 ,-1.6 | 0
0 ,0 ,3.5 ,0 ,0 ,63 ,42 ,0 | 0
0 ,0 ,0 ,1.476 ,0 ,-20.568 ,-13.581 ,0.197 | 0
0 ,0 ,0 ,0 ,-0.484 ,-2.968 ,-1.742 ,-0.613 | 0
0 ,0 ,0 ,0 ,2.419 ,6.839 ,2.71 ,7.065 | 0
0 ,0 ,0 ,0 ,10.419 ,14.839 ,0.71 ,16.065 | 0
0 ,0 ,0 ,0 ,-4.742 ,-3.484 ,2.129 ,-4.806 | 0

R6 --> R6 + 5*R5

-3 ,0 ,0 ,0 ,0 ,11.4 ,7.8 ,1.8 | 0
0 ,-2 ,0 ,0 ,0 ,9.2 ,6.4 ,-1.6 | 0
0 ,0 ,3.5 ,0 ,0 ,63 ,42 ,0 | 0
0 ,0 ,0 ,1.476 ,0 ,-20.568 ,-13.581 ,0.197 | 0
0 ,0 ,0 ,0 ,-0.484 ,-2.968 ,-1.742 ,-0.613 | 0
0 ,0 ,0 ,0 ,0 ,-8 ,-6 ,4 | 0
0 ,0 ,0 ,0 ,10.419 ,14.839 ,0.71 ,16.065 | 0
0 ,0 ,0 ,0 ,-4.742 ,-3.484 ,2.129 ,-4.806 | 0

R7 --> R7 + 21.533*R5

-3 ,0 ,0 ,0 ,0 ,11.4 ,7.8 ,1.8 | 0
0 ,-2 ,0 ,0 ,0 ,9.2 ,6.4 ,-1.6 | 0
0 ,0 ,3.5 ,0 ,0 ,63 ,42 ,0 | 0
0 ,0 ,0 ,1.476 ,0 ,-20.568 ,-13.581 ,0.197 | 0
0 ,0 ,0 ,0 ,-0.484 ,-2.968 ,-1.742 ,-0.613 | 0
0 ,0 ,0 ,0 ,0 ,-8 ,-6 ,4 | 0
0 ,0 ,0 ,0 ,0 ,-49.067 ,-36.8 ,2.867 | 0
0 ,0 ,0 ,0 ,-4.742 ,-3.484 ,2.129 ,-4.806 | 0

R8 --> R8 - 9.8*R5

-3 ,0 ,0 ,0 ,0 ,11.4 ,7.8 ,1.8 | 0
0 ,-2 ,0 ,0 ,0 ,9.2 ,6.4 ,-1.6 | 0
0 ,0 ,3.5 ,0 ,0 ,63 ,42 ,0 | 0
0 ,0 ,0 ,1.476 ,0 ,-20.568 ,-13.581 ,0.197 | 0
0 ,0 ,0 ,0 ,-0.484 ,-2.968 ,-1.742 ,-0.613 | 0
0 ,0 ,0 ,0 ,0 ,-8 ,-6 ,4 | 0
0 ,0 ,0 ,0 ,0 ,-49.067 ,-36.8 ,2.867 | 0
0 ,0 ,0 ,0 ,0 ,25.6 ,19.2 ,1.2 | 0

R1 --> R1 + 1.425*R6

-3 ,0 ,0 ,0 ,0 ,0 ,-0.75 ,7.5 | 0
0 ,-2 ,0 ,0 ,0 ,9.2 ,6.4 ,-1.6 | 0
0 ,0 ,3.5 ,0 ,0 ,63 ,42 ,0 | 0
0 ,0 ,0 ,1.476 ,0 ,-20.568 ,-13.581 ,0.197 | 0
0 ,0 ,0 ,0 ,-0.484 ,-2.968 ,-1.742 ,-0.613 | 0
0 ,0 ,0 ,0 ,0 ,-8 ,-6 ,4 | 0
0 ,0 ,0 ,0 ,0 ,-49.067 ,-36.8 ,2.867 | 0
0 ,0 ,0 ,0 ,0 ,25.6 ,19.2 ,1.2 | 0

R2 --> R2 + 1.15*R6

-3 ,0 ,0 ,0 ,0 ,0 ,-0.75 ,7.5 | 0
0 ,-2 ,0 ,0 ,0 ,0 ,-0.5 ,3 | 0
0 ,0 ,3.5 ,0 ,0 ,63 ,42 ,0 | 0
0 ,0 ,0 ,1.476 ,0 ,-20.568 ,-13.581 ,0.197 | 0
0 ,0 ,0 ,0 ,-0.484 ,-2.968 ,-1.742 ,-0.613 | 0
0 ,0 ,0 ,0 ,0 ,-8 ,-6 ,4 | 0
0 ,0 ,0 ,0 ,0 ,-49.067 ,-36.8 ,2.867 | 0
0 ,0 ,0 ,0 ,0 ,25.6 ,19.2 ,1.2 | 0

R3 --> R3 + 7.875*R6

-3 ,0 ,0 ,0 ,0 ,0 ,-0.75 ,7.5 | 0
0 ,-2 ,0 ,0 ,0 ,0 ,-0.5 ,3 | 0
0 ,0 ,3.5 ,0 ,0 ,0 ,-5.25 ,31.5 | 0
0 ,0 ,0 ,1.476 ,0 ,-20.568 ,-13.581 ,0.197 | 0
0 ,0 ,0 ,0 ,-0.484 ,-2.968 ,-1.742 ,-0.613 | 0
0 ,0 ,0 ,0 ,0 ,-8 ,-6 ,4 | 0
0 ,0 ,0 ,0 ,0 ,-49.067 ,-36.8 ,2.867 | 0
0 ,0 ,0 ,0 ,0 ,25.6 ,19.2 ,1.2 | 0

R4 --> R4 - 2.571*R6

-3 ,0 ,0 ,0 ,0 ,0 ,-0.75 ,7.5 | 0
0 ,-2 ,0 ,0 ,0 ,0 ,-0.5 ,3 | 0
0 ,0 ,3.5 ,0 ,0 ,0 ,-5.25 ,31.5 | 0
0 ,0 ,0 ,1.476 ,0 ,0 ,1.845 ,-10.087 | 0
0 ,0 ,0 ,0 ,-0.484 ,-2.968 ,-1.742 ,-0.613 | 0
0 ,0 ,0 ,0 ,0 ,-8 ,-6 ,4 | 0
0 ,0 ,0 ,0 ,0 ,-49.067 ,-36.8 ,2.867 | 0
0 ,0 ,0 ,0 ,0 ,25.6 ,19.2 ,1.2 | 0

R5 --> R5 - 0.371*R6

-3 ,0 ,0 ,0 ,0 ,0 ,-0.75 ,7.5 | 0
0 ,-2 ,0 ,0 ,0 ,0 ,-0.5 ,3 | 0
0 ,0 ,3.5 ,0 ,0 ,0 ,-5.25 ,31.5 | 0
0 ,0 ,0 ,1.476 ,0 ,0 ,1.845 ,-10.087 | 0
0 ,0 ,0 ,0 ,-0.484 ,0 ,0.484 ,-2.097 | 0
0 ,0 ,0 ,0 ,0 ,-8 ,-6 ,4 | 0
0 ,0 ,0 ,0 ,0 ,-49.067 ,-36.8 ,2.867 | 0
0 ,0 ,0 ,0 ,0 ,25.6 ,19.2 ,1.2 | 0

R7 --> R7 - 6.133*R6

-3 ,0 ,0 ,0 ,0 ,0 ,-0.75 ,7.5 | 0
0 ,-2 ,0 ,0 ,0 ,0 ,-0.5 ,3 | 0
0 ,0 ,3.5 ,0 ,0 ,0 ,-5.25 ,31.5 | 0
0 ,0 ,0 ,1.476 ,0 ,0 ,1.845 ,-10.087 | 0
0 ,0 ,0 ,0 ,-0.484 ,0 ,0.484 ,-2.097 | 0
0 ,0 ,0 ,0 ,0 ,-8 ,-6 ,4 | 0
0 ,0 ,0 ,0 ,0 ,0 ,0 ,-21.667 | 0
0 ,0 ,0 ,0 ,0 ,25.6 ,19.2 ,1.2 | 0

R7 --> -0.046*R7

-3 ,0 ,0 ,0 ,0 ,0 ,-0.75 ,7.5 | 0
0 ,-2 ,0 ,0 ,0 ,0 ,-0.5 ,3 | 0
0 ,0 ,3.5 ,0 ,0 ,0 ,-5.25 ,31.5 | 0
0 ,0 ,0 ,1.476 ,0 ,0 ,1.845 ,-10.087 | 0
0 ,0 ,0 ,0 ,-0.484 ,0 ,0.484 ,-2.097 | 0
0 ,0 ,0 ,0 ,0 ,-8 ,-6 ,4 | 0
0 ,0 ,0 ,0 ,0 ,0 ,0 ,1 | 0
0 ,0 ,0 ,0 ,0 ,25.6 ,19.2 ,1.2 | 0

R8 --> R8 + 3.2*R6

-3 ,0 ,0 ,0 ,0 ,0 ,-0.75 ,7.5 | 0
0 ,-2 ,0 ,0 ,0 ,0 ,-0.5 ,3 | 0
0 ,0 ,3.5 ,0 ,0 ,0 ,-5.25 ,31.5 | 0
0 ,0 ,0 ,1.476 ,0 ,0 ,1.845 ,-10.087 | 0
0 ,0 ,0 ,0 ,-0.484 ,0 ,0.484 ,-2.097 | 0
0 ,0 ,0 ,0 ,0 ,-8 ,-6 ,4 | 0
0 ,0 ,0 ,0 ,0 ,0 ,0 ,1 | 0
0 ,0 ,0 ,0 ,0 ,0 ,0 ,14 | 0

R7 <--> R8

-3 ,0 ,0 ,0 ,0 ,0 ,-0.75 ,7.5 | 0
0 ,-2 ,0 ,0 ,0 ,0 ,-0.5 ,3 | 0
0 ,0 ,3.5 ,0 ,0 ,0 ,-5.25 ,31.5 | 0
0 ,0 ,0 ,1.476 ,0 ,0 ,1.845 ,-10.087 | 0
0 ,0 ,0 ,0 ,-0.484 ,0 ,0.484 ,-2.097 | 0
0 ,0 ,0 ,0 ,0 ,-8 ,-6 ,4 | 0
0 ,0 ,0 ,0 ,0 ,0 ,0 ,14 | 0
0 ,0 ,0 ,0 ,0 ,0 ,0 ,1 | 0

R7 --> 0.071*R7

-3 ,0 ,0 ,0 ,0 ,0 ,-0.75 ,7.5 | 0
0 ,-2 ,0 ,0 ,0 ,0 ,-0.5 ,3 | 0
0 ,0 ,3.5 ,0 ,0 ,0 ,-5.25 ,31.5 | 0
0 ,0 ,0 ,1.476 ,0 ,0 ,1.845 ,-10.087 | 0
0 ,0 ,0 ,0 ,-0.484 ,0 ,0.484 ,-2.097 | 0
0 ,0 ,0 ,0 ,0 ,-8 ,-6 ,4 | 0
0 ,0 ,0 ,0 ,0 ,0 ,0 ,1 | 0
0 ,0 ,0 ,0 ,0 ,0 ,0 ,1 | 0

R1 --> R1 - 7.5*R8

-3 ,0 ,0 ,0 ,0 ,0 ,-0.75 ,0 | 0
0 ,-2 ,0 ,0 ,0 ,0 ,-0.5 ,3 | 0
0 ,0 ,3.5 ,0 ,0 ,0 ,-5.25 ,31.5 | 0
0 ,0 ,0 ,1.476 ,0 ,0 ,1.845 ,-10.087 | 0
0 ,0 ,0 ,0 ,-0.484 ,0 ,0.484 ,-2.097 | 0
0 ,0 ,0 ,0 ,0 ,-8 ,-6 ,4 | 0
0 ,0 ,0 ,0 ,0 ,0 ,0 ,1 | 0
0 ,0 ,0 ,0 ,0 ,0 ,0 ,1 | 0

R2 --> R2 - 3*R8

-3 ,0 ,0 ,0 ,0 ,0 ,-0.75 ,0 | 0
0 ,-2 ,0 ,0 ,0 ,0 ,-0.5 ,0 | 0
0 ,0 ,3.5 ,0 ,0 ,0 ,-5.25 ,31.5 | 0
0 ,0 ,0 ,1.476 ,0 ,0 ,1.845 ,-10.087 | 0
0 ,0 ,0 ,0 ,-0.484 ,0 ,0.484 ,-2.097 | 0
0 ,0 ,0 ,0 ,0 ,-8 ,-6 ,4 | 0
0 ,0 ,0 ,0 ,0 ,0 ,0 ,1 | 0
0 ,0 ,0 ,0 ,0 ,0 ,0 ,1 | 0

R3 --> R3 - 31.5*R8

-3 ,0 ,0 ,0 ,0 ,0 ,-0.75 ,0 | 0
0 ,-2 ,0 ,0 ,0 ,0 ,-0.5 ,0 | 0
0 ,0 ,3.5 ,0 ,0 ,0 ,-5.25 ,0 | 0
0 ,0 ,0 ,1.476 ,0 ,0 ,1.845 ,-10.087 | 0
0 ,0 ,0 ,0 ,-0.484 ,0 ,0.484 ,-2.097 | 0
0 ,0 ,0 ,0 ,0 ,-8 ,-6 ,4 | 0
0 ,0 ,0 ,0 ,0 ,0 ,0 ,1 | 0
0 ,0 ,0 ,0 ,0 ,0 ,0 ,1 | 0

R4 --> R4 + 10.087*R8

-3 ,0 ,0 ,0 ,0 ,0 ,-0.75 ,0 | 0
0 ,-2 ,0 ,0 ,0 ,0 ,-0.5 ,0 | 0
0 ,0 ,3.5 ,0 ,0 ,0 ,-5.25 ,0 | 0
0 ,0 ,0 ,1.476 ,0 ,0 ,1.845 ,0 | 0
0 ,0 ,0 ,0 ,-0.484 ,0 ,0.484 ,-2.097 | 0
0 ,0 ,0 ,0 ,0 ,-8 ,-6 ,4 | 0
0 ,0 ,0 ,0 ,0 ,0 ,0 ,1 | 0
0 ,0 ,0 ,0 ,0 ,0 ,0 ,1 | 0

R5 --> R5 + 2.097*R8

-3 ,0 ,0 ,0 ,0 ,0 ,-0.75 ,0 | 0
0 ,-2 ,0 ,0 ,0 ,0 ,-0.5 ,0 | 0
0 ,0 ,3.5 ,0 ,0 ,0 ,-5.25 ,0 | 0
0 ,0 ,0 ,1.476 ,0 ,0 ,1.845 ,0 | 0
0 ,0 ,0 ,0 ,-0.484 ,0 ,0.484 ,0 | 0
0 ,0 ,0 ,0 ,0 ,-8 ,-6 ,4 | 0
0 ,0 ,0 ,0 ,0 ,0 ,0 ,1 | 0
0 ,0 ,0 ,0 ,0 ,0 ,0 ,1 | 0

R6 --> R6 - 4*R8

-3 ,0 ,0 ,0 ,0 ,0 ,-0.75 ,0 | 0
0 ,-2 ,0 ,0 ,0 ,0 ,-0.5 ,0 | 0
0 ,0 ,3.5 ,0 ,0 ,0 ,-5.25 ,0 | 0
0 ,0 ,0 ,1.476 ,0 ,0 ,1.845 ,0 | 0
0 ,0 ,0 ,0 ,-0.484 ,0 ,0.484 ,0 | 0
0 ,0 ,0 ,0 ,0 ,-8 ,-6 ,0 | 0
0 ,0 ,0 ,0 ,0 ,0 ,0 ,1 | 0
0 ,0 ,0 ,0 ,0 ,0 ,0 ,1 | 0

R7 --> R7 - R8

-3 ,0 ,0 ,0 ,0 ,0 ,-0.75 ,0 | 0
0 ,-2 ,0 ,0 ,0 ,0 ,-0.5 ,0 | 0
0 ,0 ,3.5 ,0 ,0 ,0 ,-5.25 ,0 | 0
0 ,0 ,0 ,1.476 ,0 ,0 ,1.845 ,0 | 0
0 ,0 ,0 ,0 ,-0.484 ,0 ,0.484 ,0 | 0
0 ,0 ,0 ,0 ,0 ,-8 ,-6 ,0 | 0
0 ,0 ,0 ,0 ,0 ,0 ,0 ,0 | 0
0 ,0 ,0 ,0 ,0 ,0 ,0 ,1 | 0

define a new column in the vector b when x7 is a free variable in R8 space:
-3 ,0 ,0 ,0 ,0 ,0 ,-0.75 ,0 | 0 ,0
0 ,-2 ,0 ,0 ,0 ,0 ,-0.5 ,0 | 0 ,0
0 ,0 ,3.5 ,0 ,0 ,0 ,-5.25 ,0 | 0 ,0
0 ,0 ,0 ,1.476 ,0 ,0 ,1.845 ,0 | 0 ,0
0 ,0 ,0 ,0 ,-0.484 ,0 ,0.484 ,0 | 0 ,0
0 ,0 ,0 ,0 ,0 ,-8 ,-6 ,0 | 0 ,0
0 ,0 ,0 ,0 ,0 ,0 ,1 ,0 | 0 ,1
0 ,0 ,0 ,0 ,0 ,0 ,0 ,1 | 0 ,0

R1 --> R1 + 0.75*R7

-3 ,0 ,0 ,0 ,0 ,0 ,0 ,0 | 0 ,0.75
0 ,-2 ,0 ,0 ,0 ,0 ,-0.5 ,0 | 0 ,0
0 ,0 ,3.5 ,0 ,0 ,0 ,-5.25 ,0 | 0 ,0
0 ,0 ,0 ,1.476 ,0 ,0 ,1.845 ,0 | 0 ,0
0 ,0 ,0 ,0 ,-0.484 ,0 ,0.484 ,0 | 0 ,0
0 ,0 ,0 ,0 ,0 ,-8 ,-6 ,0 | 0 ,0
0 ,0 ,0 ,0 ,0 ,0 ,1 ,0 | 0 ,1
0 ,0 ,0 ,0 ,0 ,0 ,0 ,1 | 0 ,0

R1 --> -0.333*R1

1 ,0 ,0 ,0 ,0 ,0 ,0 ,0 | 0 ,-0.25
0 ,-2 ,0 ,0 ,0 ,0 ,-0.5 ,0 | 0 ,0
0 ,0 ,3.5 ,0 ,0 ,0 ,-5.25 ,0 | 0 ,0
0 ,0 ,0 ,1.476 ,0 ,0 ,1.845 ,0 | 0 ,0
0 ,0 ,0 ,0 ,-0.484 ,0 ,0.484 ,0 | 0 ,0
0 ,0 ,0 ,0 ,0 ,-8 ,-6 ,0 | 0 ,0
0 ,0 ,0 ,0 ,0 ,0 ,1 ,0 | 0 ,1
0 ,0 ,0 ,0 ,0 ,0 ,0 ,1 | 0 ,0

R2 --> R2 + 0.5*R7

1 ,0 ,0 ,0 ,0 ,0 ,0 ,0 | 0 ,-0.25
0 ,-2 ,0 ,0 ,0 ,0 ,0 ,0 | 0 ,0.5
0 ,0 ,3.5 ,0 ,0 ,0 ,-5.25 ,0 | 0 ,0
0 ,0 ,0 ,1.476 ,0 ,0 ,1.845 ,0 | 0 ,0
0 ,0 ,0 ,0 ,-0.484 ,0 ,0.484 ,0 | 0 ,0
0 ,0 ,0 ,0 ,0 ,-8 ,-6 ,0 | 0 ,0
0 ,0 ,0 ,0 ,0 ,0 ,1 ,0 | 0 ,1
0 ,0 ,0 ,0 ,0 ,0 ,0 ,1 | 0 ,0

R2 --> -0.5*R2

1 ,0 ,0 ,0 ,0 ,0 ,0 ,0 | 0 ,-0.25
0 ,1 ,0 ,0 ,0 ,0 ,0 ,0 | 0 ,-0.25
0 ,0 ,3.5 ,0 ,0 ,0 ,-5.25 ,0 | 0 ,0
0 ,0 ,0 ,1.476 ,0 ,0 ,1.845 ,0 | 0 ,0
0 ,0 ,0 ,0 ,-0.484 ,0 ,0.484 ,0 | 0 ,0
0 ,0 ,0 ,0 ,0 ,-8 ,-6 ,0 | 0 ,0
0 ,0 ,0 ,0 ,0 ,0 ,1 ,0 | 0 ,1
0 ,0 ,0 ,0 ,0 ,0 ,0 ,1 | 0 ,0

R3 --> R3 + 5.25*R7

1 ,0 ,0 ,0 ,0 ,0 ,0 ,0 | 0 ,-0.25
0 ,1 ,0 ,0 ,0 ,0 ,0 ,0 | 0 ,-0.25
0 ,0 ,3.5 ,0 ,0 ,0 ,0 ,0 | 0 ,5.25
0 ,0 ,0 ,1.476 ,0 ,0 ,1.845 ,0 | 0 ,0
0 ,0 ,0 ,0 ,-0.484 ,0 ,0.484 ,0 | 0 ,0
0 ,0 ,0 ,0 ,0 ,-8 ,-6 ,0 | 0 ,0
0 ,0 ,0 ,0 ,0 ,0 ,1 ,0 | 0 ,1
0 ,0 ,0 ,0 ,0 ,0 ,0 ,1 | 0 ,0

R3 --> 0.286*R3

1 ,0 ,0 ,0 ,0 ,0 ,0 ,0 | 0 ,-0.25
0 ,1 ,0 ,0 ,0 ,0 ,0 ,0 | 0 ,-0.25
0 ,0 ,1 ,0 ,0 ,0 ,0 ,0 | 0 ,1.5
0 ,0 ,0 ,1.476 ,0 ,0 ,1.845 ,0 | 0 ,0
0 ,0 ,0 ,0 ,-0.484 ,0 ,0.484 ,0 | 0 ,0
0 ,0 ,0 ,0 ,0 ,-8 ,-6 ,0 | 0 ,0
0 ,0 ,0 ,0 ,0 ,0 ,1 ,0 | 0 ,1
0 ,0 ,0 ,0 ,0 ,0 ,0 ,1 | 0 ,0

R4 --> R4 - 1.845*R7

1 ,0 ,0 ,0 ,0 ,0 ,0 ,0 | 0 ,-0.25
0 ,1 ,0 ,0 ,0 ,0 ,0 ,0 | 0 ,-0.25
0 ,0 ,1 ,0 ,0 ,0 ,0 ,0 | 0 ,1.5
0 ,0 ,0 ,1.476 ,0 ,0 ,0 ,0 | 0 ,-1.845
0 ,0 ,0 ,0 ,-0.484 ,0 ,0.484 ,0 | 0 ,0
0 ,0 ,0 ,0 ,0 ,-8 ,-6 ,0 | 0 ,0
0 ,0 ,0 ,0 ,0 ,0 ,1 ,0 | 0 ,1
0 ,0 ,0 ,0 ,0 ,0 ,0 ,1 | 0 ,0

R4 --> 0.677*R4

1 ,0 ,0 ,0 ,0 ,0 ,0 ,0 | 0 ,-0.25
0 ,1 ,0 ,0 ,0 ,0 ,0 ,0 | 0 ,-0.25
0 ,0 ,1 ,0 ,0 ,0 ,0 ,0 | 0 ,1.5
0 ,0 ,0 ,1 ,0 ,0 ,0 ,0 | 0 ,-1.25
0 ,0 ,0 ,0 ,-0.484 ,0 ,0.484 ,0 | 0 ,0
0 ,0 ,0 ,0 ,0 ,-8 ,-6 ,0 | 0 ,0
0 ,0 ,0 ,0 ,0 ,0 ,1 ,0 | 0 ,1
0 ,0 ,0 ,0 ,0 ,0 ,0 ,1 | 0 ,0

R5 --> R5 - 0.484*R7

1 ,0 ,0 ,0 ,0 ,0 ,0 ,0 | 0 ,-0.25
0 ,1 ,0 ,0 ,0 ,0 ,0 ,0 | 0 ,-0.25
0 ,0 ,1 ,0 ,0 ,0 ,0 ,0 | 0 ,1.5
0 ,0 ,0 ,1 ,0 ,0 ,0 ,0 | 0 ,-1.25
0 ,0 ,0 ,0 ,-0.484 ,0 ,0 ,0 | 0 ,-0.484
0 ,0 ,0 ,0 ,0 ,-8 ,-6 ,0 | 0 ,0
0 ,0 ,0 ,0 ,0 ,0 ,1 ,0 | 0 ,1
0 ,0 ,0 ,0 ,0 ,0 ,0 ,1 | 0 ,0

R5 --> -2.067*R5

1 ,0 ,0 ,0 ,0 ,0 ,0 ,0 | 0 ,-0.25
0 ,1 ,0 ,0 ,0 ,0 ,0 ,0 | 0 ,-0.25
0 ,0 ,1 ,0 ,0 ,0 ,0 ,0 | 0 ,1.5
0 ,0 ,0 ,1 ,0 ,0 ,0 ,0 | 0 ,-1.25
0 ,0 ,0 ,0 ,1 ,0 ,0 ,0 | 0 ,1
0 ,0 ,0 ,0 ,0 ,-8 ,-6 ,0 | 0 ,0
0 ,0 ,0 ,0 ,0 ,0 ,1 ,0 | 0 ,1
0 ,0 ,0 ,0 ,0 ,0 ,0 ,1 | 0 ,0

R6 --> R6 + 6*R7

1 ,0 ,0 ,0 ,0 ,0 ,0 ,0 | 0 ,-0.25
0 ,1 ,0 ,0 ,0 ,0 ,0 ,0 | 0 ,-0.25
0 ,0 ,1 ,0 ,0 ,0 ,0 ,0 | 0 ,1.5
0 ,0 ,0 ,1 ,0 ,0 ,0 ,0 | 0 ,-1.25
0 ,0 ,0 ,0 ,1 ,0 ,0 ,0 | 0 ,1
0 ,0 ,0 ,0 ,0 ,-8 ,0 ,0 | 0 ,6
0 ,0 ,0 ,0 ,0 ,0 ,1 ,0 | 0 ,1
0 ,0 ,0 ,0 ,0 ,0 ,0 ,1 | 0 ,0

R6 --> -0.125*R6

1 ,0 ,0 ,0 ,0 ,0 ,0 ,0 | 0 ,-0.25
0 ,1 ,0 ,0 ,0 ,0 ,0 ,0 | 0 ,-0.25
0 ,0 ,1 ,0 ,0 ,0 ,0 ,0 | 0 ,1.5
0 ,0 ,0 ,1 ,0 ,0 ,0 ,0 | 0 ,-1.25
0 ,0 ,0 ,0 ,1 ,0 ,0 ,0 | 0 ,1
0 ,0 ,0 ,0 ,0 ,1 ,0 ,0 | 0 ,-0.75
0 ,0 ,0 ,0 ,0 ,0 ,1 ,0 | 0 ,1
0 ,0 ,0 ,0 ,0 ,0 ,0 ,1 | 0 ,0

the solution is an infinite set of vectors in R8 space which are linearly dependents in the vector space:
x = λ*(-0.25 ,-0.25 ,1.5 ,-1.25 ,1 ,-0.75 ,1 ,0) when λ it's a free scalar that belongs to the R set
