decompose the next matrix (4*4 size):
2 ,4 ,-2 ,2
4 ,9 ,-1 ,6
-2 ,-1 ,14 ,13
2 ,6 ,13 ,35

M = 
2 ,4 ,-2 ,2
4 ,9 ,-1 ,6
-2 ,-1 ,14 ,13
2 ,6 ,13 ,35

find L, D and L' by decomposition of M:
transform M matrix to L' by an upper ranking:
R2 --> R2 - 2*R1

2 ,4 ,-2 ,2
0 ,1 ,3 ,2
-2 ,-1 ,14 ,13
2 ,6 ,13 ,35

R3 --> R3 + R1

2 ,4 ,-2 ,2
0 ,1 ,3 ,2
0 ,3 ,12 ,15
2 ,6 ,13 ,35

R4 --> R4 - R1

2 ,4 ,-2 ,2
0 ,1 ,3 ,2
0 ,3 ,12 ,15
0 ,2 ,15 ,33

R1 --> 0.5*R1

1 ,2 ,-1 ,1
0 ,1 ,3 ,2
0 ,3 ,12 ,15
0 ,2 ,15 ,33

R3 --> R3 - 3*R2

1 ,2 ,-1 ,1
0 ,1 ,3 ,2
0 ,0 ,3 ,9
0 ,2 ,15 ,33

R4 --> R4 - 2*R2

1 ,2 ,-1 ,1
0 ,1 ,3 ,2
0 ,0 ,3 ,9
0 ,0 ,9 ,29

R4 --> R4 - 3*R3

1 ,2 ,-1 ,1
0 ,1 ,3 ,2
0 ,0 ,3 ,9
0 ,0 ,0 ,2

R3 --> 0.333*R3

1 ,2 ,-1 ,1
0 ,1 ,3 ,2
0 ,0 ,1 ,3
0 ,0 ,0 ,2

R4 --> 0.5*R4

1 ,2 ,-1 ,1
0 ,1 ,3 ,2
0 ,0 ,1 ,3
0 ,0 ,0 ,1

L = 
1 ,0 ,0 ,0
2 ,1 ,0 ,0
-1 ,3 ,1 ,0
1 ,2 ,3 ,1

D = 
2 ,0 ,0 ,0
0 ,1 ,0 ,0
0 ,0 ,3 ,0
0 ,0 ,0 ,2

L' = 
1 ,2 ,-1 ,1
0 ,1 ,3 ,2
0 ,0 ,1 ,3
0 ,0 ,0 ,1

