invert the next matrix (6*6 size):
2 ,10 ,7 ,-5 ,0 ,8
-12 ,-8 ,-9 ,-1 ,-11 ,-5
-1 ,8 ,0 ,-4 ,-9 ,11
12 ,6 ,-10 ,5 ,-11 ,-12
12 ,11 ,-10 ,-2 ,-4 ,-12
5 ,-5 ,3 ,6 ,8 ,-10

2 ,10 ,7 ,-5 ,0 ,8 | 1 ,0 ,0 ,0 ,0 ,0
-12 ,-8 ,-9 ,-1 ,-11 ,-5 | 0 ,1 ,0 ,0 ,0 ,0
-1 ,8 ,0 ,-4 ,-9 ,11 | 0 ,0 ,1 ,0 ,0 ,0
12 ,6 ,-10 ,5 ,-11 ,-12 | 0 ,0 ,0 ,1 ,0 ,0
12 ,11 ,-10 ,-2 ,-4 ,-12 | 0 ,0 ,0 ,0 ,1 ,0
5 ,-5 ,3 ,6 ,8 ,-10 | 0 ,0 ,0 ,0 ,0 ,1

implement the solution by ranking rows method:
transform M matrix to I by a parallel ranking:
R2 --> R2 + 6*R1

2 ,10 ,7 ,-5 ,0 ,8 | 1 ,0 ,0 ,0 ,0 ,0
0 ,52 ,33 ,-31 ,-11 ,43 | 6 ,1 ,0 ,0 ,0 ,0
-1 ,8 ,0 ,-4 ,-9 ,11 | 0 ,0 ,1 ,0 ,0 ,0
12 ,6 ,-10 ,5 ,-11 ,-12 | 0 ,0 ,0 ,1 ,0 ,0
12 ,11 ,-10 ,-2 ,-4 ,-12 | 0 ,0 ,0 ,0 ,1 ,0
5 ,-5 ,3 ,6 ,8 ,-10 | 0 ,0 ,0 ,0 ,0 ,1

R3 --> R3 + 0.5*R1

2 ,10 ,7 ,-5 ,0 ,8 | 1 ,0 ,0 ,0 ,0 ,0
0 ,52 ,33 ,-31 ,-11 ,43 | 6 ,1 ,0 ,0 ,0 ,0
0 ,13 ,3.5 ,-6.5 ,-9 ,15 | 0.5 ,0 ,1 ,0 ,0 ,0
12 ,6 ,-10 ,5 ,-11 ,-12 | 0 ,0 ,0 ,1 ,0 ,0
12 ,11 ,-10 ,-2 ,-4 ,-12 | 0 ,0 ,0 ,0 ,1 ,0
5 ,-5 ,3 ,6 ,8 ,-10 | 0 ,0 ,0 ,0 ,0 ,1

R4 --> R4 - 6*R1

2 ,10 ,7 ,-5 ,0 ,8 | 1 ,0 ,0 ,0 ,0 ,0
0 ,52 ,33 ,-31 ,-11 ,43 | 6 ,1 ,0 ,0 ,0 ,0
0 ,13 ,3.5 ,-6.5 ,-9 ,15 | 0.5 ,0 ,1 ,0 ,0 ,0
0 ,-54 ,-52 ,35 ,-11 ,-60 | -6 ,0 ,0 ,1 ,0 ,0
12 ,11 ,-10 ,-2 ,-4 ,-12 | 0 ,0 ,0 ,0 ,1 ,0
5 ,-5 ,3 ,6 ,8 ,-10 | 0 ,0 ,0 ,0 ,0 ,1

R5 --> R5 - 6*R1

2 ,10 ,7 ,-5 ,0 ,8 | 1 ,0 ,0 ,0 ,0 ,0
0 ,52 ,33 ,-31 ,-11 ,43 | 6 ,1 ,0 ,0 ,0 ,0
0 ,13 ,3.5 ,-6.5 ,-9 ,15 | 0.5 ,0 ,1 ,0 ,0 ,0
0 ,-54 ,-52 ,35 ,-11 ,-60 | -6 ,0 ,0 ,1 ,0 ,0
0 ,-49 ,-52 ,28 ,-4 ,-60 | -6 ,0 ,0 ,0 ,1 ,0
5 ,-5 ,3 ,6 ,8 ,-10 | 0 ,0 ,0 ,0 ,0 ,1

R6 --> R6 - 2.5*R1

2 ,10 ,7 ,-5 ,0 ,8 | 1 ,0 ,0 ,0 ,0 ,0
0 ,52 ,33 ,-31 ,-11 ,43 | 6 ,1 ,0 ,0 ,0 ,0
0 ,13 ,3.5 ,-6.5 ,-9 ,15 | 0.5 ,0 ,1 ,0 ,0 ,0
0 ,-54 ,-52 ,35 ,-11 ,-60 | -6 ,0 ,0 ,1 ,0 ,0
0 ,-49 ,-52 ,28 ,-4 ,-60 | -6 ,0 ,0 ,0 ,1 ,0
0 ,-30 ,-14.5 ,18.5 ,8 ,-30 | -2.5 ,0 ,0 ,0 ,0 ,1

R1 --> R1 - 0.192*R2

2 ,0 ,0.654 ,0.962 ,2.115 ,-0.269 | -0.154 ,-0.192 ,0 ,0 ,0 ,0
0 ,52 ,33 ,-31 ,-11 ,43 | 6 ,1 ,0 ,0 ,0 ,0
0 ,13 ,3.5 ,-6.5 ,-9 ,15 | 0.5 ,0 ,1 ,0 ,0 ,0
0 ,-54 ,-52 ,35 ,-11 ,-60 | -6 ,0 ,0 ,1 ,0 ,0
0 ,-49 ,-52 ,28 ,-4 ,-60 | -6 ,0 ,0 ,0 ,1 ,0
0 ,-30 ,-14.5 ,18.5 ,8 ,-30 | -2.5 ,0 ,0 ,0 ,0 ,1

R3 --> R3 - 0.25*R2

2 ,0 ,0.654 ,0.962 ,2.115 ,-0.269 | -0.154 ,-0.192 ,0 ,0 ,0 ,0
0 ,52 ,33 ,-31 ,-11 ,43 | 6 ,1 ,0 ,0 ,0 ,0
0 ,0 ,-4.75 ,1.25 ,-6.25 ,4.25 | -1 ,-0.25 ,1 ,0 ,0 ,0
0 ,-54 ,-52 ,35 ,-11 ,-60 | -6 ,0 ,0 ,1 ,0 ,0
0 ,-49 ,-52 ,28 ,-4 ,-60 | -6 ,0 ,0 ,0 ,1 ,0
0 ,-30 ,-14.5 ,18.5 ,8 ,-30 | -2.5 ,0 ,0 ,0 ,0 ,1

R4 --> R4 + 1.038*R2

2 ,0 ,0.654 ,0.962 ,2.115 ,-0.269 | -0.154 ,-0.192 ,0 ,0 ,0 ,0
0 ,52 ,33 ,-31 ,-11 ,43 | 6 ,1 ,0 ,0 ,0 ,0
0 ,0 ,-4.75 ,1.25 ,-6.25 ,4.25 | -1 ,-0.25 ,1 ,0 ,0 ,0
0 ,0 ,-17.731 ,2.808 ,-22.423 ,-15.346 | 0.231 ,1.038 ,0 ,1 ,0 ,0
0 ,-49 ,-52 ,28 ,-4 ,-60 | -6 ,0 ,0 ,0 ,1 ,0
0 ,-30 ,-14.5 ,18.5 ,8 ,-30 | -2.5 ,0 ,0 ,0 ,0 ,1

R5 --> R5 + 0.942*R2

2 ,0 ,0.654 ,0.962 ,2.115 ,-0.269 | -0.154 ,-0.192 ,0 ,0 ,0 ,0
0 ,52 ,33 ,-31 ,-11 ,43 | 6 ,1 ,0 ,0 ,0 ,0
0 ,0 ,-4.75 ,1.25 ,-6.25 ,4.25 | -1 ,-0.25 ,1 ,0 ,0 ,0
0 ,0 ,-17.731 ,2.808 ,-22.423 ,-15.346 | 0.231 ,1.038 ,0 ,1 ,0 ,0
0 ,0 ,-20.904 ,-1.212 ,-14.365 ,-19.481 | -0.346 ,0.942 ,0 ,0 ,1 ,0
0 ,-30 ,-14.5 ,18.5 ,8 ,-30 | -2.5 ,0 ,0 ,0 ,0 ,1

R6 --> R6 + 0.577*R2

2 ,0 ,0.654 ,0.962 ,2.115 ,-0.269 | -0.154 ,-0.192 ,0 ,0 ,0 ,0
0 ,52 ,33 ,-31 ,-11 ,43 | 6 ,1 ,0 ,0 ,0 ,0
0 ,0 ,-4.75 ,1.25 ,-6.25 ,4.25 | -1 ,-0.25 ,1 ,0 ,0 ,0
0 ,0 ,-17.731 ,2.808 ,-22.423 ,-15.346 | 0.231 ,1.038 ,0 ,1 ,0 ,0
0 ,0 ,-20.904 ,-1.212 ,-14.365 ,-19.481 | -0.346 ,0.942 ,0 ,0 ,1 ,0
0 ,0 ,4.538 ,0.615 ,1.654 ,-5.192 | 0.962 ,0.577 ,0 ,0 ,0 ,1

R1 --> R1 + 0.138*R3

2 ,0 ,0 ,1.134 ,1.255 ,0.316 | -0.291 ,-0.227 ,0.138 ,0 ,0 ,0
0 ,52 ,33 ,-31 ,-11 ,43 | 6 ,1 ,0 ,0 ,0 ,0
0 ,0 ,-4.75 ,1.25 ,-6.25 ,4.25 | -1 ,-0.25 ,1 ,0 ,0 ,0
0 ,0 ,-17.731 ,2.808 ,-22.423 ,-15.346 | 0.231 ,1.038 ,0 ,1 ,0 ,0
0 ,0 ,-20.904 ,-1.212 ,-14.365 ,-19.481 | -0.346 ,0.942 ,0 ,0 ,1 ,0
0 ,0 ,4.538 ,0.615 ,1.654 ,-5.192 | 0.962 ,0.577 ,0 ,0 ,0 ,1

R2 --> R2 + 6.947*R3

2 ,0 ,0 ,1.134 ,1.255 ,0.316 | -0.291 ,-0.227 ,0.138 ,0 ,0 ,0
0 ,52 ,0 ,-22.316 ,-54.421 ,72.526 | -0.947 ,-0.737 ,6.947 ,0 ,0 ,0
0 ,0 ,-4.75 ,1.25 ,-6.25 ,4.25 | -1 ,-0.25 ,1 ,0 ,0 ,0
0 ,0 ,-17.731 ,2.808 ,-22.423 ,-15.346 | 0.231 ,1.038 ,0 ,1 ,0 ,0
0 ,0 ,-20.904 ,-1.212 ,-14.365 ,-19.481 | -0.346 ,0.942 ,0 ,0 ,1 ,0
0 ,0 ,4.538 ,0.615 ,1.654 ,-5.192 | 0.962 ,0.577 ,0 ,0 ,0 ,1

R4 --> R4 - 3.733*R3

2 ,0 ,0 ,1.134 ,1.255 ,0.316 | -0.291 ,-0.227 ,0.138 ,0 ,0 ,0
0 ,52 ,0 ,-22.316 ,-54.421 ,72.526 | -0.947 ,-0.737 ,6.947 ,0 ,0 ,0
0 ,0 ,-4.75 ,1.25 ,-6.25 ,4.25 | -1 ,-0.25 ,1 ,0 ,0 ,0
0 ,0 ,0 ,-1.858 ,0.907 ,-31.211 | 3.964 ,1.972 ,-3.733 ,1 ,0 ,0
0 ,0 ,-20.904 ,-1.212 ,-14.365 ,-19.481 | -0.346 ,0.942 ,0 ,0 ,1 ,0
0 ,0 ,4.538 ,0.615 ,1.654 ,-5.192 | 0.962 ,0.577 ,0 ,0 ,0 ,1

R5 --> R5 - 4.401*R3

2 ,0 ,0 ,1.134 ,1.255 ,0.316 | -0.291 ,-0.227 ,0.138 ,0 ,0 ,0
0 ,52 ,0 ,-22.316 ,-54.421 ,72.526 | -0.947 ,-0.737 ,6.947 ,0 ,0 ,0
0 ,0 ,-4.75 ,1.25 ,-6.25 ,4.25 | -1 ,-0.25 ,1 ,0 ,0 ,0
0 ,0 ,0 ,-1.858 ,0.907 ,-31.211 | 3.964 ,1.972 ,-3.733 ,1 ,0 ,0
0 ,0 ,0 ,-6.713 ,13.14 ,-38.184 | 4.055 ,2.043 ,-4.401 ,0 ,1 ,0
0 ,0 ,4.538 ,0.615 ,1.654 ,-5.192 | 0.962 ,0.577 ,0 ,0 ,0 ,1

R6 --> R6 + 0.955*R3

2 ,0 ,0 ,1.134 ,1.255 ,0.316 | -0.291 ,-0.227 ,0.138 ,0 ,0 ,0
0 ,52 ,0 ,-22.316 ,-54.421 ,72.526 | -0.947 ,-0.737 ,6.947 ,0 ,0 ,0
0 ,0 ,-4.75 ,1.25 ,-6.25 ,4.25 | -1 ,-0.25 ,1 ,0 ,0 ,0
0 ,0 ,0 ,-1.858 ,0.907 ,-31.211 | 3.964 ,1.972 ,-3.733 ,1 ,0 ,0
0 ,0 ,0 ,-6.713 ,13.14 ,-38.184 | 4.055 ,2.043 ,-4.401 ,0 ,1 ,0
0 ,0 ,0 ,1.81 ,-4.318 ,-1.132 | 0.006 ,0.338 ,0.955 ,0 ,0 ,1

R1 --> R1 + 0.61*R4

2 ,0 ,0 ,0 ,1.808 ,-18.723 | 2.126 ,0.976 ,-2.139 ,0.61 ,0 ,0
0 ,52 ,0 ,-22.316 ,-54.421 ,72.526 | -0.947 ,-0.737 ,6.947 ,0 ,0 ,0
0 ,0 ,-4.75 ,1.25 ,-6.25 ,4.25 | -1 ,-0.25 ,1 ,0 ,0 ,0
0 ,0 ,0 ,-1.858 ,0.907 ,-31.211 | 3.964 ,1.972 ,-3.733 ,1 ,0 ,0
0 ,0 ,0 ,-6.713 ,13.14 ,-38.184 | 4.055 ,2.043 ,-4.401 ,0 ,1 ,0
0 ,0 ,0 ,1.81 ,-4.318 ,-1.132 | 0.006 ,0.338 ,0.955 ,0 ,0 ,1

R2 --> R2 - 12.009*R4

2 ,0 ,0 ,0 ,1.808 ,-18.723 | 2.126 ,0.976 ,-2.139 ,0.61 ,0 ,0
0 ,52 ,0 ,0 ,-65.312 ,447.324 | -48.545 ,-24.414 ,51.773 ,-12.009 ,0 ,0
0 ,0 ,-4.75 ,1.25 ,-6.25 ,4.25 | -1 ,-0.25 ,1 ,0 ,0 ,0
0 ,0 ,0 ,-1.858 ,0.907 ,-31.211 | 3.964 ,1.972 ,-3.733 ,1 ,0 ,0
0 ,0 ,0 ,-6.713 ,13.14 ,-38.184 | 4.055 ,2.043 ,-4.401 ,0 ,1 ,0
0 ,0 ,0 ,1.81 ,-4.318 ,-1.132 | 0.006 ,0.338 ,0.955 ,0 ,0 ,1

R3 --> R3 + 0.673*R4

2 ,0 ,0 ,0 ,1.808 ,-18.723 | 2.126 ,0.976 ,-2.139 ,0.61 ,0 ,0
0 ,52 ,0 ,0 ,-65.312 ,447.324 | -48.545 ,-24.414 ,51.773 ,-12.009 ,0 ,0
0 ,0 ,-4.75 ,0 ,-5.64 ,-16.744 | 1.666 ,1.076 ,-1.511 ,0.673 ,0 ,0
0 ,0 ,0 ,-1.858 ,0.907 ,-31.211 | 3.964 ,1.972 ,-3.733 ,1 ,0 ,0
0 ,0 ,0 ,-6.713 ,13.14 ,-38.184 | 4.055 ,2.043 ,-4.401 ,0 ,1 ,0
0 ,0 ,0 ,1.81 ,-4.318 ,-1.132 | 0.006 ,0.338 ,0.955 ,0 ,0 ,1

R5 --> R5 - 3.612*R4

2 ,0 ,0 ,0 ,1.808 ,-18.723 | 2.126 ,0.976 ,-2.139 ,0.61 ,0 ,0
0 ,52 ,0 ,0 ,-65.312 ,447.324 | -48.545 ,-24.414 ,51.773 ,-12.009 ,0 ,0
0 ,0 ,-4.75 ,0 ,-5.64 ,-16.744 | 1.666 ,1.076 ,-1.511 ,0.673 ,0 ,0
0 ,0 ,0 ,-1.858 ,0.907 ,-31.211 | 3.964 ,1.972 ,-3.733 ,1 ,0 ,0
0 ,0 ,0 ,0 ,9.864 ,74.554 | -10.263 ,-5.08 ,9.083 ,-3.612 ,1 ,0
0 ,0 ,0 ,1.81 ,-4.318 ,-1.132 | 0.006 ,0.338 ,0.955 ,0 ,0 ,1

R6 --> R6 + 0.974*R4

2 ,0 ,0 ,0 ,1.808 ,-18.723 | 2.126 ,0.976 ,-2.139 ,0.61 ,0 ,0
0 ,52 ,0 ,0 ,-65.312 ,447.324 | -48.545 ,-24.414 ,51.773 ,-12.009 ,0 ,0
0 ,0 ,-4.75 ,0 ,-5.64 ,-16.744 | 1.666 ,1.076 ,-1.511 ,0.673 ,0 ,0
0 ,0 ,0 ,-1.858 ,0.907 ,-31.211 | 3.964 ,1.972 ,-3.733 ,1 ,0 ,0
0 ,0 ,0 ,0 ,9.864 ,74.554 | -10.263 ,-5.08 ,9.083 ,-3.612 ,1 ,0
0 ,0 ,0 ,0 ,-3.435 ,-31.526 | 3.866 ,2.258 ,-2.68 ,0.974 ,0 ,1

R1 --> R1 - 0.183*R5

2 ,0 ,0 ,0 ,0 ,-32.391 | 4.008 ,1.907 ,-3.805 ,1.272 ,-0.183 ,0
0 ,52 ,0 ,0 ,-65.312 ,447.324 | -48.545 ,-24.414 ,51.773 ,-12.009 ,0 ,0
0 ,0 ,-4.75 ,0 ,-5.64 ,-16.744 | 1.666 ,1.076 ,-1.511 ,0.673 ,0 ,0
0 ,0 ,0 ,-1.858 ,0.907 ,-31.211 | 3.964 ,1.972 ,-3.733 ,1 ,0 ,0
0 ,0 ,0 ,0 ,9.864 ,74.554 | -10.263 ,-5.08 ,9.083 ,-3.612 ,1 ,0
0 ,0 ,0 ,0 ,-3.435 ,-31.526 | 3.866 ,2.258 ,-2.68 ,0.974 ,0 ,1

R2 --> R2 + 6.621*R5

2 ,0 ,0 ,0 ,0 ,-32.391 | 4.008 ,1.907 ,-3.805 ,1.272 ,-0.183 ,0
0 ,52 ,0 ,0 ,0 ,940.972 | -116.496 ,-58.047 ,111.913 ,-35.926 ,6.621 ,0
0 ,0 ,-4.75 ,0 ,-5.64 ,-16.744 | 1.666 ,1.076 ,-1.511 ,0.673 ,0 ,0
0 ,0 ,0 ,-1.858 ,0.907 ,-31.211 | 3.964 ,1.972 ,-3.733 ,1 ,0 ,0
0 ,0 ,0 ,0 ,9.864 ,74.554 | -10.263 ,-5.08 ,9.083 ,-3.612 ,1 ,0
0 ,0 ,0 ,0 ,-3.435 ,-31.526 | 3.866 ,2.258 ,-2.68 ,0.974 ,0 ,1

R3 --> R3 + 0.572*R5

2 ,0 ,0 ,0 ,0 ,-32.391 | 4.008 ,1.907 ,-3.805 ,1.272 ,-0.183 ,0
0 ,52 ,0 ,0 ,0 ,940.972 | -116.496 ,-58.047 ,111.913 ,-35.926 ,6.621 ,0
0 ,0 ,-4.75 ,0 ,0 ,25.885 | -4.202 ,-1.828 ,3.682 ,-1.393 ,0.572 ,0
0 ,0 ,0 ,-1.858 ,0.907 ,-31.211 | 3.964 ,1.972 ,-3.733 ,1 ,0 ,0
0 ,0 ,0 ,0 ,9.864 ,74.554 | -10.263 ,-5.08 ,9.083 ,-3.612 ,1 ,0
0 ,0 ,0 ,0 ,-3.435 ,-31.526 | 3.866 ,2.258 ,-2.68 ,0.974 ,0 ,1

R4 --> R4 - 0.092*R5

2 ,0 ,0 ,0 ,0 ,-32.391 | 4.008 ,1.907 ,-3.805 ,1.272 ,-0.183 ,0
0 ,52 ,0 ,0 ,0 ,940.972 | -116.496 ,-58.047 ,111.913 ,-35.926 ,6.621 ,0
0 ,0 ,-4.75 ,0 ,0 ,25.885 | -4.202 ,-1.828 ,3.682 ,-1.393 ,0.572 ,0
0 ,0 ,0 ,-1.858 ,0 ,-38.065 | 4.907 ,2.439 ,-4.568 ,1.332 ,-0.092 ,0
0 ,0 ,0 ,0 ,9.864 ,74.554 | -10.263 ,-5.08 ,9.083 ,-3.612 ,1 ,0
0 ,0 ,0 ,0 ,-3.435 ,-31.526 | 3.866 ,2.258 ,-2.68 ,0.974 ,0 ,1

R6 --> R6 + 0.348*R5

2 ,0 ,0 ,0 ,0 ,-32.391 | 4.008 ,1.907 ,-3.805 ,1.272 ,-0.183 ,0
0 ,52 ,0 ,0 ,0 ,940.972 | -116.496 ,-58.047 ,111.913 ,-35.926 ,6.621 ,0
0 ,0 ,-4.75 ,0 ,0 ,25.885 | -4.202 ,-1.828 ,3.682 ,-1.393 ,0.572 ,0
0 ,0 ,0 ,-1.858 ,0 ,-38.065 | 4.907 ,2.439 ,-4.568 ,1.332 ,-0.092 ,0
0 ,0 ,0 ,0 ,9.864 ,74.554 | -10.263 ,-5.08 ,9.083 ,-3.612 ,1 ,0
0 ,0 ,0 ,0 ,0 ,-5.566 | 0.293 ,0.489 ,0.483 ,-0.284 ,0.348 ,1

R6 --> -0.18*R6

2 ,0 ,0 ,0 ,0 ,-32.391 | 4.008 ,1.907 ,-3.805 ,1.272 ,-0.183 ,0
0 ,52 ,0 ,0 ,0 ,940.972 | -116.496 ,-58.047 ,111.913 ,-35.926 ,6.621 ,0
0 ,0 ,-4.75 ,0 ,0 ,25.885 | -4.202 ,-1.828 ,3.682 ,-1.393 ,0.572 ,0
0 ,0 ,0 ,-1.858 ,0 ,-38.065 | 4.907 ,2.439 ,-4.568 ,1.332 ,-0.092 ,0
0 ,0 ,0 ,0 ,9.864 ,74.554 | -10.263 ,-5.08 ,9.083 ,-3.612 ,1 ,0
0 ,0 ,0 ,0 ,0 ,1 | -0.053 ,-0.088 ,-0.087 ,0.051 ,-0.063 ,-0.18

R1 --> R1 + 32.391*R6

2 ,0 ,0 ,0 ,0 ,0 | 2.305 ,-0.941 ,-6.615 ,2.925 ,-2.21 ,-5.82
0 ,52 ,0 ,0 ,0 ,940.972 | -116.496 ,-58.047 ,111.913 ,-35.926 ,6.621 ,0
0 ,0 ,-4.75 ,0 ,0 ,25.885 | -4.202 ,-1.828 ,3.682 ,-1.393 ,0.572 ,0
0 ,0 ,0 ,-1.858 ,0 ,-38.065 | 4.907 ,2.439 ,-4.568 ,1.332 ,-0.092 ,0
0 ,0 ,0 ,0 ,9.864 ,74.554 | -10.263 ,-5.08 ,9.083 ,-3.612 ,1 ,0
0 ,0 ,0 ,0 ,0 ,1 | -0.053 ,-0.088 ,-0.087 ,0.051 ,-0.063 ,-0.18

R1 --> 0.5*R1

1 ,0 ,0 ,0 ,0 ,0 | 1.153 ,-0.471 ,-3.307 ,1.462 ,-1.105 ,-2.91
0 ,52 ,0 ,0 ,0 ,940.972 | -116.496 ,-58.047 ,111.913 ,-35.926 ,6.621 ,0
0 ,0 ,-4.75 ,0 ,0 ,25.885 | -4.202 ,-1.828 ,3.682 ,-1.393 ,0.572 ,0
0 ,0 ,0 ,-1.858 ,0 ,-38.065 | 4.907 ,2.439 ,-4.568 ,1.332 ,-0.092 ,0
0 ,0 ,0 ,0 ,9.864 ,74.554 | -10.263 ,-5.08 ,9.083 ,-3.612 ,1 ,0
0 ,0 ,0 ,0 ,0 ,1 | -0.053 ,-0.088 ,-0.087 ,0.051 ,-0.063 ,-0.18

R2 --> R2 - 940.972*R6

1 ,0 ,0 ,0 ,0 ,0 | 1.153 ,-0.471 ,-3.307 ,1.462 ,-1.105 ,-2.91
0 ,52 ,0 ,0 ,0 ,0 | -67.038 ,24.7 ,193.559 ,-83.928 ,65.489 ,169.06
0 ,0 ,-4.75 ,0 ,0 ,25.885 | -4.202 ,-1.828 ,3.682 ,-1.393 ,0.572 ,0
0 ,0 ,0 ,-1.858 ,0 ,-38.065 | 4.907 ,2.439 ,-4.568 ,1.332 ,-0.092 ,0
0 ,0 ,0 ,0 ,9.864 ,74.554 | -10.263 ,-5.08 ,9.083 ,-3.612 ,1 ,0
0 ,0 ,0 ,0 ,0 ,1 | -0.053 ,-0.088 ,-0.087 ,0.051 ,-0.063 ,-0.18

R2 --> 0.019*R2

1 ,0 ,0 ,0 ,0 ,0 | 1.153 ,-0.471 ,-3.307 ,1.462 ,-1.105 ,-2.91
0 ,1 ,0 ,0 ,0 ,0 | -1.289 ,0.475 ,3.722 ,-1.614 ,1.259 ,3.251
0 ,0 ,-4.75 ,0 ,0 ,25.885 | -4.202 ,-1.828 ,3.682 ,-1.393 ,0.572 ,0
0 ,0 ,0 ,-1.858 ,0 ,-38.065 | 4.907 ,2.439 ,-4.568 ,1.332 ,-0.092 ,0
0 ,0 ,0 ,0 ,9.864 ,74.554 | -10.263 ,-5.08 ,9.083 ,-3.612 ,1 ,0
0 ,0 ,0 ,0 ,0 ,1 | -0.053 ,-0.088 ,-0.087 ,0.051 ,-0.063 ,-0.18

R3 --> R3 - 25.885*R6

1 ,0 ,0 ,0 ,0 ,0 | 1.153 ,-0.471 ,-3.307 ,1.462 ,-1.105 ,-2.91
0 ,1 ,0 ,0 ,0 ,0 | -1.289 ,0.475 ,3.722 ,-1.614 ,1.259 ,3.251
0 ,0 ,-4.75 ,0 ,0 ,0 | -2.841 ,0.448 ,5.928 ,-2.713 ,2.191 ,4.651
0 ,0 ,0 ,-1.858 ,0 ,-38.065 | 4.907 ,2.439 ,-4.568 ,1.332 ,-0.092 ,0
0 ,0 ,0 ,0 ,9.864 ,74.554 | -10.263 ,-5.08 ,9.083 ,-3.612 ,1 ,0
0 ,0 ,0 ,0 ,0 ,1 | -0.053 ,-0.088 ,-0.087 ,0.051 ,-0.063 ,-0.18

R3 --> -0.211*R3

1 ,0 ,0 ,0 ,0 ,0 | 1.153 ,-0.471 ,-3.307 ,1.462 ,-1.105 ,-2.91
0 ,1 ,0 ,0 ,0 ,0 | -1.289 ,0.475 ,3.722 ,-1.614 ,1.259 ,3.251
0 ,0 ,1 ,0 ,0 ,0 | 0.598 ,-0.094 ,-1.248 ,0.571 ,-0.461 ,-0.979
0 ,0 ,0 ,-1.858 ,0 ,-38.065 | 4.907 ,2.439 ,-4.568 ,1.332 ,-0.092 ,0
0 ,0 ,0 ,0 ,9.864 ,74.554 | -10.263 ,-5.08 ,9.083 ,-3.612 ,1 ,0
0 ,0 ,0 ,0 ,0 ,1 | -0.053 ,-0.088 ,-0.087 ,0.051 ,-0.063 ,-0.18

R4 --> R4 + 38.065*R6

1 ,0 ,0 ,0 ,0 ,0 | 1.153 ,-0.471 ,-3.307 ,1.462 ,-1.105 ,-2.91
0 ,1 ,0 ,0 ,0 ,0 | -1.289 ,0.475 ,3.722 ,-1.614 ,1.259 ,3.251
0 ,0 ,1 ,0 ,0 ,0 | 0.598 ,-0.094 ,-1.248 ,0.571 ,-0.461 ,-0.979
0 ,0 ,0 ,-1.858 ,0 ,0 | 2.906 ,-0.909 ,-7.871 ,3.274 ,-2.473 ,-6.839
0 ,0 ,0 ,0 ,9.864 ,74.554 | -10.263 ,-5.08 ,9.083 ,-3.612 ,1 ,0
0 ,0 ,0 ,0 ,0 ,1 | -0.053 ,-0.088 ,-0.087 ,0.051 ,-0.063 ,-0.18

R4 --> -0.538*R4

1 ,0 ,0 ,0 ,0 ,0 | 1.153 ,-0.471 ,-3.307 ,1.462 ,-1.105 ,-2.91
0 ,1 ,0 ,0 ,0 ,0 | -1.289 ,0.475 ,3.722 ,-1.614 ,1.259 ,3.251
0 ,0 ,1 ,0 ,0 ,0 | 0.598 ,-0.094 ,-1.248 ,0.571 ,-0.461 ,-0.979
0 ,0 ,0 ,1 ,0 ,0 | -1.564 ,0.489 ,4.235 ,-1.762 ,1.331 ,3.68
0 ,0 ,0 ,0 ,9.864 ,74.554 | -10.263 ,-5.08 ,9.083 ,-3.612 ,1 ,0
0 ,0 ,0 ,0 ,0 ,1 | -0.053 ,-0.088 ,-0.087 ,0.051 ,-0.063 ,-0.18

R5 --> R5 - 74.554*R6

1 ,0 ,0 ,0 ,0 ,0 | 1.153 ,-0.471 ,-3.307 ,1.462 ,-1.105 ,-2.91
0 ,1 ,0 ,0 ,0 ,0 | -1.289 ,0.475 ,3.722 ,-1.614 ,1.259 ,3.251
0 ,0 ,1 ,0 ,0 ,0 | 0.598 ,-0.094 ,-1.248 ,0.571 ,-0.461 ,-0.979
0 ,0 ,0 ,1 ,0 ,0 | -1.564 ,0.489 ,4.235 ,-1.762 ,1.331 ,3.68
0 ,0 ,0 ,0 ,9.864 ,0 | -6.344 ,1.477 ,15.552 ,-7.415 ,5.664 ,13.395
0 ,0 ,0 ,0 ,0 ,1 | -0.053 ,-0.088 ,-0.087 ,0.051 ,-0.063 ,-0.18

R5 --> 0.101*R5

1 ,0 ,0 ,0 ,0 ,0 | 1.153 ,-0.471 ,-3.307 ,1.462 ,-1.105 ,-2.91
0 ,1 ,0 ,0 ,0 ,0 | -1.289 ,0.475 ,3.722 ,-1.614 ,1.259 ,3.251
0 ,0 ,1 ,0 ,0 ,0 | 0.598 ,-0.094 ,-1.248 ,0.571 ,-0.461 ,-0.979
0 ,0 ,0 ,1 ,0 ,0 | -1.564 ,0.489 ,4.235 ,-1.762 ,1.331 ,3.68
0 ,0 ,0 ,0 ,1 ,0 | -0.643 ,0.15 ,1.577 ,-0.752 ,0.574 ,1.358
0 ,0 ,0 ,0 ,0 ,1 | -0.053 ,-0.088 ,-0.087 ,0.051 ,-0.063 ,-0.18

the invertible of this matrix is:
1.153 ,-0.471 ,-3.307 ,1.462 ,-1.105 ,-2.91
-1.289 ,0.475 ,3.722 ,-1.614 ,1.259 ,3.251
0.598 ,-0.094 ,-1.248 ,0.571 ,-0.461 ,-0.979
-1.564 ,0.489 ,4.235 ,-1.762 ,1.331 ,3.68
-0.643 ,0.15 ,1.577 ,-0.752 ,0.574 ,1.358
-0.053 ,-0.088 ,-0.087 ,0.051 ,-0.063 ,-0.18

