invert the next matrix (6*6 size):
1 ,1 ,-2 ,0 ,-1 ,-1
0 ,-2 ,-1 ,2 ,-2 ,2
0 ,0 ,-1 ,-1 ,-1 ,1
0 ,0 ,-2 ,2 ,-2 ,0
-2 ,-2 ,0 ,0 ,-2 ,2
1 ,0 ,-1 ,0 ,0 ,2

1 ,1 ,-2 ,0 ,-1 ,-1 | 1 ,0 ,0 ,0 ,0 ,0
0 ,-2 ,-1 ,2 ,-2 ,2 | 0 ,1 ,0 ,0 ,0 ,0
0 ,0 ,-1 ,-1 ,-1 ,1 | 0 ,0 ,1 ,0 ,0 ,0
0 ,0 ,-2 ,2 ,-2 ,0 | 0 ,0 ,0 ,1 ,0 ,0
-2 ,-2 ,0 ,0 ,-2 ,2 | 0 ,0 ,0 ,0 ,1 ,0
1 ,0 ,-1 ,0 ,0 ,2 | 0 ,0 ,0 ,0 ,0 ,1

implement the solution by elementary matrices method:
transform M matrix to I by an elementary matrices:
R5 --> R5 + 2*R1

1 ,1 ,-2 ,0 ,-1 ,-1 | 1 ,0 ,0 ,0 ,0 ,0
0 ,-2 ,-1 ,2 ,-2 ,2 | 0 ,1 ,0 ,0 ,0 ,0
0 ,0 ,-1 ,-1 ,-1 ,1 | 0 ,0 ,1 ,0 ,0 ,0
0 ,0 ,-2 ,2 ,-2 ,0 | 0 ,0 ,0 ,1 ,0 ,0
0 ,0 ,-4 ,0 ,-4 ,0 | 2 ,0 ,0 ,0 ,1 ,0
1 ,0 ,-1 ,0 ,0 ,2 | 0 ,0 ,0 ,0 ,0 ,1

R6 --> R6 - R1

1 ,1 ,-2 ,0 ,-1 ,-1 | 1 ,0 ,0 ,0 ,0 ,0
0 ,-2 ,-1 ,2 ,-2 ,2 | 0 ,1 ,0 ,0 ,0 ,0
0 ,0 ,-1 ,-1 ,-1 ,1 | 0 ,0 ,1 ,0 ,0 ,0
0 ,0 ,-2 ,2 ,-2 ,0 | 0 ,0 ,0 ,1 ,0 ,0
0 ,0 ,-4 ,0 ,-4 ,0 | 2 ,0 ,0 ,0 ,1 ,0
0 ,-1 ,1 ,0 ,1 ,3 | -1 ,0 ,0 ,0 ,0 ,1

R1 --> R1 + 0.5*R2

1 ,0 ,-2.5 ,1 ,-2 ,0 | 1 ,0.5 ,0 ,0 ,0 ,0
0 ,-2 ,-1 ,2 ,-2 ,2 | 0 ,1 ,0 ,0 ,0 ,0
0 ,0 ,-1 ,-1 ,-1 ,1 | 0 ,0 ,1 ,0 ,0 ,0
0 ,0 ,-2 ,2 ,-2 ,0 | 0 ,0 ,0 ,1 ,0 ,0
0 ,0 ,-4 ,0 ,-4 ,0 | 2 ,0 ,0 ,0 ,1 ,0
0 ,-1 ,1 ,0 ,1 ,3 | -1 ,0 ,0 ,0 ,0 ,1

R6 --> R6 - 0.5*R2

1 ,0 ,-2.5 ,1 ,-2 ,0 | 1 ,0.5 ,0 ,0 ,0 ,0
0 ,-2 ,-1 ,2 ,-2 ,2 | 0 ,1 ,0 ,0 ,0 ,0
0 ,0 ,-1 ,-1 ,-1 ,1 | 0 ,0 ,1 ,0 ,0 ,0
0 ,0 ,-2 ,2 ,-2 ,0 | 0 ,0 ,0 ,1 ,0 ,0
0 ,0 ,-4 ,0 ,-4 ,0 | 2 ,0 ,0 ,0 ,1 ,0
0 ,0 ,1.5 ,-1 ,2 ,2 | -1 ,-0.5 ,0 ,0 ,0 ,1

R1 --> R1 - 2.5*R3

1 ,0 ,0 ,3.5 ,0.5 ,-2.5 | 1 ,0.5 ,-2.5 ,0 ,0 ,0
0 ,-2 ,-1 ,2 ,-2 ,2 | 0 ,1 ,0 ,0 ,0 ,0
0 ,0 ,-1 ,-1 ,-1 ,1 | 0 ,0 ,1 ,0 ,0 ,0
0 ,0 ,-2 ,2 ,-2 ,0 | 0 ,0 ,0 ,1 ,0 ,0
0 ,0 ,-4 ,0 ,-4 ,0 | 2 ,0 ,0 ,0 ,1 ,0
0 ,0 ,1.5 ,-1 ,2 ,2 | -1 ,-0.5 ,0 ,0 ,0 ,1

R2 --> R2 - R3

1 ,0 ,0 ,3.5 ,0.5 ,-2.5 | 1 ,0.5 ,-2.5 ,0 ,0 ,0
0 ,-2 ,0 ,3 ,-1 ,1 | 0 ,1 ,-1 ,0 ,0 ,0
0 ,0 ,-1 ,-1 ,-1 ,1 | 0 ,0 ,1 ,0 ,0 ,0
0 ,0 ,-2 ,2 ,-2 ,0 | 0 ,0 ,0 ,1 ,0 ,0
0 ,0 ,-4 ,0 ,-4 ,0 | 2 ,0 ,0 ,0 ,1 ,0
0 ,0 ,1.5 ,-1 ,2 ,2 | -1 ,-0.5 ,0 ,0 ,0 ,1

R4 --> R4 - 2*R3

1 ,0 ,0 ,3.5 ,0.5 ,-2.5 | 1 ,0.5 ,-2.5 ,0 ,0 ,0
0 ,-2 ,0 ,3 ,-1 ,1 | 0 ,1 ,-1 ,0 ,0 ,0
0 ,0 ,-1 ,-1 ,-1 ,1 | 0 ,0 ,1 ,0 ,0 ,0
0 ,0 ,0 ,4 ,0 ,-2 | 0 ,0 ,-2 ,1 ,0 ,0
0 ,0 ,-4 ,0 ,-4 ,0 | 2 ,0 ,0 ,0 ,1 ,0
0 ,0 ,1.5 ,-1 ,2 ,2 | -1 ,-0.5 ,0 ,0 ,0 ,1

R5 --> R5 - 4*R3

1 ,0 ,0 ,3.5 ,0.5 ,-2.5 | 1 ,0.5 ,-2.5 ,0 ,0 ,0
0 ,-2 ,0 ,3 ,-1 ,1 | 0 ,1 ,-1 ,0 ,0 ,0
0 ,0 ,-1 ,-1 ,-1 ,1 | 0 ,0 ,1 ,0 ,0 ,0
0 ,0 ,0 ,4 ,0 ,-2 | 0 ,0 ,-2 ,1 ,0 ,0
0 ,0 ,0 ,4 ,0 ,-4 | 2 ,0 ,-4 ,0 ,1 ,0
0 ,0 ,1.5 ,-1 ,2 ,2 | -1 ,-0.5 ,0 ,0 ,0 ,1

R6 --> R6 + 1.5*R3

1 ,0 ,0 ,3.5 ,0.5 ,-2.5 | 1 ,0.5 ,-2.5 ,0 ,0 ,0
0 ,-2 ,0 ,3 ,-1 ,1 | 0 ,1 ,-1 ,0 ,0 ,0
0 ,0 ,-1 ,-1 ,-1 ,1 | 0 ,0 ,1 ,0 ,0 ,0
0 ,0 ,0 ,4 ,0 ,-2 | 0 ,0 ,-2 ,1 ,0 ,0
0 ,0 ,0 ,4 ,0 ,-4 | 2 ,0 ,-4 ,0 ,1 ,0
0 ,0 ,0 ,-2.5 ,0.5 ,3.5 | -1 ,-0.5 ,1.5 ,0 ,0 ,1

R1 --> R1 - 0.875*R4

1 ,0 ,0 ,0 ,0.5 ,-0.75 | 1 ,0.5 ,-0.75 ,-0.875 ,0 ,0
0 ,-2 ,0 ,3 ,-1 ,1 | 0 ,1 ,-1 ,0 ,0 ,0
0 ,0 ,-1 ,-1 ,-1 ,1 | 0 ,0 ,1 ,0 ,0 ,0
0 ,0 ,0 ,4 ,0 ,-2 | 0 ,0 ,-2 ,1 ,0 ,0
0 ,0 ,0 ,4 ,0 ,-4 | 2 ,0 ,-4 ,0 ,1 ,0
0 ,0 ,0 ,-2.5 ,0.5 ,3.5 | -1 ,-0.5 ,1.5 ,0 ,0 ,1

R2 --> R2 - 0.75*R4

1 ,0 ,0 ,0 ,0.5 ,-0.75 | 1 ,0.5 ,-0.75 ,-0.875 ,0 ,0
0 ,-2 ,0 ,0 ,-1 ,2.5 | 0 ,1 ,0.5 ,-0.75 ,0 ,0
0 ,0 ,-1 ,-1 ,-1 ,1 | 0 ,0 ,1 ,0 ,0 ,0
0 ,0 ,0 ,4 ,0 ,-2 | 0 ,0 ,-2 ,1 ,0 ,0
0 ,0 ,0 ,4 ,0 ,-4 | 2 ,0 ,-4 ,0 ,1 ,0
0 ,0 ,0 ,-2.5 ,0.5 ,3.5 | -1 ,-0.5 ,1.5 ,0 ,0 ,1

R3 --> R3 + 0.25*R4

1 ,0 ,0 ,0 ,0.5 ,-0.75 | 1 ,0.5 ,-0.75 ,-0.875 ,0 ,0
0 ,-2 ,0 ,0 ,-1 ,2.5 | 0 ,1 ,0.5 ,-0.75 ,0 ,0
0 ,0 ,-1 ,0 ,-1 ,0.5 | 0 ,0 ,0.5 ,0.25 ,0 ,0
0 ,0 ,0 ,4 ,0 ,-2 | 0 ,0 ,-2 ,1 ,0 ,0
0 ,0 ,0 ,4 ,0 ,-4 | 2 ,0 ,-4 ,0 ,1 ,0
0 ,0 ,0 ,-2.5 ,0.5 ,3.5 | -1 ,-0.5 ,1.5 ,0 ,0 ,1

R5 --> R5 - R4

1 ,0 ,0 ,0 ,0.5 ,-0.75 | 1 ,0.5 ,-0.75 ,-0.875 ,0 ,0
0 ,-2 ,0 ,0 ,-1 ,2.5 | 0 ,1 ,0.5 ,-0.75 ,0 ,0
0 ,0 ,-1 ,0 ,-1 ,0.5 | 0 ,0 ,0.5 ,0.25 ,0 ,0
0 ,0 ,0 ,4 ,0 ,-2 | 0 ,0 ,-2 ,1 ,0 ,0
0 ,0 ,0 ,0 ,0 ,-2 | 2 ,0 ,-2 ,-1 ,1 ,0
0 ,0 ,0 ,-2.5 ,0.5 ,3.5 | -1 ,-0.5 ,1.5 ,0 ,0 ,1

R6 --> R6 + 0.625*R4

1 ,0 ,0 ,0 ,0.5 ,-0.75 | 1 ,0.5 ,-0.75 ,-0.875 ,0 ,0
0 ,-2 ,0 ,0 ,-1 ,2.5 | 0 ,1 ,0.5 ,-0.75 ,0 ,0
0 ,0 ,-1 ,0 ,-1 ,0.5 | 0 ,0 ,0.5 ,0.25 ,0 ,0
0 ,0 ,0 ,4 ,0 ,-2 | 0 ,0 ,-2 ,1 ,0 ,0
0 ,0 ,0 ,0 ,0 ,-2 | 2 ,0 ,-2 ,-1 ,1 ,0
0 ,0 ,0 ,0 ,0.5 ,2.25 | -1 ,-0.5 ,0.25 ,0.625 ,0 ,1

R5 <--> R6

1 ,0 ,0 ,0 ,0.5 ,-0.75 | 1 ,0.5 ,-0.75 ,-0.875 ,0 ,0
0 ,-2 ,0 ,0 ,-1 ,2.5 | 0 ,1 ,0.5 ,-0.75 ,0 ,0
0 ,0 ,-1 ,0 ,-1 ,0.5 | 0 ,0 ,0.5 ,0.25 ,0 ,0
0 ,0 ,0 ,4 ,0 ,-2 | 0 ,0 ,-2 ,1 ,0 ,0
0 ,0 ,0 ,0 ,0.5 ,2.25 | -1 ,-0.5 ,0.25 ,0.625 ,0 ,1
0 ,0 ,0 ,0 ,0 ,-2 | 2 ,0 ,-2 ,-1 ,1 ,0

R1 --> R1 - R5

1 ,0 ,0 ,0 ,0 ,-3 | 2 ,1 ,-1 ,-1.5 ,0 ,-1
0 ,-2 ,0 ,0 ,-1 ,2.5 | 0 ,1 ,0.5 ,-0.75 ,0 ,0
0 ,0 ,-1 ,0 ,-1 ,0.5 | 0 ,0 ,0.5 ,0.25 ,0 ,0
0 ,0 ,0 ,4 ,0 ,-2 | 0 ,0 ,-2 ,1 ,0 ,0
0 ,0 ,0 ,0 ,0.5 ,2.25 | -1 ,-0.5 ,0.25 ,0.625 ,0 ,1
0 ,0 ,0 ,0 ,0 ,-2 | 2 ,0 ,-2 ,-1 ,1 ,0

R2 --> R2 + 2*R5

1 ,0 ,0 ,0 ,0 ,-3 | 2 ,1 ,-1 ,-1.5 ,0 ,-1
0 ,-2 ,0 ,0 ,0 ,7 | -2 ,0 ,1 ,0.5 ,0 ,2
0 ,0 ,-1 ,0 ,-1 ,0.5 | 0 ,0 ,0.5 ,0.25 ,0 ,0
0 ,0 ,0 ,4 ,0 ,-2 | 0 ,0 ,-2 ,1 ,0 ,0
0 ,0 ,0 ,0 ,0.5 ,2.25 | -1 ,-0.5 ,0.25 ,0.625 ,0 ,1
0 ,0 ,0 ,0 ,0 ,-2 | 2 ,0 ,-2 ,-1 ,1 ,0

R3 --> R3 + 2*R5

1 ,0 ,0 ,0 ,0 ,-3 | 2 ,1 ,-1 ,-1.5 ,0 ,-1
0 ,-2 ,0 ,0 ,0 ,7 | -2 ,0 ,1 ,0.5 ,0 ,2
0 ,0 ,-1 ,0 ,0 ,5 | -2 ,-1 ,1 ,1.5 ,0 ,2
0 ,0 ,0 ,4 ,0 ,-2 | 0 ,0 ,-2 ,1 ,0 ,0
0 ,0 ,0 ,0 ,0.5 ,2.25 | -1 ,-0.5 ,0.25 ,0.625 ,0 ,1
0 ,0 ,0 ,0 ,0 ,-2 | 2 ,0 ,-2 ,-1 ,1 ,0

R6 --> -0.5*R6

1 ,0 ,0 ,0 ,0 ,-3 | 2 ,1 ,-1 ,-1.5 ,0 ,-1
0 ,-2 ,0 ,0 ,0 ,7 | -2 ,0 ,1 ,0.5 ,0 ,2
0 ,0 ,-1 ,0 ,0 ,5 | -2 ,-1 ,1 ,1.5 ,0 ,2
0 ,0 ,0 ,4 ,0 ,-2 | 0 ,0 ,-2 ,1 ,0 ,0
0 ,0 ,0 ,0 ,0.5 ,2.25 | -1 ,-0.5 ,0.25 ,0.625 ,0 ,1
0 ,0 ,0 ,0 ,0 ,1 | -1 ,0 ,1 ,0.5 ,-0.5 ,0

R1 --> R1 + 3*R6

1 ,0 ,0 ,0 ,0 ,0 | -1 ,1 ,2 ,0 ,-1.5 ,-1
0 ,-2 ,0 ,0 ,0 ,7 | -2 ,0 ,1 ,0.5 ,0 ,2
0 ,0 ,-1 ,0 ,0 ,5 | -2 ,-1 ,1 ,1.5 ,0 ,2
0 ,0 ,0 ,4 ,0 ,-2 | 0 ,0 ,-2 ,1 ,0 ,0
0 ,0 ,0 ,0 ,0.5 ,2.25 | -1 ,-0.5 ,0.25 ,0.625 ,0 ,1
0 ,0 ,0 ,0 ,0 ,1 | -1 ,0 ,1 ,0.5 ,-0.5 ,0

R2 --> R2 - 7*R6

1 ,0 ,0 ,0 ,0 ,0 | -1 ,1 ,2 ,0 ,-1.5 ,-1
0 ,-2 ,0 ,0 ,0 ,0 | 5 ,0 ,-6 ,-3 ,3.5 ,2
0 ,0 ,-1 ,0 ,0 ,5 | -2 ,-1 ,1 ,1.5 ,0 ,2
0 ,0 ,0 ,4 ,0 ,-2 | 0 ,0 ,-2 ,1 ,0 ,0
0 ,0 ,0 ,0 ,0.5 ,2.25 | -1 ,-0.5 ,0.25 ,0.625 ,0 ,1
0 ,0 ,0 ,0 ,0 ,1 | -1 ,0 ,1 ,0.5 ,-0.5 ,0

R2 --> -0.5*R2

1 ,0 ,0 ,0 ,0 ,0 | -1 ,1 ,2 ,0 ,-1.5 ,-1
0 ,1 ,0 ,0 ,0 ,0 | -2.5 ,0 ,3 ,1.5 ,-1.75 ,-1
0 ,0 ,-1 ,0 ,0 ,5 | -2 ,-1 ,1 ,1.5 ,0 ,2
0 ,0 ,0 ,4 ,0 ,-2 | 0 ,0 ,-2 ,1 ,0 ,0
0 ,0 ,0 ,0 ,0.5 ,2.25 | -1 ,-0.5 ,0.25 ,0.625 ,0 ,1
0 ,0 ,0 ,0 ,0 ,1 | -1 ,0 ,1 ,0.5 ,-0.5 ,0

R3 --> R3 - 5*R6

1 ,0 ,0 ,0 ,0 ,0 | -1 ,1 ,2 ,0 ,-1.5 ,-1
0 ,1 ,0 ,0 ,0 ,0 | -2.5 ,0 ,3 ,1.5 ,-1.75 ,-1
0 ,0 ,-1 ,0 ,0 ,0 | 3 ,-1 ,-4 ,-1 ,2.5 ,2
0 ,0 ,0 ,4 ,0 ,-2 | 0 ,0 ,-2 ,1 ,0 ,0
0 ,0 ,0 ,0 ,0.5 ,2.25 | -1 ,-0.5 ,0.25 ,0.625 ,0 ,1
0 ,0 ,0 ,0 ,0 ,1 | -1 ,0 ,1 ,0.5 ,-0.5 ,0

R3 --> - R3

1 ,0 ,0 ,0 ,0 ,0 | -1 ,1 ,2 ,0 ,-1.5 ,-1
0 ,1 ,0 ,0 ,0 ,0 | -2.5 ,0 ,3 ,1.5 ,-1.75 ,-1
0 ,0 ,1 ,0 ,0 ,0 | -3 ,1 ,4 ,1 ,-2.5 ,-2
0 ,0 ,0 ,4 ,0 ,-2 | 0 ,0 ,-2 ,1 ,0 ,0
0 ,0 ,0 ,0 ,0.5 ,2.25 | -1 ,-0.5 ,0.25 ,0.625 ,0 ,1
0 ,0 ,0 ,0 ,0 ,1 | -1 ,0 ,1 ,0.5 ,-0.5 ,0

R4 --> R4 + 2*R6

1 ,0 ,0 ,0 ,0 ,0 | -1 ,1 ,2 ,0 ,-1.5 ,-1
0 ,1 ,0 ,0 ,0 ,0 | -2.5 ,0 ,3 ,1.5 ,-1.75 ,-1
0 ,0 ,1 ,0 ,0 ,0 | -3 ,1 ,4 ,1 ,-2.5 ,-2
0 ,0 ,0 ,4 ,0 ,0 | -2 ,0 ,0 ,2 ,-1 ,0
0 ,0 ,0 ,0 ,0.5 ,2.25 | -1 ,-0.5 ,0.25 ,0.625 ,0 ,1
0 ,0 ,0 ,0 ,0 ,1 | -1 ,0 ,1 ,0.5 ,-0.5 ,0

R4 --> 0.25*R4

1 ,0 ,0 ,0 ,0 ,0 | -1 ,1 ,2 ,0 ,-1.5 ,-1
0 ,1 ,0 ,0 ,0 ,0 | -2.5 ,0 ,3 ,1.5 ,-1.75 ,-1
0 ,0 ,1 ,0 ,0 ,0 | -3 ,1 ,4 ,1 ,-2.5 ,-2
0 ,0 ,0 ,1 ,0 ,0 | -0.5 ,0 ,0 ,0.5 ,-0.25 ,0
0 ,0 ,0 ,0 ,0.5 ,2.25 | -1 ,-0.5 ,0.25 ,0.625 ,0 ,1
0 ,0 ,0 ,0 ,0 ,1 | -1 ,0 ,1 ,0.5 ,-0.5 ,0

R5 --> R5 - 2.25*R6

1 ,0 ,0 ,0 ,0 ,0 | -1 ,1 ,2 ,0 ,-1.5 ,-1
0 ,1 ,0 ,0 ,0 ,0 | -2.5 ,0 ,3 ,1.5 ,-1.75 ,-1
0 ,0 ,1 ,0 ,0 ,0 | -3 ,1 ,4 ,1 ,-2.5 ,-2
0 ,0 ,0 ,1 ,0 ,0 | -0.5 ,0 ,0 ,0.5 ,-0.25 ,0
0 ,0 ,0 ,0 ,0.5 ,0 | 1.25 ,-0.5 ,-2 ,-0.5 ,1.125 ,1
0 ,0 ,0 ,0 ,0 ,1 | -1 ,0 ,1 ,0.5 ,-0.5 ,0

R5 --> 2*R5

1 ,0 ,0 ,0 ,0 ,0 | -1 ,1 ,2 ,0 ,-1.5 ,-1
0 ,1 ,0 ,0 ,0 ,0 | -2.5 ,0 ,3 ,1.5 ,-1.75 ,-1
0 ,0 ,1 ,0 ,0 ,0 | -3 ,1 ,4 ,1 ,-2.5 ,-2
0 ,0 ,0 ,1 ,0 ,0 | -0.5 ,0 ,0 ,0.5 ,-0.25 ,0
0 ,0 ,0 ,0 ,1 ,0 | 2.5 ,-1 ,-4 ,-1 ,2.25 ,2
0 ,0 ,0 ,0 ,0 ,1 | -1 ,0 ,1 ,0.5 ,-0.5 ,0

the invertible of this matrix is:
-1 ,1 ,2 ,0 ,-1.5 ,-1
-2.5 ,0 ,3 ,1.5 ,-1.75 ,-1
-3 ,1 ,4 ,1 ,-2.5 ,-2
-0.5 ,0 ,0 ,0.5 ,-0.25 ,0
2.5 ,-1 ,-4 ,-1 ,2.25 ,2
-1 ,0 ,1 ,0.5 ,-0.5 ,0

