invert the next matrix (6*6 size):
-2 ,0 ,-4 ,-2 ,5 ,-6
6 ,-1 ,-2 ,0 ,1 ,0
6 ,0 ,0 ,-2 ,5 ,2
-4 ,0 ,6 ,4 ,4 ,6
-4 ,-2 ,3 ,-6 ,4 ,-4
5 ,1 ,-5 ,-1 ,5 ,-2

-2 ,0 ,-4 ,-2 ,5 ,-6 | 1 ,0 ,0 ,0 ,0 ,0
6 ,-1 ,-2 ,0 ,1 ,0 | 0 ,1 ,0 ,0 ,0 ,0
6 ,0 ,0 ,-2 ,5 ,2 | 0 ,0 ,1 ,0 ,0 ,0
-4 ,0 ,6 ,4 ,4 ,6 | 0 ,0 ,0 ,1 ,0 ,0
-4 ,-2 ,3 ,-6 ,4 ,-4 | 0 ,0 ,0 ,0 ,1 ,0
5 ,1 ,-5 ,-1 ,5 ,-2 | 0 ,0 ,0 ,0 ,0 ,1

implement the solution by ranking rows method:
transform M matrix to I by a parallel ranking:
R2 --> R2 + 3*R1

-2 ,0 ,-4 ,-2 ,5 ,-6 | 1 ,0 ,0 ,0 ,0 ,0
0 ,-1 ,-14 ,-6 ,16 ,-18 | 3 ,1 ,0 ,0 ,0 ,0
6 ,0 ,0 ,-2 ,5 ,2 | 0 ,0 ,1 ,0 ,0 ,0
-4 ,0 ,6 ,4 ,4 ,6 | 0 ,0 ,0 ,1 ,0 ,0
-4 ,-2 ,3 ,-6 ,4 ,-4 | 0 ,0 ,0 ,0 ,1 ,0
5 ,1 ,-5 ,-1 ,5 ,-2 | 0 ,0 ,0 ,0 ,0 ,1

R3 --> R3 + 3*R1

-2 ,0 ,-4 ,-2 ,5 ,-6 | 1 ,0 ,0 ,0 ,0 ,0
0 ,-1 ,-14 ,-6 ,16 ,-18 | 3 ,1 ,0 ,0 ,0 ,0
0 ,0 ,-12 ,-8 ,20 ,-16 | 3 ,0 ,1 ,0 ,0 ,0
-4 ,0 ,6 ,4 ,4 ,6 | 0 ,0 ,0 ,1 ,0 ,0
-4 ,-2 ,3 ,-6 ,4 ,-4 | 0 ,0 ,0 ,0 ,1 ,0
5 ,1 ,-5 ,-1 ,5 ,-2 | 0 ,0 ,0 ,0 ,0 ,1

R4 --> R4 - 2*R1

-2 ,0 ,-4 ,-2 ,5 ,-6 | 1 ,0 ,0 ,0 ,0 ,0
0 ,-1 ,-14 ,-6 ,16 ,-18 | 3 ,1 ,0 ,0 ,0 ,0
0 ,0 ,-12 ,-8 ,20 ,-16 | 3 ,0 ,1 ,0 ,0 ,0
0 ,0 ,14 ,8 ,-6 ,18 | -2 ,0 ,0 ,1 ,0 ,0
-4 ,-2 ,3 ,-6 ,4 ,-4 | 0 ,0 ,0 ,0 ,1 ,0
5 ,1 ,-5 ,-1 ,5 ,-2 | 0 ,0 ,0 ,0 ,0 ,1

R5 --> R5 - 2*R1

-2 ,0 ,-4 ,-2 ,5 ,-6 | 1 ,0 ,0 ,0 ,0 ,0
0 ,-1 ,-14 ,-6 ,16 ,-18 | 3 ,1 ,0 ,0 ,0 ,0
0 ,0 ,-12 ,-8 ,20 ,-16 | 3 ,0 ,1 ,0 ,0 ,0
0 ,0 ,14 ,8 ,-6 ,18 | -2 ,0 ,0 ,1 ,0 ,0
0 ,-2 ,11 ,-2 ,-6 ,8 | -2 ,0 ,0 ,0 ,1 ,0
5 ,1 ,-5 ,-1 ,5 ,-2 | 0 ,0 ,0 ,0 ,0 ,1

R6 --> R6 + 2.5*R1

-2 ,0 ,-4 ,-2 ,5 ,-6 | 1 ,0 ,0 ,0 ,0 ,0
0 ,-1 ,-14 ,-6 ,16 ,-18 | 3 ,1 ,0 ,0 ,0 ,0
0 ,0 ,-12 ,-8 ,20 ,-16 | 3 ,0 ,1 ,0 ,0 ,0
0 ,0 ,14 ,8 ,-6 ,18 | -2 ,0 ,0 ,1 ,0 ,0
0 ,-2 ,11 ,-2 ,-6 ,8 | -2 ,0 ,0 ,0 ,1 ,0
0 ,1 ,-15 ,-6 ,17.5 ,-17 | 2.5 ,0 ,0 ,0 ,0 ,1

R5 --> R5 - 2*R2

-2 ,0 ,-4 ,-2 ,5 ,-6 | 1 ,0 ,0 ,0 ,0 ,0
0 ,-1 ,-14 ,-6 ,16 ,-18 | 3 ,1 ,0 ,0 ,0 ,0
0 ,0 ,-12 ,-8 ,20 ,-16 | 3 ,0 ,1 ,0 ,0 ,0
0 ,0 ,14 ,8 ,-6 ,18 | -2 ,0 ,0 ,1 ,0 ,0
0 ,0 ,39 ,10 ,-38 ,44 | -8 ,-2 ,0 ,0 ,1 ,0
0 ,1 ,-15 ,-6 ,17.5 ,-17 | 2.5 ,0 ,0 ,0 ,0 ,1

R6 --> R6 + R2

-2 ,0 ,-4 ,-2 ,5 ,-6 | 1 ,0 ,0 ,0 ,0 ,0
0 ,-1 ,-14 ,-6 ,16 ,-18 | 3 ,1 ,0 ,0 ,0 ,0
0 ,0 ,-12 ,-8 ,20 ,-16 | 3 ,0 ,1 ,0 ,0 ,0
0 ,0 ,14 ,8 ,-6 ,18 | -2 ,0 ,0 ,1 ,0 ,0
0 ,0 ,39 ,10 ,-38 ,44 | -8 ,-2 ,0 ,0 ,1 ,0
0 ,0 ,-29 ,-12 ,33.5 ,-35 | 5.5 ,1 ,0 ,0 ,0 ,1

R1 --> R1 - 0.333*R3

-2 ,0 ,0 ,0.667 ,-1.667 ,-0.667 | 0 ,0 ,-0.333 ,0 ,0 ,0
0 ,-1 ,-14 ,-6 ,16 ,-18 | 3 ,1 ,0 ,0 ,0 ,0
0 ,0 ,-12 ,-8 ,20 ,-16 | 3 ,0 ,1 ,0 ,0 ,0
0 ,0 ,14 ,8 ,-6 ,18 | -2 ,0 ,0 ,1 ,0 ,0
0 ,0 ,39 ,10 ,-38 ,44 | -8 ,-2 ,0 ,0 ,1 ,0
0 ,0 ,-29 ,-12 ,33.5 ,-35 | 5.5 ,1 ,0 ,0 ,0 ,1

R2 --> R2 - 1.167*R3

-2 ,0 ,0 ,0.667 ,-1.667 ,-0.667 | 0 ,0 ,-0.333 ,0 ,0 ,0
0 ,-1 ,0 ,3.333 ,-7.333 ,0.667 | -0.5 ,1 ,-1.167 ,0 ,0 ,0
0 ,0 ,-12 ,-8 ,20 ,-16 | 3 ,0 ,1 ,0 ,0 ,0
0 ,0 ,14 ,8 ,-6 ,18 | -2 ,0 ,0 ,1 ,0 ,0
0 ,0 ,39 ,10 ,-38 ,44 | -8 ,-2 ,0 ,0 ,1 ,0
0 ,0 ,-29 ,-12 ,33.5 ,-35 | 5.5 ,1 ,0 ,0 ,0 ,1

R4 --> R4 + 1.167*R3

-2 ,0 ,0 ,0.667 ,-1.667 ,-0.667 | 0 ,0 ,-0.333 ,0 ,0 ,0
0 ,-1 ,0 ,3.333 ,-7.333 ,0.667 | -0.5 ,1 ,-1.167 ,0 ,0 ,0
0 ,0 ,-12 ,-8 ,20 ,-16 | 3 ,0 ,1 ,0 ,0 ,0
0 ,0 ,0 ,-1.333 ,17.333 ,-0.667 | 1.5 ,0 ,1.167 ,1 ,0 ,0
0 ,0 ,39 ,10 ,-38 ,44 | -8 ,-2 ,0 ,0 ,1 ,0
0 ,0 ,-29 ,-12 ,33.5 ,-35 | 5.5 ,1 ,0 ,0 ,0 ,1

R5 --> R5 + 3.25*R3

-2 ,0 ,0 ,0.667 ,-1.667 ,-0.667 | 0 ,0 ,-0.333 ,0 ,0 ,0
0 ,-1 ,0 ,3.333 ,-7.333 ,0.667 | -0.5 ,1 ,-1.167 ,0 ,0 ,0
0 ,0 ,-12 ,-8 ,20 ,-16 | 3 ,0 ,1 ,0 ,0 ,0
0 ,0 ,0 ,-1.333 ,17.333 ,-0.667 | 1.5 ,0 ,1.167 ,1 ,0 ,0
0 ,0 ,0 ,-16 ,27 ,-8 | 1.75 ,-2 ,3.25 ,0 ,1 ,0
0 ,0 ,-29 ,-12 ,33.5 ,-35 | 5.5 ,1 ,0 ,0 ,0 ,1

R6 --> R6 - 2.417*R3

-2 ,0 ,0 ,0.667 ,-1.667 ,-0.667 | 0 ,0 ,-0.333 ,0 ,0 ,0
0 ,-1 ,0 ,3.333 ,-7.333 ,0.667 | -0.5 ,1 ,-1.167 ,0 ,0 ,0
0 ,0 ,-12 ,-8 ,20 ,-16 | 3 ,0 ,1 ,0 ,0 ,0
0 ,0 ,0 ,-1.333 ,17.333 ,-0.667 | 1.5 ,0 ,1.167 ,1 ,0 ,0
0 ,0 ,0 ,-16 ,27 ,-8 | 1.75 ,-2 ,3.25 ,0 ,1 ,0
0 ,0 ,0 ,7.333 ,-14.833 ,3.667 | -1.75 ,1 ,-2.417 ,0 ,0 ,1

R1 --> R1 + 0.5*R4

-2 ,0 ,0 ,0 ,7 ,-1 | 0.75 ,0 ,0.25 ,0.5 ,0 ,0
0 ,-1 ,0 ,3.333 ,-7.333 ,0.667 | -0.5 ,1 ,-1.167 ,0 ,0 ,0
0 ,0 ,-12 ,-8 ,20 ,-16 | 3 ,0 ,1 ,0 ,0 ,0
0 ,0 ,0 ,-1.333 ,17.333 ,-0.667 | 1.5 ,0 ,1.167 ,1 ,0 ,0
0 ,0 ,0 ,-16 ,27 ,-8 | 1.75 ,-2 ,3.25 ,0 ,1 ,0
0 ,0 ,0 ,7.333 ,-14.833 ,3.667 | -1.75 ,1 ,-2.417 ,0 ,0 ,1

R2 --> R2 + 2.5*R4

-2 ,0 ,0 ,0 ,7 ,-1 | 0.75 ,0 ,0.25 ,0.5 ,0 ,0
0 ,-1 ,0 ,0 ,36 ,-1 | 3.25 ,1 ,1.75 ,2.5 ,0 ,0
0 ,0 ,-12 ,-8 ,20 ,-16 | 3 ,0 ,1 ,0 ,0 ,0
0 ,0 ,0 ,-1.333 ,17.333 ,-0.667 | 1.5 ,0 ,1.167 ,1 ,0 ,0
0 ,0 ,0 ,-16 ,27 ,-8 | 1.75 ,-2 ,3.25 ,0 ,1 ,0
0 ,0 ,0 ,7.333 ,-14.833 ,3.667 | -1.75 ,1 ,-2.417 ,0 ,0 ,1

R3 --> R3 - 6*R4

-2 ,0 ,0 ,0 ,7 ,-1 | 0.75 ,0 ,0.25 ,0.5 ,0 ,0
0 ,-1 ,0 ,0 ,36 ,-1 | 3.25 ,1 ,1.75 ,2.5 ,0 ,0
0 ,0 ,-12 ,0 ,-84 ,-12 | -6 ,0 ,-6 ,-6 ,0 ,0
0 ,0 ,0 ,-1.333 ,17.333 ,-0.667 | 1.5 ,0 ,1.167 ,1 ,0 ,0
0 ,0 ,0 ,-16 ,27 ,-8 | 1.75 ,-2 ,3.25 ,0 ,1 ,0
0 ,0 ,0 ,7.333 ,-14.833 ,3.667 | -1.75 ,1 ,-2.417 ,0 ,0 ,1

R5 --> R5 - 12*R4

-2 ,0 ,0 ,0 ,7 ,-1 | 0.75 ,0 ,0.25 ,0.5 ,0 ,0
0 ,-1 ,0 ,0 ,36 ,-1 | 3.25 ,1 ,1.75 ,2.5 ,0 ,0
0 ,0 ,-12 ,0 ,-84 ,-12 | -6 ,0 ,-6 ,-6 ,0 ,0
0 ,0 ,0 ,-1.333 ,17.333 ,-0.667 | 1.5 ,0 ,1.167 ,1 ,0 ,0
0 ,0 ,0 ,0 ,-181 ,0 | -16.25 ,-2 ,-10.75 ,-12 ,1 ,0
0 ,0 ,0 ,7.333 ,-14.833 ,3.667 | -1.75 ,1 ,-2.417 ,0 ,0 ,1

R6 --> R6 + 5.5*R4

-2 ,0 ,0 ,0 ,7 ,-1 | 0.75 ,0 ,0.25 ,0.5 ,0 ,0
0 ,-1 ,0 ,0 ,36 ,-1 | 3.25 ,1 ,1.75 ,2.5 ,0 ,0
0 ,0 ,-12 ,0 ,-84 ,-12 | -6 ,0 ,-6 ,-6 ,0 ,0
0 ,0 ,0 ,-1.333 ,17.333 ,-0.667 | 1.5 ,0 ,1.167 ,1 ,0 ,0
0 ,0 ,0 ,0 ,-181 ,0 | -16.25 ,-2 ,-10.75 ,-12 ,1 ,0
0 ,0 ,0 ,0 ,80.5 ,0 | 6.5 ,1 ,4 ,5.5 ,0 ,1

R1 --> R1 + 0.039*R5

-2 ,0 ,0 ,0 ,0 ,-1 | 0.122 ,-0.077 ,-0.166 ,0.036 ,0.039 ,0
0 ,-1 ,0 ,0 ,36 ,-1 | 3.25 ,1 ,1.75 ,2.5 ,0 ,0
0 ,0 ,-12 ,0 ,-84 ,-12 | -6 ,0 ,-6 ,-6 ,0 ,0
0 ,0 ,0 ,-1.333 ,17.333 ,-0.667 | 1.5 ,0 ,1.167 ,1 ,0 ,0
0 ,0 ,0 ,0 ,-181 ,0 | -16.25 ,-2 ,-10.75 ,-12 ,1 ,0
0 ,0 ,0 ,0 ,80.5 ,0 | 6.5 ,1 ,4 ,5.5 ,0 ,1

R2 --> R2 + 0.199*R5

-2 ,0 ,0 ,0 ,0 ,-1 | 0.122 ,-0.077 ,-0.166 ,0.036 ,0.039 ,0
0 ,-1 ,0 ,0 ,0 ,-1 | 0.018 ,0.602 ,-0.388 ,0.113 ,0.199 ,0
0 ,0 ,-12 ,0 ,-84 ,-12 | -6 ,0 ,-6 ,-6 ,0 ,0
0 ,0 ,0 ,-1.333 ,17.333 ,-0.667 | 1.5 ,0 ,1.167 ,1 ,0 ,0
0 ,0 ,0 ,0 ,-181 ,0 | -16.25 ,-2 ,-10.75 ,-12 ,1 ,0
0 ,0 ,0 ,0 ,80.5 ,0 | 6.5 ,1 ,4 ,5.5 ,0 ,1

R3 --> R3 - 0.464*R5

-2 ,0 ,0 ,0 ,0 ,-1 | 0.122 ,-0.077 ,-0.166 ,0.036 ,0.039 ,0
0 ,-1 ,0 ,0 ,0 ,-1 | 0.018 ,0.602 ,-0.388 ,0.113 ,0.199 ,0
0 ,0 ,-12 ,0 ,0 ,-12 | 1.541 ,0.928 ,-1.011 ,-0.431 ,-0.464 ,0
0 ,0 ,0 ,-1.333 ,17.333 ,-0.667 | 1.5 ,0 ,1.167 ,1 ,0 ,0
0 ,0 ,0 ,0 ,-181 ,0 | -16.25 ,-2 ,-10.75 ,-12 ,1 ,0
0 ,0 ,0 ,0 ,80.5 ,0 | 6.5 ,1 ,4 ,5.5 ,0 ,1

R4 --> R4 + 0.096*R5

-2 ,0 ,0 ,0 ,0 ,-1 | 0.122 ,-0.077 ,-0.166 ,0.036 ,0.039 ,0
0 ,-1 ,0 ,0 ,0 ,-1 | 0.018 ,0.602 ,-0.388 ,0.113 ,0.199 ,0
0 ,0 ,-12 ,0 ,0 ,-12 | 1.541 ,0.928 ,-1.011 ,-0.431 ,-0.464 ,0
0 ,0 ,0 ,-1.333 ,0 ,-0.667 | -0.056 ,-0.192 ,0.137 ,-0.149 ,0.096 ,0
0 ,0 ,0 ,0 ,-181 ,0 | -16.25 ,-2 ,-10.75 ,-12 ,1 ,0
0 ,0 ,0 ,0 ,80.5 ,0 | 6.5 ,1 ,4 ,5.5 ,0 ,1

R6 --> R6 + 0.445*R5

-2 ,0 ,0 ,0 ,0 ,-1 | 0.122 ,-0.077 ,-0.166 ,0.036 ,0.039 ,0
0 ,-1 ,0 ,0 ,0 ,-1 | 0.018 ,0.602 ,-0.388 ,0.113 ,0.199 ,0
0 ,0 ,-12 ,0 ,0 ,-12 | 1.541 ,0.928 ,-1.011 ,-0.431 ,-0.464 ,0
0 ,0 ,0 ,-1.333 ,0 ,-0.667 | -0.056 ,-0.192 ,0.137 ,-0.149 ,0.096 ,0
0 ,0 ,0 ,0 ,-181 ,0 | -16.25 ,-2 ,-10.75 ,-12 ,1 ,0
0 ,0 ,0 ,0 ,0 ,0 | -0.727 ,0.11 ,-0.781 ,0.163 ,0.445 ,1

R6 --> 969564.75*R6

-2 ,0 ,0 ,0 ,0 ,-1 | 0.122 ,-0.077 ,-0.166 ,0.036 ,0.039 ,0
0 ,-1 ,0 ,0 ,0 ,-1 | 0.018 ,0.602 ,-0.388 ,0.113 ,0.199 ,0
0 ,0 ,-12 ,0 ,0 ,-12 | 1.541 ,0.928 ,-1.011 ,-0.431 ,-0.464 ,0
0 ,0 ,0 ,-1.333 ,0 ,-0.667 | -0.056 ,-0.192 ,0.137 ,-0.149 ,0.096 ,0
0 ,0 ,0 ,0 ,-181 ,0 | -16.25 ,-2 ,-10.75 ,-12 ,1 ,0
0 ,0 ,0 ,0 ,0 ,1 | -705076.75 ,107134.109 ,-757305.125 ,158022.969 ,431215.313 ,969564.75

R1 --> R1 + R6

-2 ,0 ,0 ,0 ,0 ,0 | -705076.562 ,107134.016 ,-757305.25 ,158022.984 ,431215.281 ,969564.625
0 ,-1 ,0 ,0 ,0 ,-1 | 0.018 ,0.602 ,-0.388 ,0.113 ,0.199 ,0
0 ,0 ,-12 ,0 ,0 ,-12 | 1.541 ,0.928 ,-1.011 ,-0.431 ,-0.464 ,0
0 ,0 ,0 ,-1.333 ,0 ,-0.667 | -0.056 ,-0.192 ,0.137 ,-0.149 ,0.096 ,0
0 ,0 ,0 ,0 ,-181 ,0 | -16.25 ,-2 ,-10.75 ,-12 ,1 ,0
0 ,0 ,0 ,0 ,0 ,1 | -705076.75 ,107134.109 ,-757305.125 ,158022.969 ,431215.313 ,969564.75

R1 --> -0.5*R1

1 ,0 ,0 ,0 ,0 ,0 | 352538.281 ,-53567.008 ,378652.625 ,-79011.492 ,-215607.641 ,-484782.312
0 ,-1 ,0 ,0 ,0 ,-1 | 0.018 ,0.602 ,-0.388 ,0.113 ,0.199 ,0
0 ,0 ,-12 ,0 ,0 ,-12 | 1.541 ,0.928 ,-1.011 ,-0.431 ,-0.464 ,0
0 ,0 ,0 ,-1.333 ,0 ,-0.667 | -0.056 ,-0.192 ,0.137 ,-0.149 ,0.096 ,0
0 ,0 ,0 ,0 ,-181 ,0 | -16.25 ,-2 ,-10.75 ,-12 ,1 ,0
0 ,0 ,0 ,0 ,0 ,1 | -705076.75 ,107134.109 ,-757305.125 ,158022.969 ,431215.313 ,969564.75

R2 --> R2 + R6

1 ,0 ,0 ,0 ,0 ,0 | 352538.281 ,-53567.008 ,378652.625 ,-79011.492 ,-215607.641 ,-484782.312
0 ,-1 ,0 ,0 ,0 ,0 | -705077.187 ,107134.773 ,-757305.937 ,158023.172 ,431215.75 ,969565.313
0 ,0 ,-12 ,0 ,0 ,-12 | 1.541 ,0.928 ,-1.011 ,-0.431 ,-0.464 ,0
0 ,0 ,0 ,-1.333 ,0 ,-0.667 | -0.056 ,-0.192 ,0.137 ,-0.149 ,0.096 ,0
0 ,0 ,0 ,0 ,-181 ,0 | -16.25 ,-2 ,-10.75 ,-12 ,1 ,0
0 ,0 ,0 ,0 ,0 ,1 | -705076.75 ,107134.109 ,-757305.125 ,158022.969 ,431215.313 ,969564.75

R2 --> - R2

1 ,0 ,0 ,0 ,0 ,0 | 352538.281 ,-53567.008 ,378652.625 ,-79011.492 ,-215607.641 ,-484782.312
0 ,1 ,0 ,0 ,0 ,0 | 705077.188 ,-107134.773 ,757305.938 ,-158023.172 ,-431215.75 ,-969565.312
0 ,0 ,-12 ,0 ,0 ,-12 | 1.541 ,0.928 ,-1.011 ,-0.431 ,-0.464 ,0
0 ,0 ,0 ,-1.333 ,0 ,-0.667 | -0.056 ,-0.192 ,0.137 ,-0.149 ,0.096 ,0
0 ,0 ,0 ,0 ,-181 ,0 | -16.25 ,-2 ,-10.75 ,-12 ,1 ,0
0 ,0 ,0 ,0 ,0 ,1 | -705076.75 ,107134.109 ,-757305.125 ,158022.969 ,431215.313 ,969564.75

R3 --> R3 + 12*R6

1 ,0 ,0 ,0 ,0 ,0 | 352538.281 ,-53567.008 ,378652.625 ,-79011.492 ,-215607.641 ,-484782.312
0 ,1 ,0 ,0 ,0 ,0 | 705077.188 ,-107134.773 ,757305.938 ,-158023.172 ,-431215.75 ,-969565.312
0 ,0 ,-12 ,0 ,0 ,0 | -8460919 ,1285610.125 ,-9087663 ,1896275.25 ,5174583.5 ,11634777
0 ,0 ,0 ,-1.333 ,0 ,-0.667 | -0.056 ,-0.192 ,0.137 ,-0.149 ,0.096 ,0
0 ,0 ,0 ,0 ,-181 ,0 | -16.25 ,-2 ,-10.75 ,-12 ,1 ,0
0 ,0 ,0 ,0 ,0 ,1 | -705076.75 ,107134.109 ,-757305.125 ,158022.969 ,431215.313 ,969564.75

R3 --> -0.083*R3

1 ,0 ,0 ,0 ,0 ,0 | 352538.281 ,-53567.008 ,378652.625 ,-79011.492 ,-215607.641 ,-484782.312
0 ,1 ,0 ,0 ,0 ,0 | 705077.188 ,-107134.773 ,757305.938 ,-158023.172 ,-431215.75 ,-969565.312
0 ,0 ,1 ,0 ,0 ,0 | 705076.563 ,-107134.18 ,757305.25 ,-158022.937 ,-431215.281 ,-969564.75
0 ,0 ,0 ,-1.333 ,0 ,-0.667 | -0.056 ,-0.192 ,0.137 ,-0.149 ,0.096 ,0
0 ,0 ,0 ,0 ,-181 ,0 | -16.25 ,-2 ,-10.75 ,-12 ,1 ,0
0 ,0 ,0 ,0 ,0 ,1 | -705076.75 ,107134.109 ,-757305.125 ,158022.969 ,431215.313 ,969564.75

R4 --> R4 + 0.667*R6

1 ,0 ,0 ,0 ,0 ,0 | 352538.281 ,-53567.008 ,378652.625 ,-79011.492 ,-215607.641 ,-484782.312
0 ,1 ,0 ,0 ,0 ,0 | 705077.188 ,-107134.773 ,757305.938 ,-158023.172 ,-431215.75 ,-969565.312
0 ,0 ,1 ,0 ,0 ,0 | 705076.563 ,-107134.18 ,757305.25 ,-158022.937 ,-431215.281 ,-969564.75
0 ,0 ,0 ,-1.333 ,0 ,0 | -470051.156 ,71422.531 ,-504869.875 ,105348.484 ,287476.938 ,646376.375
0 ,0 ,0 ,0 ,-181 ,0 | -16.25 ,-2 ,-10.75 ,-12 ,1 ,0
0 ,0 ,0 ,0 ,0 ,1 | -705076.75 ,107134.109 ,-757305.125 ,158022.969 ,431215.313 ,969564.75

R4 --> -0.75*R4

1 ,0 ,0 ,0 ,0 ,0 | 352538.281 ,-53567.008 ,378652.625 ,-79011.492 ,-215607.641 ,-484782.312
0 ,1 ,0 ,0 ,0 ,0 | 705077.188 ,-107134.773 ,757305.938 ,-158023.172 ,-431215.75 ,-969565.312
0 ,0 ,1 ,0 ,0 ,0 | 705076.563 ,-107134.18 ,757305.25 ,-158022.937 ,-431215.281 ,-969564.75
0 ,0 ,0 ,1 ,0 ,0 | 352538.438 ,-53566.91 ,378652.5 ,-79011.383 ,-215607.75 ,-484782.406
0 ,0 ,0 ,0 ,-181 ,0 | -16.25 ,-2 ,-10.75 ,-12 ,1 ,0
0 ,0 ,0 ,0 ,0 ,1 | -705076.75 ,107134.109 ,-757305.125 ,158022.969 ,431215.313 ,969564.75

R5 --> R5 + 0*R6

1 ,0 ,0 ,0 ,0 ,0 | 352538.281 ,-53567.008 ,378652.625 ,-79011.492 ,-215607.641 ,-484782.312
0 ,1 ,0 ,0 ,0 ,0 | 705077.188 ,-107134.773 ,757305.938 ,-158023.172 ,-431215.75 ,-969565.312
0 ,0 ,1 ,0 ,0 ,0 | 705076.563 ,-107134.18 ,757305.25 ,-158022.937 ,-431215.281 ,-969564.75
0 ,0 ,0 ,1 ,0 ,0 | 352538.438 ,-53566.91 ,378652.5 ,-79011.383 ,-215607.75 ,-484782.406
0 ,0 ,0 ,0 ,-181 ,0 | -20.284 ,-1.387 ,-15.083 ,-11.096 ,3.467 ,5.548
0 ,0 ,0 ,0 ,0 ,1 | -705076.75 ,107134.109 ,-757305.125 ,158022.969 ,431215.313 ,969564.75

R5 --> -0.006*R5

1 ,0 ,0 ,0 ,0 ,0 | 352538.281 ,-53567.008 ,378652.625 ,-79011.492 ,-215607.641 ,-484782.312
0 ,1 ,0 ,0 ,0 ,0 | 705077.188 ,-107134.773 ,757305.938 ,-158023.172 ,-431215.75 ,-969565.312
0 ,0 ,1 ,0 ,0 ,0 | 705076.563 ,-107134.18 ,757305.25 ,-158022.937 ,-431215.281 ,-969564.75
0 ,0 ,0 ,1 ,0 ,0 | 352538.438 ,-53566.91 ,378652.5 ,-79011.383 ,-215607.75 ,-484782.406
0 ,0 ,0 ,0 ,1 ,0 | 0.112 ,0.008 ,0.083 ,0.061 ,-0.019 ,-0.031
0 ,0 ,0 ,0 ,0 ,1 | -705076.75 ,107134.109 ,-757305.125 ,158022.969 ,431215.313 ,969564.75

the invertible of this matrix is:
352538.281 ,-53567.008 ,378652.625 ,-79011.492 ,-215607.641 ,-484782.312
705077.188 ,-107134.773 ,757305.938 ,-158023.172 ,-431215.75 ,-969565.312
705076.563 ,-107134.18 ,757305.25 ,-158022.937 ,-431215.281 ,-969564.75
352538.438 ,-53566.91 ,378652.5 ,-79011.383 ,-215607.75 ,-484782.406
0.112 ,0.008 ,0.083 ,0.061 ,-0.019 ,-0.031
-705076.75 ,107134.109 ,-757305.125 ,158022.969 ,431215.313 ,969564.75

