solve the next system in R7 space (7 equations)(7 unknowns):
eq1: + 2*x1 + 3*x2 +   x3 - 4*x4        - 3*x6         = 0
eq2: - 3*x1 +   x2 +   x3 +   x4        - 4*x6 -   x7  = 0
eq3:        +   x2        - 2*x4 +   x5 -   x6 +   x7  = 0
eq4: - 4*x1 +   x2 - 3*x3 +   x4        - 2*x6 +   x7  = 0
eq5: +   x1 - 3*x2        - 2*x4 - 4*x5 +   x6         = 0
eq6: +   x1 - 2*x2 + 3*x3        - 4*x5 - 2*x6 - 4*x7  = 0
eq7:        + 4*x2 - 4*x3 - 2*x4 - 3*x5 - 2*x6 + 3*x7  = 0

2 ,3 ,1 ,-4 ,0 ,-3 ,0 | 0
-3 ,1 ,1 ,1 ,0 ,-4 ,-1 | 0
0 ,1 ,0 ,-2 ,1 ,-1 ,1 | 0
-4 ,1 ,-3 ,1 ,0 ,-2 ,1 | 0
1 ,-3 ,0 ,-2 ,-4 ,1 ,0 | 0
1 ,-2 ,3 ,0 ,-4 ,-2 ,-4 | 0
0 ,4 ,-4 ,-2 ,-3 ,-2 ,3 | 0

implement the solution by ranking rows method:
transform A matrix to I by a ranking rows:
R2 --> R2 + 1.5*R1

2 ,3 ,1 ,-4 ,0 ,-3 ,0 | 0
0 ,5.5 ,2.5 ,-5 ,0 ,-8.5 ,-1 | 0
0 ,1 ,0 ,-2 ,1 ,-1 ,1 | 0
-4 ,1 ,-3 ,1 ,0 ,-2 ,1 | 0
1 ,-3 ,0 ,-2 ,-4 ,1 ,0 | 0
1 ,-2 ,3 ,0 ,-4 ,-2 ,-4 | 0
0 ,4 ,-4 ,-2 ,-3 ,-2 ,3 | 0

R4 --> R4 + 2*R1

2 ,3 ,1 ,-4 ,0 ,-3 ,0 | 0
0 ,5.5 ,2.5 ,-5 ,0 ,-8.5 ,-1 | 0
0 ,1 ,0 ,-2 ,1 ,-1 ,1 | 0
0 ,7 ,-1 ,-7 ,0 ,-8 ,1 | 0
1 ,-3 ,0 ,-2 ,-4 ,1 ,0 | 0
1 ,-2 ,3 ,0 ,-4 ,-2 ,-4 | 0
0 ,4 ,-4 ,-2 ,-3 ,-2 ,3 | 0

R5 --> R5 - 0.5*R1

2 ,3 ,1 ,-4 ,0 ,-3 ,0 | 0
0 ,5.5 ,2.5 ,-5 ,0 ,-8.5 ,-1 | 0
0 ,1 ,0 ,-2 ,1 ,-1 ,1 | 0
0 ,7 ,-1 ,-7 ,0 ,-8 ,1 | 0
0 ,-4.5 ,-0.5 ,0 ,-4 ,2.5 ,0 | 0
1 ,-2 ,3 ,0 ,-4 ,-2 ,-4 | 0
0 ,4 ,-4 ,-2 ,-3 ,-2 ,3 | 0

R6 --> R6 - 0.5*R1

2 ,3 ,1 ,-4 ,0 ,-3 ,0 | 0
0 ,5.5 ,2.5 ,-5 ,0 ,-8.5 ,-1 | 0
0 ,1 ,0 ,-2 ,1 ,-1 ,1 | 0
0 ,7 ,-1 ,-7 ,0 ,-8 ,1 | 0
0 ,-4.5 ,-0.5 ,0 ,-4 ,2.5 ,0 | 0
0 ,-3.5 ,2.5 ,2 ,-4 ,-0.5 ,-4 | 0
0 ,4 ,-4 ,-2 ,-3 ,-2 ,3 | 0

R1 --> R1 - 0.545*R2

2 ,0 ,-0.364 ,-1.273 ,0 ,1.636 ,0.545 | 0
0 ,5.5 ,2.5 ,-5 ,0 ,-8.5 ,-1 | 0
0 ,1 ,0 ,-2 ,1 ,-1 ,1 | 0
0 ,7 ,-1 ,-7 ,0 ,-8 ,1 | 0
0 ,-4.5 ,-0.5 ,0 ,-4 ,2.5 ,0 | 0
0 ,-3.5 ,2.5 ,2 ,-4 ,-0.5 ,-4 | 0
0 ,4 ,-4 ,-2 ,-3 ,-2 ,3 | 0

R3 --> R3 - 0.182*R2

2 ,0 ,-0.364 ,-1.273 ,0 ,1.636 ,0.545 | 0
0 ,5.5 ,2.5 ,-5 ,0 ,-8.5 ,-1 | 0
0 ,0 ,-0.455 ,-1.091 ,1 ,0.545 ,1.182 | 0
0 ,7 ,-1 ,-7 ,0 ,-8 ,1 | 0
0 ,-4.5 ,-0.5 ,0 ,-4 ,2.5 ,0 | 0
0 ,-3.5 ,2.5 ,2 ,-4 ,-0.5 ,-4 | 0
0 ,4 ,-4 ,-2 ,-3 ,-2 ,3 | 0

R4 --> R4 - 1.273*R2

2 ,0 ,-0.364 ,-1.273 ,0 ,1.636 ,0.545 | 0
0 ,5.5 ,2.5 ,-5 ,0 ,-8.5 ,-1 | 0
0 ,0 ,-0.455 ,-1.091 ,1 ,0.545 ,1.182 | 0
0 ,0 ,-4.182 ,-0.636 ,0 ,2.818 ,2.273 | 0
0 ,-4.5 ,-0.5 ,0 ,-4 ,2.5 ,0 | 0
0 ,-3.5 ,2.5 ,2 ,-4 ,-0.5 ,-4 | 0
0 ,4 ,-4 ,-2 ,-3 ,-2 ,3 | 0

R5 --> R5 + 0.818*R2

2 ,0 ,-0.364 ,-1.273 ,0 ,1.636 ,0.545 | 0
0 ,5.5 ,2.5 ,-5 ,0 ,-8.5 ,-1 | 0
0 ,0 ,-0.455 ,-1.091 ,1 ,0.545 ,1.182 | 0
0 ,0 ,-4.182 ,-0.636 ,0 ,2.818 ,2.273 | 0
0 ,0 ,1.545 ,-4.091 ,-4 ,-4.455 ,-0.818 | 0
0 ,-3.5 ,2.5 ,2 ,-4 ,-0.5 ,-4 | 0
0 ,4 ,-4 ,-2 ,-3 ,-2 ,3 | 0

R6 --> R6 + 0.636*R2

2 ,0 ,-0.364 ,-1.273 ,0 ,1.636 ,0.545 | 0
0 ,5.5 ,2.5 ,-5 ,0 ,-8.5 ,-1 | 0
0 ,0 ,-0.455 ,-1.091 ,1 ,0.545 ,1.182 | 0
0 ,0 ,-4.182 ,-0.636 ,0 ,2.818 ,2.273 | 0
0 ,0 ,1.545 ,-4.091 ,-4 ,-4.455 ,-0.818 | 0
0 ,0 ,4.091 ,-1.182 ,-4 ,-5.909 ,-4.636 | 0
0 ,4 ,-4 ,-2 ,-3 ,-2 ,3 | 0

R7 --> R7 - 0.727*R2

2 ,0 ,-0.364 ,-1.273 ,0 ,1.636 ,0.545 | 0
0 ,5.5 ,2.5 ,-5 ,0 ,-8.5 ,-1 | 0
0 ,0 ,-0.455 ,-1.091 ,1 ,0.545 ,1.182 | 0
0 ,0 ,-4.182 ,-0.636 ,0 ,2.818 ,2.273 | 0
0 ,0 ,1.545 ,-4.091 ,-4 ,-4.455 ,-0.818 | 0
0 ,0 ,4.091 ,-1.182 ,-4 ,-5.909 ,-4.636 | 0
0 ,0 ,-5.818 ,1.636 ,-3 ,4.182 ,3.727 | 0

R1 --> R1 - 0.8*R3

2 ,0 ,0 ,-0.4 ,-0.8 ,1.2 ,-0.4 | 0
0 ,5.5 ,2.5 ,-5 ,0 ,-8.5 ,-1 | 0
0 ,0 ,-0.455 ,-1.091 ,1 ,0.545 ,1.182 | 0
0 ,0 ,-4.182 ,-0.636 ,0 ,2.818 ,2.273 | 0
0 ,0 ,1.545 ,-4.091 ,-4 ,-4.455 ,-0.818 | 0
0 ,0 ,4.091 ,-1.182 ,-4 ,-5.909 ,-4.636 | 0
0 ,0 ,-5.818 ,1.636 ,-3 ,4.182 ,3.727 | 0

R2 --> R2 + 5.5*R3

2 ,0 ,0 ,-0.4 ,-0.8 ,1.2 ,-0.4 | 0
0 ,5.5 ,0 ,-11 ,5.5 ,-5.5 ,5.5 | 0
0 ,0 ,-0.455 ,-1.091 ,1 ,0.545 ,1.182 | 0
0 ,0 ,-4.182 ,-0.636 ,0 ,2.818 ,2.273 | 0
0 ,0 ,1.545 ,-4.091 ,-4 ,-4.455 ,-0.818 | 0
0 ,0 ,4.091 ,-1.182 ,-4 ,-5.909 ,-4.636 | 0
0 ,0 ,-5.818 ,1.636 ,-3 ,4.182 ,3.727 | 0

R4 --> R4 - 9.2*R3

2 ,0 ,0 ,-0.4 ,-0.8 ,1.2 ,-0.4 | 0
0 ,5.5 ,0 ,-11 ,5.5 ,-5.5 ,5.5 | 0
0 ,0 ,-0.455 ,-1.091 ,1 ,0.545 ,1.182 | 0
0 ,0 ,0 ,9.4 ,-9.2 ,-2.2 ,-8.6 | 0
0 ,0 ,1.545 ,-4.091 ,-4 ,-4.455 ,-0.818 | 0
0 ,0 ,4.091 ,-1.182 ,-4 ,-5.909 ,-4.636 | 0
0 ,0 ,-5.818 ,1.636 ,-3 ,4.182 ,3.727 | 0

R5 --> R5 + 3.4*R3

2 ,0 ,0 ,-0.4 ,-0.8 ,1.2 ,-0.4 | 0
0 ,5.5 ,0 ,-11 ,5.5 ,-5.5 ,5.5 | 0
0 ,0 ,-0.455 ,-1.091 ,1 ,0.545 ,1.182 | 0
0 ,0 ,0 ,9.4 ,-9.2 ,-2.2 ,-8.6 | 0
0 ,0 ,0 ,-7.8 ,-0.6 ,-2.6 ,3.2 | 0
0 ,0 ,4.091 ,-1.182 ,-4 ,-5.909 ,-4.636 | 0
0 ,0 ,-5.818 ,1.636 ,-3 ,4.182 ,3.727 | 0

R6 --> R6 + 9*R3

2 ,0 ,0 ,-0.4 ,-0.8 ,1.2 ,-0.4 | 0
0 ,5.5 ,0 ,-11 ,5.5 ,-5.5 ,5.5 | 0
0 ,0 ,-0.455 ,-1.091 ,1 ,0.545 ,1.182 | 0
0 ,0 ,0 ,9.4 ,-9.2 ,-2.2 ,-8.6 | 0
0 ,0 ,0 ,-7.8 ,-0.6 ,-2.6 ,3.2 | 0
0 ,0 ,0 ,-11 ,5 ,-1 ,6 | 0
0 ,0 ,-5.818 ,1.636 ,-3 ,4.182 ,3.727 | 0

R7 --> R7 - 12.8*R3

2 ,0 ,0 ,-0.4 ,-0.8 ,1.2 ,-0.4 | 0
0 ,5.5 ,0 ,-11 ,5.5 ,-5.5 ,5.5 | 0
0 ,0 ,-0.455 ,-1.091 ,1 ,0.545 ,1.182 | 0
0 ,0 ,0 ,9.4 ,-9.2 ,-2.2 ,-8.6 | 0
0 ,0 ,0 ,-7.8 ,-0.6 ,-2.6 ,3.2 | 0
0 ,0 ,0 ,-11 ,5 ,-1 ,6 | 0
0 ,0 ,0 ,15.6 ,-15.8 ,-2.8 ,-11.4 | 0

R1 --> R1 + 0.043*R4

2 ,0 ,0 ,0 ,-1.191 ,1.106 ,-0.766 | 0
0 ,5.5 ,0 ,-11 ,5.5 ,-5.5 ,5.5 | 0
0 ,0 ,-0.455 ,-1.091 ,1 ,0.545 ,1.182 | 0
0 ,0 ,0 ,9.4 ,-9.2 ,-2.2 ,-8.6 | 0
0 ,0 ,0 ,-7.8 ,-0.6 ,-2.6 ,3.2 | 0
0 ,0 ,0 ,-11 ,5 ,-1 ,6 | 0
0 ,0 ,0 ,15.6 ,-15.8 ,-2.8 ,-11.4 | 0

R2 --> R2 + 1.17*R4

2 ,0 ,0 ,0 ,-1.191 ,1.106 ,-0.766 | 0
0 ,5.5 ,0 ,0 ,-5.266 ,-8.074 ,-4.564 | 0
0 ,0 ,-0.455 ,-1.091 ,1 ,0.545 ,1.182 | 0
0 ,0 ,0 ,9.4 ,-9.2 ,-2.2 ,-8.6 | 0
0 ,0 ,0 ,-7.8 ,-0.6 ,-2.6 ,3.2 | 0
0 ,0 ,0 ,-11 ,5 ,-1 ,6 | 0
0 ,0 ,0 ,15.6 ,-15.8 ,-2.8 ,-11.4 | 0

R3 --> R3 + 0.116*R4

2 ,0 ,0 ,0 ,-1.191 ,1.106 ,-0.766 | 0
0 ,5.5 ,0 ,0 ,-5.266 ,-8.074 ,-4.564 | 0
0 ,0 ,-0.455 ,0 ,-0.068 ,0.29 ,0.184 | 0
0 ,0 ,0 ,9.4 ,-9.2 ,-2.2 ,-8.6 | 0
0 ,0 ,0 ,-7.8 ,-0.6 ,-2.6 ,3.2 | 0
0 ,0 ,0 ,-11 ,5 ,-1 ,6 | 0
0 ,0 ,0 ,15.6 ,-15.8 ,-2.8 ,-11.4 | 0

R5 --> R5 + 0.83*R4

2 ,0 ,0 ,0 ,-1.191 ,1.106 ,-0.766 | 0
0 ,5.5 ,0 ,0 ,-5.266 ,-8.074 ,-4.564 | 0
0 ,0 ,-0.455 ,0 ,-0.068 ,0.29 ,0.184 | 0
0 ,0 ,0 ,9.4 ,-9.2 ,-2.2 ,-8.6 | 0
0 ,0 ,0 ,0 ,-8.234 ,-4.426 ,-3.936 | 0
0 ,0 ,0 ,-11 ,5 ,-1 ,6 | 0
0 ,0 ,0 ,15.6 ,-15.8 ,-2.8 ,-11.4 | 0

R6 --> R6 + 1.17*R4

2 ,0 ,0 ,0 ,-1.191 ,1.106 ,-0.766 | 0
0 ,5.5 ,0 ,0 ,-5.266 ,-8.074 ,-4.564 | 0
0 ,0 ,-0.455 ,0 ,-0.068 ,0.29 ,0.184 | 0
0 ,0 ,0 ,9.4 ,-9.2 ,-2.2 ,-8.6 | 0
0 ,0 ,0 ,0 ,-8.234 ,-4.426 ,-3.936 | 0
0 ,0 ,0 ,0 ,-5.766 ,-3.574 ,-4.064 | 0
0 ,0 ,0 ,15.6 ,-15.8 ,-2.8 ,-11.4 | 0

R7 --> R7 - 1.66*R4

2 ,0 ,0 ,0 ,-1.191 ,1.106 ,-0.766 | 0
0 ,5.5 ,0 ,0 ,-5.266 ,-8.074 ,-4.564 | 0
0 ,0 ,-0.455 ,0 ,-0.068 ,0.29 ,0.184 | 0
0 ,0 ,0 ,9.4 ,-9.2 ,-2.2 ,-8.6 | 0
0 ,0 ,0 ,0 ,-8.234 ,-4.426 ,-3.936 | 0
0 ,0 ,0 ,0 ,-5.766 ,-3.574 ,-4.064 | 0
0 ,0 ,0 ,0 ,-0.532 ,0.851 ,2.872 | 0

R1 --> R1 - 0.145*R5

2 ,0 ,0 ,0 ,0 ,1.747 ,-0.196 | 0
0 ,5.5 ,0 ,0 ,-5.266 ,-8.074 ,-4.564 | 0
0 ,0 ,-0.455 ,0 ,-0.068 ,0.29 ,0.184 | 0
0 ,0 ,0 ,9.4 ,-9.2 ,-2.2 ,-8.6 | 0
0 ,0 ,0 ,0 ,-8.234 ,-4.426 ,-3.936 | 0
0 ,0 ,0 ,0 ,-5.766 ,-3.574 ,-4.064 | 0
0 ,0 ,0 ,0 ,-0.532 ,0.851 ,2.872 | 0

R2 --> R2 - 0.64*R5

2 ,0 ,0 ,0 ,0 ,1.747 ,-0.196 | 0
0 ,5.5 ,0 ,0 ,0 ,-5.244 ,-2.047 | 0
0 ,0 ,-0.455 ,0 ,-0.068 ,0.29 ,0.184 | 0
0 ,0 ,0 ,9.4 ,-9.2 ,-2.2 ,-8.6 | 0
0 ,0 ,0 ,0 ,-8.234 ,-4.426 ,-3.936 | 0
0 ,0 ,0 ,0 ,-5.766 ,-3.574 ,-4.064 | 0
0 ,0 ,0 ,0 ,-0.532 ,0.851 ,2.872 | 0

R3 --> R3 - 0.008*R5

2 ,0 ,0 ,0 ,0 ,1.747 ,-0.196 | 0
0 ,5.5 ,0 ,0 ,0 ,-5.244 ,-2.047 | 0
0 ,0 ,-0.455 ,0 ,0 ,0.327 ,0.216 | 0
0 ,0 ,0 ,9.4 ,-9.2 ,-2.2 ,-8.6 | 0
0 ,0 ,0 ,0 ,-8.234 ,-4.426 ,-3.936 | 0
0 ,0 ,0 ,0 ,-5.766 ,-3.574 ,-4.064 | 0
0 ,0 ,0 ,0 ,-0.532 ,0.851 ,2.872 | 0

R4 --> R4 - 1.117*R5

2 ,0 ,0 ,0 ,0 ,1.747 ,-0.196 | 0
0 ,5.5 ,0 ,0 ,0 ,-5.244 ,-2.047 | 0
0 ,0 ,-0.455 ,0 ,0 ,0.327 ,0.216 | 0
0 ,0 ,0 ,9.4 ,0 ,2.745 ,-4.202 | 0
0 ,0 ,0 ,0 ,-8.234 ,-4.426 ,-3.936 | 0
0 ,0 ,0 ,0 ,-5.766 ,-3.574 ,-4.064 | 0
0 ,0 ,0 ,0 ,-0.532 ,0.851 ,2.872 | 0

R6 --> R6 - 0.7*R5

2 ,0 ,0 ,0 ,0 ,1.747 ,-0.196 | 0
0 ,5.5 ,0 ,0 ,0 ,-5.244 ,-2.047 | 0
0 ,0 ,-0.455 ,0 ,0 ,0.327 ,0.216 | 0
0 ,0 ,0 ,9.4 ,0 ,2.745 ,-4.202 | 0
0 ,0 ,0 ,0 ,-8.234 ,-4.426 ,-3.936 | 0
0 ,0 ,0 ,0 ,0 ,-0.475 ,-1.307 | 0
0 ,0 ,0 ,0 ,-0.532 ,0.851 ,2.872 | 0

R7 --> R7 - 0.065*R5

2 ,0 ,0 ,0 ,0 ,1.747 ,-0.196 | 0
0 ,5.5 ,0 ,0 ,0 ,-5.244 ,-2.047 | 0
0 ,0 ,-0.455 ,0 ,0 ,0.327 ,0.216 | 0
0 ,0 ,0 ,9.4 ,0 ,2.745 ,-4.202 | 0
0 ,0 ,0 ,0 ,-8.234 ,-4.426 ,-3.936 | 0
0 ,0 ,0 ,0 ,0 ,-0.475 ,-1.307 | 0
0 ,0 ,0 ,0 ,0 ,1.137 ,3.127 | 0

R1 --> R1 + 3.674*R6

2 ,0 ,0 ,0 ,0 ,0 ,-5 | 0
0 ,5.5 ,0 ,0 ,0 ,-5.244 ,-2.047 | 0
0 ,0 ,-0.455 ,0 ,0 ,0.327 ,0.216 | 0
0 ,0 ,0 ,9.4 ,0 ,2.745 ,-4.202 | 0
0 ,0 ,0 ,0 ,-8.234 ,-4.426 ,-3.936 | 0
0 ,0 ,0 ,0 ,0 ,-0.475 ,-1.307 | 0
0 ,0 ,0 ,0 ,0 ,1.137 ,3.127 | 0

R2 --> R2 - 11.03*R6

2 ,0 ,0 ,0 ,0 ,0 ,-5 | 0
0 ,5.5 ,0 ,0 ,0 ,0 ,12.375 | 0
0 ,0 ,-0.455 ,0 ,0 ,0.327 ,0.216 | 0
0 ,0 ,0 ,9.4 ,0 ,2.745 ,-4.202 | 0
0 ,0 ,0 ,0 ,-8.234 ,-4.426 ,-3.936 | 0
0 ,0 ,0 ,0 ,0 ,-0.475 ,-1.307 | 0
0 ,0 ,0 ,0 ,0 ,1.137 ,3.127 | 0

R3 --> R3 + 0.687*R6

2 ,0 ,0 ,0 ,0 ,0 ,-5 | 0
0 ,5.5 ,0 ,0 ,0 ,0 ,12.375 | 0
0 ,0 ,-0.455 ,0 ,0 ,0 ,-0.682 | 0
0 ,0 ,0 ,9.4 ,0 ,2.745 ,-4.202 | 0
0 ,0 ,0 ,0 ,-8.234 ,-4.426 ,-3.936 | 0
0 ,0 ,0 ,0 ,0 ,-0.475 ,-1.307 | 0
0 ,0 ,0 ,0 ,0 ,1.137 ,3.127 | 0

R4 --> R4 + 5.773*R6

2 ,0 ,0 ,0 ,0 ,0 ,-5 | 0
0 ,5.5 ,0 ,0 ,0 ,0 ,12.375 | 0
0 ,0 ,-0.455 ,0 ,0 ,0 ,-0.682 | 0
0 ,0 ,0 ,9.4 ,0 ,0 ,-11.75 | 0
0 ,0 ,0 ,0 ,-8.234 ,-4.426 ,-3.936 | 0
0 ,0 ,0 ,0 ,0 ,-0.475 ,-1.307 | 0
0 ,0 ,0 ,0 ,0 ,1.137 ,3.127 | 0

R5 --> R5 - 9.308*R6

2 ,0 ,0 ,0 ,0 ,0 ,-5 | 0
0 ,5.5 ,0 ,0 ,0 ,0 ,12.375 | 0
0 ,0 ,-0.455 ,0 ,0 ,0 ,-0.682 | 0
0 ,0 ,0 ,9.4 ,0 ,0 ,-11.75 | 0
0 ,0 ,0 ,0 ,-8.234 ,0 ,8.234 | 0
0 ,0 ,0 ,0 ,0 ,-0.475 ,-1.307 | 0
0 ,0 ,0 ,0 ,0 ,1.137 ,3.127 | 0

R7 --> R7 + 2.391*R6

2 ,0 ,0 ,0 ,0 ,0 ,-5 | 0
0 ,5.5 ,0 ,0 ,0 ,0 ,12.375 | 0
0 ,0 ,-0.455 ,0 ,0 ,0 ,-0.682 | 0
0 ,0 ,0 ,9.4 ,0 ,0 ,-11.75 | 0
0 ,0 ,0 ,0 ,-8.234 ,0 ,8.234 | 0
0 ,0 ,0 ,0 ,0 ,-0.475 ,-1.307 | 0
0 ,0 ,0 ,0 ,0 ,0 ,0 | 0

define a new column in the vector b when x7 is a free variable in R7 space:
2 ,0 ,0 ,0 ,0 ,0 ,-5 | 0 ,0
0 ,5.5 ,0 ,0 ,0 ,0 ,12.375 | 0 ,0
0 ,0 ,-0.455 ,0 ,0 ,0 ,-0.682 | 0 ,0
0 ,0 ,0 ,9.4 ,0 ,0 ,-11.75 | 0 ,0
0 ,0 ,0 ,0 ,-8.234 ,0 ,8.234 | 0 ,0
0 ,0 ,0 ,0 ,0 ,-0.475 ,-1.307 | 0 ,0
0 ,0 ,0 ,0 ,0 ,0 ,1 | 0 ,1

R1 --> R1 + 5*R7

2 ,0 ,0 ,0 ,0 ,0 ,0 | 0 ,5
0 ,5.5 ,0 ,0 ,0 ,0 ,12.375 | 0 ,0
0 ,0 ,-0.455 ,0 ,0 ,0 ,-0.682 | 0 ,0
0 ,0 ,0 ,9.4 ,0 ,0 ,-11.75 | 0 ,0
0 ,0 ,0 ,0 ,-8.234 ,0 ,8.234 | 0 ,0
0 ,0 ,0 ,0 ,0 ,-0.475 ,-1.307 | 0 ,0
0 ,0 ,0 ,0 ,0 ,0 ,1 | 0 ,1

R1 --> 0.5*R1

1 ,0 ,0 ,0 ,0 ,0 ,0 | 0 ,2.5
0 ,5.5 ,0 ,0 ,0 ,0 ,12.375 | 0 ,0
0 ,0 ,-0.455 ,0 ,0 ,0 ,-0.682 | 0 ,0
0 ,0 ,0 ,9.4 ,0 ,0 ,-11.75 | 0 ,0
0 ,0 ,0 ,0 ,-8.234 ,0 ,8.234 | 0 ,0
0 ,0 ,0 ,0 ,0 ,-0.475 ,-1.307 | 0 ,0
0 ,0 ,0 ,0 ,0 ,0 ,1 | 0 ,1

R2 --> R2 - 12.375*R7

1 ,0 ,0 ,0 ,0 ,0 ,0 | 0 ,2.5
0 ,5.5 ,0 ,0 ,0 ,0 ,0 | 0 ,-12.375
0 ,0 ,-0.455 ,0 ,0 ,0 ,-0.682 | 0 ,0
0 ,0 ,0 ,9.4 ,0 ,0 ,-11.75 | 0 ,0
0 ,0 ,0 ,0 ,-8.234 ,0 ,8.234 | 0 ,0
0 ,0 ,0 ,0 ,0 ,-0.475 ,-1.307 | 0 ,0
0 ,0 ,0 ,0 ,0 ,0 ,1 | 0 ,1

R2 --> 0.182*R2

1 ,0 ,0 ,0 ,0 ,0 ,0 | 0 ,2.5
0 ,1 ,0 ,0 ,0 ,0 ,0 | 0 ,-2.25
0 ,0 ,-0.455 ,0 ,0 ,0 ,-0.682 | 0 ,0
0 ,0 ,0 ,9.4 ,0 ,0 ,-11.75 | 0 ,0
0 ,0 ,0 ,0 ,-8.234 ,0 ,8.234 | 0 ,0
0 ,0 ,0 ,0 ,0 ,-0.475 ,-1.307 | 0 ,0
0 ,0 ,0 ,0 ,0 ,0 ,1 | 0 ,1

R3 --> R3 + 0.682*R7

1 ,0 ,0 ,0 ,0 ,0 ,0 | 0 ,2.5
0 ,1 ,0 ,0 ,0 ,0 ,0 | 0 ,-2.25
0 ,0 ,-0.455 ,0 ,0 ,0 ,0 | 0 ,0.682
0 ,0 ,0 ,9.4 ,0 ,0 ,-11.75 | 0 ,0
0 ,0 ,0 ,0 ,-8.234 ,0 ,8.234 | 0 ,0
0 ,0 ,0 ,0 ,0 ,-0.475 ,-1.307 | 0 ,0
0 ,0 ,0 ,0 ,0 ,0 ,1 | 0 ,1

R3 --> -2.2*R3

1 ,0 ,0 ,0 ,0 ,0 ,0 | 0 ,2.5
0 ,1 ,0 ,0 ,0 ,0 ,0 | 0 ,-2.25
0 ,0 ,1 ,0 ,0 ,0 ,0 | 0 ,-1.5
0 ,0 ,0 ,9.4 ,0 ,0 ,-11.75 | 0 ,0
0 ,0 ,0 ,0 ,-8.234 ,0 ,8.234 | 0 ,0
0 ,0 ,0 ,0 ,0 ,-0.475 ,-1.307 | 0 ,0
0 ,0 ,0 ,0 ,0 ,0 ,1 | 0 ,1

R4 --> R4 + 11.75*R7

1 ,0 ,0 ,0 ,0 ,0 ,0 | 0 ,2.5
0 ,1 ,0 ,0 ,0 ,0 ,0 | 0 ,-2.25
0 ,0 ,1 ,0 ,0 ,0 ,0 | 0 ,-1.5
0 ,0 ,0 ,9.4 ,0 ,0 ,0 | 0 ,11.75
0 ,0 ,0 ,0 ,-8.234 ,0 ,8.234 | 0 ,0
0 ,0 ,0 ,0 ,0 ,-0.475 ,-1.307 | 0 ,0
0 ,0 ,0 ,0 ,0 ,0 ,1 | 0 ,1

R4 --> 0.106*R4

1 ,0 ,0 ,0 ,0 ,0 ,0 | 0 ,2.5
0 ,1 ,0 ,0 ,0 ,0 ,0 | 0 ,-2.25
0 ,0 ,1 ,0 ,0 ,0 ,0 | 0 ,-1.5
0 ,0 ,0 ,1 ,0 ,0 ,0 | 0 ,1.25
0 ,0 ,0 ,0 ,-8.234 ,0 ,8.234 | 0 ,0
0 ,0 ,0 ,0 ,0 ,-0.475 ,-1.307 | 0 ,0
0 ,0 ,0 ,0 ,0 ,0 ,1 | 0 ,1

R5 --> R5 - 8.234*R7

1 ,0 ,0 ,0 ,0 ,0 ,0 | 0 ,2.5
0 ,1 ,0 ,0 ,0 ,0 ,0 | 0 ,-2.25
0 ,0 ,1 ,0 ,0 ,0 ,0 | 0 ,-1.5
0 ,0 ,0 ,1 ,0 ,0 ,0 | 0 ,1.25
0 ,0 ,0 ,0 ,-8.234 ,0 ,0 | 0 ,-8.234
0 ,0 ,0 ,0 ,0 ,-0.475 ,-1.307 | 0 ,0
0 ,0 ,0 ,0 ,0 ,0 ,1 | 0 ,1

R5 --> -0.121*R5

1 ,0 ,0 ,0 ,0 ,0 ,0 | 0 ,2.5
0 ,1 ,0 ,0 ,0 ,0 ,0 | 0 ,-2.25
0 ,0 ,1 ,0 ,0 ,0 ,0 | 0 ,-1.5
0 ,0 ,0 ,1 ,0 ,0 ,0 | 0 ,1.25
0 ,0 ,0 ,0 ,1 ,0 ,0 | 0 ,1
0 ,0 ,0 ,0 ,0 ,-0.475 ,-1.307 | 0 ,0
0 ,0 ,0 ,0 ,0 ,0 ,1 | 0 ,1

R6 --> R6 + 1.307*R7

1 ,0 ,0 ,0 ,0 ,0 ,0 | 0 ,2.5
0 ,1 ,0 ,0 ,0 ,0 ,0 | 0 ,-2.25
0 ,0 ,1 ,0 ,0 ,0 ,0 | 0 ,-1.5
0 ,0 ,0 ,1 ,0 ,0 ,0 | 0 ,1.25
0 ,0 ,0 ,0 ,1 ,0 ,0 | 0 ,1
0 ,0 ,0 ,0 ,0 ,-0.475 ,0 | 0 ,1.307
0 ,0 ,0 ,0 ,0 ,0 ,1 | 0 ,1

R6 --> -2.103*R6

1 ,0 ,0 ,0 ,0 ,0 ,0 | 0 ,2.5
0 ,1 ,0 ,0 ,0 ,0 ,0 | 0 ,-2.25
0 ,0 ,1 ,0 ,0 ,0 ,0 | 0 ,-1.5
0 ,0 ,0 ,1 ,0 ,0 ,0 | 0 ,1.25
0 ,0 ,0 ,0 ,1 ,0 ,0 | 0 ,1
0 ,0 ,0 ,0 ,0 ,1 ,0 | 0 ,-2.75
0 ,0 ,0 ,0 ,0 ,0 ,1 | 0 ,1

the solution is an infinite set of vectors in R7 space which are linearly dependents in the vector space:
x = λ*(2.5 ,-2.25 ,-1.5 ,1.25 ,1 ,-2.75 ,1) when λ it's a free scalar that belongs to the R set
