solve the next system in R7 space (7 equations)(7 unknowns):
eq1:        - 3*x2 -   x3 + 5*x4 + 7*x5                = -5
eq2: + 6*x1 - 5*x2 +   x3 + 6*x4        + 5*x6 - 7*x7  = 7
eq3: -   x1 - 5*x2 + 7*x3 - 5*x4 - 7*x5 + 4*x6         = 18
eq4: + 3*x1 - 5*x2 + 4*x3 + 7*x4 + 6*x5        + 3*x7  = -9
eq5: - 4*x1 -   x2 + 4*x3 - 6*x4 - 4*x5 - 6*x6 - 3*x7  = -12
eq6: + 2*x1 + 6*x2        + 4*x4 -   x5 -   x6 -   x7  = 11
eq7: - 7*x1        + 7*x3 - 5*x4        - 2*x6 - 3*x7  = -6

0 ,-3 ,-1 ,5 ,7 ,0 ,0 | -5
6 ,-5 ,1 ,6 ,0 ,5 ,-7 | 7
-1 ,-5 ,7 ,-5 ,-7 ,4 ,0 | 18
3 ,-5 ,4 ,7 ,6 ,0 ,3 | -9
-4 ,-1 ,4 ,-6 ,-4 ,-6 ,-3 | -12
2 ,6 ,0 ,4 ,-1 ,-1 ,-1 | 11
-7 ,0 ,7 ,-5 ,0 ,-2 ,-3 | -6

implement the solution by elementary matrices method:
transform A matrix to I by elementary matrices:
R1 <--> R2

6 ,-5 ,1 ,6 ,0 ,5 ,-7 | 7
0 ,-3 ,-1 ,5 ,7 ,0 ,0 | -5
-1 ,-5 ,7 ,-5 ,-7 ,4 ,0 | 18
3 ,-5 ,4 ,7 ,6 ,0 ,3 | -9
-4 ,-1 ,4 ,-6 ,-4 ,-6 ,-3 | -12
2 ,6 ,0 ,4 ,-1 ,-1 ,-1 | 11
-7 ,0 ,7 ,-5 ,0 ,-2 ,-3 | -6

R3 --> R3 + 0.167*R1

6 ,-5 ,1 ,6 ,0 ,5 ,-7 | 7
0 ,-3 ,-1 ,5 ,7 ,0 ,0 | -5
0 ,-5.833 ,7.167 ,-4 ,-7 ,4.833 ,-1.167 | 19.167
3 ,-5 ,4 ,7 ,6 ,0 ,3 | -9
-4 ,-1 ,4 ,-6 ,-4 ,-6 ,-3 | -12
2 ,6 ,0 ,4 ,-1 ,-1 ,-1 | 11
-7 ,0 ,7 ,-5 ,0 ,-2 ,-3 | -6

R4 --> R4 - 0.5*R1

6 ,-5 ,1 ,6 ,0 ,5 ,-7 | 7
0 ,-3 ,-1 ,5 ,7 ,0 ,0 | -5
0 ,-5.833 ,7.167 ,-4 ,-7 ,4.833 ,-1.167 | 19.167
0 ,-2.5 ,3.5 ,4 ,6 ,-2.5 ,6.5 | -12.5
-4 ,-1 ,4 ,-6 ,-4 ,-6 ,-3 | -12
2 ,6 ,0 ,4 ,-1 ,-1 ,-1 | 11
-7 ,0 ,7 ,-5 ,0 ,-2 ,-3 | -6

R5 --> R5 + 0.667*R1

6 ,-5 ,1 ,6 ,0 ,5 ,-7 | 7
0 ,-3 ,-1 ,5 ,7 ,0 ,0 | -5
0 ,-5.833 ,7.167 ,-4 ,-7 ,4.833 ,-1.167 | 19.167
0 ,-2.5 ,3.5 ,4 ,6 ,-2.5 ,6.5 | -12.5
0 ,-4.333 ,4.667 ,-2 ,-4 ,-2.667 ,-7.667 | -7.333
2 ,6 ,0 ,4 ,-1 ,-1 ,-1 | 11
-7 ,0 ,7 ,-5 ,0 ,-2 ,-3 | -6

R6 --> R6 - 0.333*R1

6 ,-5 ,1 ,6 ,0 ,5 ,-7 | 7
0 ,-3 ,-1 ,5 ,7 ,0 ,0 | -5
0 ,-5.833 ,7.167 ,-4 ,-7 ,4.833 ,-1.167 | 19.167
0 ,-2.5 ,3.5 ,4 ,6 ,-2.5 ,6.5 | -12.5
0 ,-4.333 ,4.667 ,-2 ,-4 ,-2.667 ,-7.667 | -7.333
0 ,7.667 ,-0.333 ,2 ,-1 ,-2.667 ,1.333 | 8.667
-7 ,0 ,7 ,-5 ,0 ,-2 ,-3 | -6

R7 --> R7 + 1.167*R1

6 ,-5 ,1 ,6 ,0 ,5 ,-7 | 7
0 ,-3 ,-1 ,5 ,7 ,0 ,0 | -5
0 ,-5.833 ,7.167 ,-4 ,-7 ,4.833 ,-1.167 | 19.167
0 ,-2.5 ,3.5 ,4 ,6 ,-2.5 ,6.5 | -12.5
0 ,-4.333 ,4.667 ,-2 ,-4 ,-2.667 ,-7.667 | -7.333
0 ,7.667 ,-0.333 ,2 ,-1 ,-2.667 ,1.333 | 8.667
0 ,-5.833 ,8.167 ,2 ,0 ,3.833 ,-11.167 | 2.167

R1 --> R1 - 1.667*R2

6 ,0 ,2.667 ,-2.333 ,-11.667 ,5 ,-7 | 15.333
0 ,-3 ,-1 ,5 ,7 ,0 ,0 | -5
0 ,-5.833 ,7.167 ,-4 ,-7 ,4.833 ,-1.167 | 19.167
0 ,-2.5 ,3.5 ,4 ,6 ,-2.5 ,6.5 | -12.5
0 ,-4.333 ,4.667 ,-2 ,-4 ,-2.667 ,-7.667 | -7.333
0 ,7.667 ,-0.333 ,2 ,-1 ,-2.667 ,1.333 | 8.667
0 ,-5.833 ,8.167 ,2 ,0 ,3.833 ,-11.167 | 2.167

R3 --> R3 - 1.944*R2

6 ,0 ,2.667 ,-2.333 ,-11.667 ,5 ,-7 | 15.333
0 ,-3 ,-1 ,5 ,7 ,0 ,0 | -5
0 ,0 ,9.111 ,-13.722 ,-20.611 ,4.833 ,-1.167 | 28.889
0 ,-2.5 ,3.5 ,4 ,6 ,-2.5 ,6.5 | -12.5
0 ,-4.333 ,4.667 ,-2 ,-4 ,-2.667 ,-7.667 | -7.333
0 ,7.667 ,-0.333 ,2 ,-1 ,-2.667 ,1.333 | 8.667
0 ,-5.833 ,8.167 ,2 ,0 ,3.833 ,-11.167 | 2.167

R4 --> R4 - 0.833*R2

6 ,0 ,2.667 ,-2.333 ,-11.667 ,5 ,-7 | 15.333
0 ,-3 ,-1 ,5 ,7 ,0 ,0 | -5
0 ,0 ,9.111 ,-13.722 ,-20.611 ,4.833 ,-1.167 | 28.889
0 ,0 ,4.333 ,-0.167 ,0.167 ,-2.5 ,6.5 | -8.333
0 ,-4.333 ,4.667 ,-2 ,-4 ,-2.667 ,-7.667 | -7.333
0 ,7.667 ,-0.333 ,2 ,-1 ,-2.667 ,1.333 | 8.667
0 ,-5.833 ,8.167 ,2 ,0 ,3.833 ,-11.167 | 2.167

R5 --> R5 - 1.444*R2

6 ,0 ,2.667 ,-2.333 ,-11.667 ,5 ,-7 | 15.333
0 ,-3 ,-1 ,5 ,7 ,0 ,0 | -5
0 ,0 ,9.111 ,-13.722 ,-20.611 ,4.833 ,-1.167 | 28.889
0 ,0 ,4.333 ,-0.167 ,0.167 ,-2.5 ,6.5 | -8.333
0 ,0 ,6.111 ,-9.222 ,-14.111 ,-2.667 ,-7.667 | -0.111
0 ,7.667 ,-0.333 ,2 ,-1 ,-2.667 ,1.333 | 8.667
0 ,-5.833 ,8.167 ,2 ,0 ,3.833 ,-11.167 | 2.167

R6 --> R6 + 2.556*R2

6 ,0 ,2.667 ,-2.333 ,-11.667 ,5 ,-7 | 15.333
0 ,-3 ,-1 ,5 ,7 ,0 ,0 | -5
0 ,0 ,9.111 ,-13.722 ,-20.611 ,4.833 ,-1.167 | 28.889
0 ,0 ,4.333 ,-0.167 ,0.167 ,-2.5 ,6.5 | -8.333
0 ,0 ,6.111 ,-9.222 ,-14.111 ,-2.667 ,-7.667 | -0.111
0 ,0 ,-2.889 ,14.778 ,16.889 ,-2.667 ,1.333 | -4.111
0 ,-5.833 ,8.167 ,2 ,0 ,3.833 ,-11.167 | 2.167

R7 --> R7 - 1.944*R2

6 ,0 ,2.667 ,-2.333 ,-11.667 ,5 ,-7 | 15.333
0 ,-3 ,-1 ,5 ,7 ,0 ,0 | -5
0 ,0 ,9.111 ,-13.722 ,-20.611 ,4.833 ,-1.167 | 28.889
0 ,0 ,4.333 ,-0.167 ,0.167 ,-2.5 ,6.5 | -8.333
0 ,0 ,6.111 ,-9.222 ,-14.111 ,-2.667 ,-7.667 | -0.111
0 ,0 ,-2.889 ,14.778 ,16.889 ,-2.667 ,1.333 | -4.111
0 ,0 ,10.111 ,-7.722 ,-13.611 ,3.833 ,-11.167 | 11.889

R1 --> R1 - 0.293*R3

6 ,0 ,0 ,1.683 ,-5.634 ,3.585 ,-6.659 | 6.878
0 ,-3 ,-1 ,5 ,7 ,0 ,0 | -5
0 ,0 ,9.111 ,-13.722 ,-20.611 ,4.833 ,-1.167 | 28.889
0 ,0 ,4.333 ,-0.167 ,0.167 ,-2.5 ,6.5 | -8.333
0 ,0 ,6.111 ,-9.222 ,-14.111 ,-2.667 ,-7.667 | -0.111
0 ,0 ,-2.889 ,14.778 ,16.889 ,-2.667 ,1.333 | -4.111
0 ,0 ,10.111 ,-7.722 ,-13.611 ,3.833 ,-11.167 | 11.889

R2 --> R2 + 0.11*R3

6 ,0 ,0 ,1.683 ,-5.634 ,3.585 ,-6.659 | 6.878
0 ,-3 ,0 ,3.494 ,4.738 ,0.53 ,-0.128 | -1.829
0 ,0 ,9.111 ,-13.722 ,-20.611 ,4.833 ,-1.167 | 28.889
0 ,0 ,4.333 ,-0.167 ,0.167 ,-2.5 ,6.5 | -8.333
0 ,0 ,6.111 ,-9.222 ,-14.111 ,-2.667 ,-7.667 | -0.111
0 ,0 ,-2.889 ,14.778 ,16.889 ,-2.667 ,1.333 | -4.111
0 ,0 ,10.111 ,-7.722 ,-13.611 ,3.833 ,-11.167 | 11.889

R4 --> R4 - 0.476*R3

6 ,0 ,0 ,1.683 ,-5.634 ,3.585 ,-6.659 | 6.878
0 ,-3 ,0 ,3.494 ,4.738 ,0.53 ,-0.128 | -1.829
0 ,0 ,9.111 ,-13.722 ,-20.611 ,4.833 ,-1.167 | 28.889
0 ,0 ,0 ,6.36 ,9.97 ,-4.799 ,7.055 | -22.073
0 ,0 ,6.111 ,-9.222 ,-14.111 ,-2.667 ,-7.667 | -0.111
0 ,0 ,-2.889 ,14.778 ,16.889 ,-2.667 ,1.333 | -4.111
0 ,0 ,10.111 ,-7.722 ,-13.611 ,3.833 ,-11.167 | 11.889

R5 --> R5 - 0.671*R3

6 ,0 ,0 ,1.683 ,-5.634 ,3.585 ,-6.659 | 6.878
0 ,-3 ,0 ,3.494 ,4.738 ,0.53 ,-0.128 | -1.829
0 ,0 ,9.111 ,-13.722 ,-20.611 ,4.833 ,-1.167 | 28.889
0 ,0 ,0 ,6.36 ,9.97 ,-4.799 ,7.055 | -22.073
0 ,0 ,0 ,-0.018 ,-0.287 ,-5.909 ,-6.884 | -19.488
0 ,0 ,-2.889 ,14.778 ,16.889 ,-2.667 ,1.333 | -4.111
0 ,0 ,10.111 ,-7.722 ,-13.611 ,3.833 ,-11.167 | 11.889

R6 --> R6 + 0.317*R3

6 ,0 ,0 ,1.683 ,-5.634 ,3.585 ,-6.659 | 6.878
0 ,-3 ,0 ,3.494 ,4.738 ,0.53 ,-0.128 | -1.829
0 ,0 ,9.111 ,-13.722 ,-20.611 ,4.833 ,-1.167 | 28.889
0 ,0 ,0 ,6.36 ,9.97 ,-4.799 ,7.055 | -22.073
0 ,0 ,0 ,-0.018 ,-0.287 ,-5.909 ,-6.884 | -19.488
0 ,0 ,0 ,10.427 ,10.354 ,-1.134 ,0.963 | 5.049
0 ,0 ,10.111 ,-7.722 ,-13.611 ,3.833 ,-11.167 | 11.889

R7 --> R7 - 1.11*R3

6 ,0 ,0 ,1.683 ,-5.634 ,3.585 ,-6.659 | 6.878
0 ,-3 ,0 ,3.494 ,4.738 ,0.53 ,-0.128 | -1.829
0 ,0 ,9.111 ,-13.722 ,-20.611 ,4.833 ,-1.167 | 28.889
0 ,0 ,0 ,6.36 ,9.97 ,-4.799 ,7.055 | -22.073
0 ,0 ,0 ,-0.018 ,-0.287 ,-5.909 ,-6.884 | -19.488
0 ,0 ,0 ,10.427 ,10.354 ,-1.134 ,0.963 | 5.049
0 ,0 ,0 ,7.506 ,9.262 ,-1.53 ,-9.872 | -20.171

R1 --> R1 - 0.265*R4

6 ,0 ,0 ,0 ,-8.272 ,4.855 ,-8.525 | 12.719
0 ,-3 ,0 ,3.494 ,4.738 ,0.53 ,-0.128 | -1.829
0 ,0 ,9.111 ,-13.722 ,-20.611 ,4.833 ,-1.167 | 28.889
0 ,0 ,0 ,6.36 ,9.97 ,-4.799 ,7.055 | -22.073
0 ,0 ,0 ,-0.018 ,-0.287 ,-5.909 ,-6.884 | -19.488
0 ,0 ,0 ,10.427 ,10.354 ,-1.134 ,0.963 | 5.049
0 ,0 ,0 ,7.506 ,9.262 ,-1.53 ,-9.872 | -20.171

R2 --> R2 - 0.549*R4

6 ,0 ,0 ,0 ,-8.272 ,4.855 ,-8.525 | 12.719
0 ,-3 ,0 ,0 ,-0.739 ,3.167 ,-4.004 | 10.297
0 ,0 ,9.111 ,-13.722 ,-20.611 ,4.833 ,-1.167 | 28.889
0 ,0 ,0 ,6.36 ,9.97 ,-4.799 ,7.055 | -22.073
0 ,0 ,0 ,-0.018 ,-0.287 ,-5.909 ,-6.884 | -19.488
0 ,0 ,0 ,10.427 ,10.354 ,-1.134 ,0.963 | 5.049
0 ,0 ,0 ,7.506 ,9.262 ,-1.53 ,-9.872 | -20.171

R3 --> R3 + 2.158*R4

6 ,0 ,0 ,0 ,-8.272 ,4.855 ,-8.525 | 12.719
0 ,-3 ,0 ,0 ,-0.739 ,3.167 ,-4.004 | 10.297
0 ,0 ,9.111 ,0 ,0.9 ,-5.521 ,14.055 | -18.738
0 ,0 ,0 ,6.36 ,9.97 ,-4.799 ,7.055 | -22.073
0 ,0 ,0 ,-0.018 ,-0.287 ,-5.909 ,-6.884 | -19.488
0 ,0 ,0 ,10.427 ,10.354 ,-1.134 ,0.963 | 5.049
0 ,0 ,0 ,7.506 ,9.262 ,-1.53 ,-9.872 | -20.171

R5 --> R5 + 0.003*R4

6 ,0 ,0 ,0 ,-8.272 ,4.855 ,-8.525 | 12.719
0 ,-3 ,0 ,0 ,-0.739 ,3.167 ,-4.004 | 10.297
0 ,0 ,9.111 ,0 ,0.9 ,-5.521 ,14.055 | -18.738
0 ,0 ,0 ,6.36 ,9.97 ,-4.799 ,7.055 | -22.073
0 ,0 ,0 ,0 ,-0.258 ,-5.922 ,-6.864 | -19.551
0 ,0 ,0 ,10.427 ,10.354 ,-1.134 ,0.963 | 5.049
0 ,0 ,0 ,7.506 ,9.262 ,-1.53 ,-9.872 | -20.171

R6 --> R6 - 1.64*R4

6 ,0 ,0 ,0 ,-8.272 ,4.855 ,-8.525 | 12.719
0 ,-3 ,0 ,0 ,-0.739 ,3.167 ,-4.004 | 10.297
0 ,0 ,9.111 ,0 ,0.9 ,-5.521 ,14.055 | -18.738
0 ,0 ,0 ,6.36 ,9.97 ,-4.799 ,7.055 | -22.073
0 ,0 ,0 ,0 ,-0.258 ,-5.922 ,-6.864 | -19.551
0 ,0 ,0 ,0 ,-5.991 ,6.733 ,-10.603 | 41.238
0 ,0 ,0 ,7.506 ,9.262 ,-1.53 ,-9.872 | -20.171

R7 --> R7 - 1.18*R4

6 ,0 ,0 ,0 ,-8.272 ,4.855 ,-8.525 | 12.719
0 ,-3 ,0 ,0 ,-0.739 ,3.167 ,-4.004 | 10.297
0 ,0 ,9.111 ,0 ,0.9 ,-5.521 ,14.055 | -18.738
0 ,0 ,0 ,6.36 ,9.97 ,-4.799 ,7.055 | -22.073
0 ,0 ,0 ,0 ,-0.258 ,-5.922 ,-6.864 | -19.551
0 ,0 ,0 ,0 ,-5.991 ,6.733 ,-10.603 | 41.238
0 ,0 ,0 ,0 ,-2.504 ,4.133 ,-18.198 | 5.881

R1 --> R1 - 32.074*R5

6 ,0 ,0 ,0 ,0 ,194.811 ,211.629 | 639.816
0 ,-3 ,0 ,0 ,-0.739 ,3.167 ,-4.004 | 10.297
0 ,0 ,9.111 ,0 ,0.9 ,-5.521 ,14.055 | -18.738
0 ,0 ,0 ,6.36 ,9.97 ,-4.799 ,7.055 | -22.073
0 ,0 ,0 ,0 ,-0.258 ,-5.922 ,-6.864 | -19.551
0 ,0 ,0 ,0 ,-5.991 ,6.733 ,-10.603 | 41.238
0 ,0 ,0 ,0 ,-2.504 ,4.133 ,-18.198 | 5.881

R2 --> R2 - 2.866*R5

6 ,0 ,0 ,0 ,0 ,194.811 ,211.629 | 639.816
0 ,-3 ,0 ,0 ,0 ,20.141 ,15.669 | 66.335
0 ,0 ,9.111 ,0 ,0.9 ,-5.521 ,14.055 | -18.738
0 ,0 ,0 ,6.36 ,9.97 ,-4.799 ,7.055 | -22.073
0 ,0 ,0 ,0 ,-0.258 ,-5.922 ,-6.864 | -19.551
0 ,0 ,0 ,0 ,-5.991 ,6.733 ,-10.603 | 41.238
0 ,0 ,0 ,0 ,-2.504 ,4.133 ,-18.198 | 5.881

R3 --> R3 + 3.489*R5

6 ,0 ,0 ,0 ,0 ,194.811 ,211.629 | 639.816
0 ,-3 ,0 ,0 ,0 ,20.141 ,15.669 | 66.335
0 ,0 ,9.111 ,0 ,0 ,-26.182 ,-9.89 | -86.945
0 ,0 ,0 ,6.36 ,9.97 ,-4.799 ,7.055 | -22.073
0 ,0 ,0 ,0 ,-0.258 ,-5.922 ,-6.864 | -19.551
0 ,0 ,0 ,0 ,-5.991 ,6.733 ,-10.603 | 41.238
0 ,0 ,0 ,0 ,-2.504 ,4.133 ,-18.198 | 5.881

R4 --> R4 + 38.655*R5

6 ,0 ,0 ,0 ,0 ,194.811 ,211.629 | 639.816
0 ,-3 ,0 ,0 ,0 ,20.141 ,15.669 | 66.335
0 ,0 ,9.111 ,0 ,0 ,-26.182 ,-9.89 | -86.945
0 ,0 ,0 ,6.36 ,0 ,-233.728 ,-258.268 | -777.831
0 ,0 ,0 ,0 ,-0.258 ,-5.922 ,-6.864 | -19.551
0 ,0 ,0 ,0 ,-5.991 ,6.733 ,-10.603 | 41.238
0 ,0 ,0 ,0 ,-2.504 ,4.133 ,-18.198 | 5.881

R6 --> R6 - 23.231*R5

6 ,0 ,0 ,0 ,0 ,194.811 ,211.629 | 639.816
0 ,-3 ,0 ,0 ,0 ,20.141 ,15.669 | 66.335
0 ,0 ,9.111 ,0 ,0 ,-26.182 ,-9.89 | -86.945
0 ,0 ,0 ,6.36 ,0 ,-233.728 ,-258.268 | -777.831
0 ,0 ,0 ,0 ,-0.258 ,-5.922 ,-6.864 | -19.551
0 ,0 ,0 ,0 ,0 ,144.313 ,148.848 | 495.425
0 ,0 ,0 ,0 ,-2.504 ,4.133 ,-18.198 | 5.881

R7 --> R7 - 9.71*R5

6 ,0 ,0 ,0 ,0 ,194.811 ,211.629 | 639.816
0 ,-3 ,0 ,0 ,0 ,20.141 ,15.669 | 66.335
0 ,0 ,9.111 ,0 ,0 ,-26.182 ,-9.89 | -86.945
0 ,0 ,0 ,6.36 ,0 ,-233.728 ,-258.268 | -777.831
0 ,0 ,0 ,0 ,-0.258 ,-5.922 ,-6.864 | -19.551
0 ,0 ,0 ,0 ,0 ,144.313 ,148.848 | 495.425
0 ,0 ,0 ,0 ,0 ,61.64 ,48.45 | 195.725

R1 --> R1 - 1.35*R6

6 ,0 ,0 ,0 ,0 ,0 ,10.696 | -28.97
0 ,-3 ,0 ,0 ,0 ,20.141 ,15.669 | 66.335
0 ,0 ,9.111 ,0 ,0 ,-26.182 ,-9.89 | -86.945
0 ,0 ,0 ,6.36 ,0 ,-233.728 ,-258.268 | -777.831
0 ,0 ,0 ,0 ,-0.258 ,-5.922 ,-6.864 | -19.551
0 ,0 ,0 ,0 ,0 ,144.313 ,148.848 | 495.425
0 ,0 ,0 ,0 ,0 ,61.64 ,48.45 | 195.725

R2 --> R2 - 0.14*R6

6 ,0 ,0 ,0 ,0 ,0 ,10.696 | -28.97
0 ,-3 ,0 ,0 ,0 ,0 ,-5.105 | -2.81
0 ,0 ,9.111 ,0 ,0 ,-26.182 ,-9.89 | -86.945
0 ,0 ,0 ,6.36 ,0 ,-233.728 ,-258.268 | -777.831
0 ,0 ,0 ,0 ,-0.258 ,-5.922 ,-6.864 | -19.551
0 ,0 ,0 ,0 ,0 ,144.313 ,148.848 | 495.425
0 ,0 ,0 ,0 ,0 ,61.64 ,48.45 | 195.725

R3 --> R3 + 0.181*R6

6 ,0 ,0 ,0 ,0 ,0 ,10.696 | -28.97
0 ,-3 ,0 ,0 ,0 ,0 ,-5.105 | -2.81
0 ,0 ,9.111 ,0 ,0 ,0 ,17.114 | 2.937
0 ,0 ,0 ,6.36 ,0 ,-233.728 ,-258.268 | -777.831
0 ,0 ,0 ,0 ,-0.258 ,-5.922 ,-6.864 | -19.551
0 ,0 ,0 ,0 ,0 ,144.313 ,148.848 | 495.425
0 ,0 ,0 ,0 ,0 ,61.64 ,48.45 | 195.725

R4 --> R4 + 1.62*R6

6 ,0 ,0 ,0 ,0 ,0 ,10.696 | -28.97
0 ,-3 ,0 ,0 ,0 ,0 ,-5.105 | -2.81
0 ,0 ,9.111 ,0 ,0 ,0 ,17.114 | 2.937
0 ,0 ,0 ,6.36 ,0 ,0 ,-17.195 | 24.555
0 ,0 ,0 ,0 ,-0.258 ,-5.922 ,-6.864 | -19.551
0 ,0 ,0 ,0 ,0 ,144.313 ,148.848 | 495.425
0 ,0 ,0 ,0 ,0 ,61.64 ,48.45 | 195.725

R5 --> R5 + 0.041*R6

6 ,0 ,0 ,0 ,0 ,0 ,10.696 | -28.97
0 ,-3 ,0 ,0 ,0 ,0 ,-5.105 | -2.81
0 ,0 ,9.111 ,0 ,0 ,0 ,17.114 | 2.937
0 ,0 ,0 ,6.36 ,0 ,0 ,-17.195 | 24.555
0 ,0 ,0 ,0 ,-0.258 ,0 ,-0.755 | 0.78
0 ,0 ,0 ,0 ,0 ,144.313 ,148.848 | 495.425
0 ,0 ,0 ,0 ,0 ,61.64 ,48.45 | 195.725

R7 --> R7 - 0.427*R6

6 ,0 ,0 ,0 ,0 ,0 ,10.696 | -28.97
0 ,-3 ,0 ,0 ,0 ,0 ,-5.105 | -2.81
0 ,0 ,9.111 ,0 ,0 ,0 ,17.114 | 2.937
0 ,0 ,0 ,6.36 ,0 ,0 ,-17.195 | 24.555
0 ,0 ,0 ,0 ,-0.258 ,0 ,-0.755 | 0.78
0 ,0 ,0 ,0 ,0 ,144.313 ,148.848 | 495.425
0 ,0 ,0 ,0 ,0 ,0 ,-15.127 | -15.883

R7 --> -0.066*R7

6 ,0 ,0 ,0 ,0 ,0 ,10.696 | -28.97
0 ,-3 ,0 ,0 ,0 ,0 ,-5.105 | -2.81
0 ,0 ,9.111 ,0 ,0 ,0 ,17.114 | 2.937
0 ,0 ,0 ,6.36 ,0 ,0 ,-17.195 | 24.555
0 ,0 ,0 ,0 ,-0.258 ,0 ,-0.755 | 0.78
0 ,0 ,0 ,0 ,0 ,144.313 ,148.848 | 495.425
0 ,0 ,0 ,0 ,0 ,0 ,1 | 1.05

R1 --> R1 - 10.696*R7

6 ,0 ,0 ,0 ,0 ,0 ,0 | -40.2
0 ,-3 ,0 ,0 ,0 ,0 ,-5.105 | -2.81
0 ,0 ,9.111 ,0 ,0 ,0 ,17.114 | 2.937
0 ,0 ,0 ,6.36 ,0 ,0 ,-17.195 | 24.555
0 ,0 ,0 ,0 ,-0.258 ,0 ,-0.755 | 0.78
0 ,0 ,0 ,0 ,0 ,144.313 ,148.848 | 495.425
0 ,0 ,0 ,0 ,0 ,0 ,1 | 1.05

R1 --> 0.167*R1

1 ,0 ,0 ,0 ,0 ,0 ,0 | -6.7
0 ,-3 ,0 ,0 ,0 ,0 ,-5.105 | -2.81
0 ,0 ,9.111 ,0 ,0 ,0 ,17.114 | 2.937
0 ,0 ,0 ,6.36 ,0 ,0 ,-17.195 | 24.555
0 ,0 ,0 ,0 ,-0.258 ,0 ,-0.755 | 0.78
0 ,0 ,0 ,0 ,0 ,144.313 ,148.848 | 495.425
0 ,0 ,0 ,0 ,0 ,0 ,1 | 1.05

R2 --> R2 + 5.105*R7

1 ,0 ,0 ,0 ,0 ,0 ,0 | -6.7
0 ,-3 ,0 ,0 ,0 ,0 ,0 | 2.55
0 ,0 ,9.111 ,0 ,0 ,0 ,17.114 | 2.937
0 ,0 ,0 ,6.36 ,0 ,0 ,-17.195 | 24.555
0 ,0 ,0 ,0 ,-0.258 ,0 ,-0.755 | 0.78
0 ,0 ,0 ,0 ,0 ,144.313 ,148.848 | 495.425
0 ,0 ,0 ,0 ,0 ,0 ,1 | 1.05

R2 --> -0.333*R2

1 ,0 ,0 ,0 ,0 ,0 ,0 | -6.7
0 ,1 ,0 ,0 ,0 ,0 ,0 | -0.85
0 ,0 ,9.111 ,0 ,0 ,0 ,17.114 | 2.937
0 ,0 ,0 ,6.36 ,0 ,0 ,-17.195 | 24.555
0 ,0 ,0 ,0 ,-0.258 ,0 ,-0.755 | 0.78
0 ,0 ,0 ,0 ,0 ,144.313 ,148.848 | 495.425
0 ,0 ,0 ,0 ,0 ,0 ,1 | 1.05

R3 --> R3 - 17.114*R7

1 ,0 ,0 ,0 ,0 ,0 ,0 | -6.7
0 ,1 ,0 ,0 ,0 ,0 ,0 | -0.85
0 ,0 ,9.111 ,0 ,0 ,0 ,0 | -15.033
0 ,0 ,0 ,6.36 ,0 ,0 ,-17.195 | 24.555
0 ,0 ,0 ,0 ,-0.258 ,0 ,-0.755 | 0.78
0 ,0 ,0 ,0 ,0 ,144.313 ,148.848 | 495.425
0 ,0 ,0 ,0 ,0 ,0 ,1 | 1.05

R3 --> 0.11*R3

1 ,0 ,0 ,0 ,0 ,0 ,0 | -6.7
0 ,1 ,0 ,0 ,0 ,0 ,0 | -0.85
0 ,0 ,1 ,0 ,0 ,0 ,0 | -1.65
0 ,0 ,0 ,6.36 ,0 ,0 ,-17.195 | 24.555
0 ,0 ,0 ,0 ,-0.258 ,0 ,-0.755 | 0.78
0 ,0 ,0 ,0 ,0 ,144.313 ,148.848 | 495.425
0 ,0 ,0 ,0 ,0 ,0 ,1 | 1.05

R4 --> R4 + 17.195*R7

1 ,0 ,0 ,0 ,0 ,0 ,0 | -6.7
0 ,1 ,0 ,0 ,0 ,0 ,0 | -0.85
0 ,0 ,1 ,0 ,0 ,0 ,0 | -1.65
0 ,0 ,0 ,6.36 ,0 ,0 ,0 | 42.61
0 ,0 ,0 ,0 ,-0.258 ,0 ,-0.755 | 0.78
0 ,0 ,0 ,0 ,0 ,144.313 ,148.848 | 495.425
0 ,0 ,0 ,0 ,0 ,0 ,1 | 1.05

R4 --> 0.157*R4

1 ,0 ,0 ,0 ,0 ,0 ,0 | -6.7
0 ,1 ,0 ,0 ,0 ,0 ,0 | -0.85
0 ,0 ,1 ,0 ,0 ,0 ,0 | -1.65
0 ,0 ,0 ,1 ,0 ,0 ,0 | 6.7
0 ,0 ,0 ,0 ,-0.258 ,0 ,-0.755 | 0.78
0 ,0 ,0 ,0 ,0 ,144.313 ,148.848 | 495.425
0 ,0 ,0 ,0 ,0 ,0 ,1 | 1.05

R5 --> R5 + 0.755*R7

1 ,0 ,0 ,0 ,0 ,0 ,0 | -6.7
0 ,1 ,0 ,0 ,0 ,0 ,0 | -0.85
0 ,0 ,1 ,0 ,0 ,0 ,0 | -1.65
0 ,0 ,0 ,1 ,0 ,0 ,0 | 6.7
0 ,0 ,0 ,0 ,-0.258 ,0 ,0 | 1.573
0 ,0 ,0 ,0 ,0 ,144.313 ,148.848 | 495.425
0 ,0 ,0 ,0 ,0 ,0 ,1 | 1.05

R5 --> -3.877*R5

1 ,0 ,0 ,0 ,0 ,0 ,0 | -6.7
0 ,1 ,0 ,0 ,0 ,0 ,0 | -0.85
0 ,0 ,1 ,0 ,0 ,0 ,0 | -1.65
0 ,0 ,0 ,1 ,0 ,0 ,0 | 6.7
0 ,0 ,0 ,0 ,1 ,0 ,0 | -6.1
0 ,0 ,0 ,0 ,0 ,144.313 ,148.848 | 495.425
0 ,0 ,0 ,0 ,0 ,0 ,1 | 1.05

R6 --> R6 - 148.848*R7

1 ,0 ,0 ,0 ,0 ,0 ,0 | -6.7
0 ,1 ,0 ,0 ,0 ,0 ,0 | -0.85
0 ,0 ,1 ,0 ,0 ,0 ,0 | -1.65
0 ,0 ,0 ,1 ,0 ,0 ,0 | 6.7
0 ,0 ,0 ,0 ,1 ,0 ,0 | -6.1
0 ,0 ,0 ,0 ,0 ,144.313 ,0 | 339.134
0 ,0 ,0 ,0 ,0 ,0 ,1 | 1.05

R6 --> 0.007*R6

1 ,0 ,0 ,0 ,0 ,0 ,0 | -6.7
0 ,1 ,0 ,0 ,0 ,0 ,0 | -0.85
0 ,0 ,1 ,0 ,0 ,0 ,0 | -1.65
0 ,0 ,0 ,1 ,0 ,0 ,0 | 6.7
0 ,0 ,0 ,0 ,1 ,0 ,0 | -6.1
0 ,0 ,0 ,0 ,0 ,1 ,0 | 2.35
0 ,0 ,0 ,0 ,0 ,0 ,1 | 1.05

exist a single solution in R7 space for the system which is:
x = (-6.7 ,-0.85 ,-1.65 ,6.7 ,-6.1 ,2.35 ,1.05)
