solve the next system in R7 space (7 equations)(7 unknowns):
eq1:               + 3*x3 + 4*x4 -   x5 + 6*x6 - 3*x7  = 3
eq2: + 7*x1 - 4*x2        - 7*x4 +   x5 - 7*x6 - 4*x7  = 5
eq3: - 7*x1 + 3*x2 - 3*x3 + 5*x4 +   x5 + 3*x6 + 4*x7  = 2
eq4: - 6*x1 + 5*x2 + 3*x3        + 6*x5 + 5*x6 - 5*x7  = -13
eq5: + 2*x1 - 5*x2 +   x3 - 6*x4 - 7*x5 + 7*x6 - 6*x7  = 20
eq6: + 6*x1 + 7*x2 - 3*x3 + 2*x4 - 6*x5 + 3*x6 + 3*x7  = 2
eq7: + 2*x1 + 2*x2 - 7*x3 - 3*x4 + 3*x5 - 6*x6         = 5

0 ,0 ,3 ,4 ,-1 ,6 ,-3 | 3
7 ,-4 ,0 ,-7 ,1 ,-7 ,-4 | 5
-7 ,3 ,-3 ,5 ,1 ,3 ,4 | 2
-6 ,5 ,3 ,0 ,6 ,5 ,-5 | -13
2 ,-5 ,1 ,-6 ,-7 ,7 ,-6 | 20
6 ,7 ,-3 ,2 ,-6 ,3 ,3 | 2
2 ,2 ,-7 ,-3 ,3 ,-6 ,0 | 5

implement the solution by elementary matrices method:
transform A matrix to I by elementary matrices:
R1 <--> R2

7 ,-4 ,0 ,-7 ,1 ,-7 ,-4 | 5
0 ,0 ,3 ,4 ,-1 ,6 ,-3 | 3
-7 ,3 ,-3 ,5 ,1 ,3 ,4 | 2
-6 ,5 ,3 ,0 ,6 ,5 ,-5 | -13
2 ,-5 ,1 ,-6 ,-7 ,7 ,-6 | 20
6 ,7 ,-3 ,2 ,-6 ,3 ,3 | 2
2 ,2 ,-7 ,-3 ,3 ,-6 ,0 | 5

R3 --> R3 + R1

7 ,-4 ,0 ,-7 ,1 ,-7 ,-4 | 5
0 ,0 ,3 ,4 ,-1 ,6 ,-3 | 3
0 ,-1 ,-3 ,-2 ,2 ,-4 ,0 | 7
-6 ,5 ,3 ,0 ,6 ,5 ,-5 | -13
2 ,-5 ,1 ,-6 ,-7 ,7 ,-6 | 20
6 ,7 ,-3 ,2 ,-6 ,3 ,3 | 2
2 ,2 ,-7 ,-3 ,3 ,-6 ,0 | 5

R4 --> R4 + 0.857*R1

7 ,-4 ,0 ,-7 ,1 ,-7 ,-4 | 5
0 ,0 ,3 ,4 ,-1 ,6 ,-3 | 3
0 ,-1 ,-3 ,-2 ,2 ,-4 ,0 | 7
0 ,1.571 ,3 ,-6 ,6.857 ,-1 ,-8.429 | -8.714
2 ,-5 ,1 ,-6 ,-7 ,7 ,-6 | 20
6 ,7 ,-3 ,2 ,-6 ,3 ,3 | 2
2 ,2 ,-7 ,-3 ,3 ,-6 ,0 | 5

R5 --> R5 - 0.286*R1

7 ,-4 ,0 ,-7 ,1 ,-7 ,-4 | 5
0 ,0 ,3 ,4 ,-1 ,6 ,-3 | 3
0 ,-1 ,-3 ,-2 ,2 ,-4 ,0 | 7
0 ,1.571 ,3 ,-6 ,6.857 ,-1 ,-8.429 | -8.714
0 ,-3.857 ,1 ,-4 ,-7.286 ,9 ,-4.857 | 18.571
6 ,7 ,-3 ,2 ,-6 ,3 ,3 | 2
2 ,2 ,-7 ,-3 ,3 ,-6 ,0 | 5

R6 --> R6 - 0.857*R1

7 ,-4 ,0 ,-7 ,1 ,-7 ,-4 | 5
0 ,0 ,3 ,4 ,-1 ,6 ,-3 | 3
0 ,-1 ,-3 ,-2 ,2 ,-4 ,0 | 7
0 ,1.571 ,3 ,-6 ,6.857 ,-1 ,-8.429 | -8.714
0 ,-3.857 ,1 ,-4 ,-7.286 ,9 ,-4.857 | 18.571
0 ,10.429 ,-3 ,8 ,-6.857 ,9 ,6.429 | -2.286
2 ,2 ,-7 ,-3 ,3 ,-6 ,0 | 5

R7 --> R7 - 0.286*R1

7 ,-4 ,0 ,-7 ,1 ,-7 ,-4 | 5
0 ,0 ,3 ,4 ,-1 ,6 ,-3 | 3
0 ,-1 ,-3 ,-2 ,2 ,-4 ,0 | 7
0 ,1.571 ,3 ,-6 ,6.857 ,-1 ,-8.429 | -8.714
0 ,-3.857 ,1 ,-4 ,-7.286 ,9 ,-4.857 | 18.571
0 ,10.429 ,-3 ,8 ,-6.857 ,9 ,6.429 | -2.286
0 ,3.143 ,-7 ,-1 ,2.714 ,-4 ,1.143 | 3.571

R2 <--> R3

7 ,-4 ,0 ,-7 ,1 ,-7 ,-4 | 5
0 ,-1 ,-3 ,-2 ,2 ,-4 ,0 | 7
0 ,0 ,3 ,4 ,-1 ,6 ,-3 | 3
0 ,1.571 ,3 ,-6 ,6.857 ,-1 ,-8.429 | -8.714
0 ,-3.857 ,1 ,-4 ,-7.286 ,9 ,-4.857 | 18.571
0 ,10.429 ,-3 ,8 ,-6.857 ,9 ,6.429 | -2.286
0 ,3.143 ,-7 ,-1 ,2.714 ,-4 ,1.143 | 3.571

R1 --> R1 - 4*R2

7 ,0 ,12 ,1 ,-7 ,9 ,-4 | -23
0 ,-1 ,-3 ,-2 ,2 ,-4 ,0 | 7
0 ,0 ,3 ,4 ,-1 ,6 ,-3 | 3
0 ,1.571 ,3 ,-6 ,6.857 ,-1 ,-8.429 | -8.714
0 ,-3.857 ,1 ,-4 ,-7.286 ,9 ,-4.857 | 18.571
0 ,10.429 ,-3 ,8 ,-6.857 ,9 ,6.429 | -2.286
0 ,3.143 ,-7 ,-1 ,2.714 ,-4 ,1.143 | 3.571

R4 --> R4 + 1.571*R2

7 ,0 ,12 ,1 ,-7 ,9 ,-4 | -23
0 ,-1 ,-3 ,-2 ,2 ,-4 ,0 | 7
0 ,0 ,3 ,4 ,-1 ,6 ,-3 | 3
0 ,0 ,-1.714 ,-9.143 ,10 ,-7.286 ,-8.429 | 2.286
0 ,-3.857 ,1 ,-4 ,-7.286 ,9 ,-4.857 | 18.571
0 ,10.429 ,-3 ,8 ,-6.857 ,9 ,6.429 | -2.286
0 ,3.143 ,-7 ,-1 ,2.714 ,-4 ,1.143 | 3.571

R5 --> R5 - 3.857*R2

7 ,0 ,12 ,1 ,-7 ,9 ,-4 | -23
0 ,-1 ,-3 ,-2 ,2 ,-4 ,0 | 7
0 ,0 ,3 ,4 ,-1 ,6 ,-3 | 3
0 ,0 ,-1.714 ,-9.143 ,10 ,-7.286 ,-8.429 | 2.286
0 ,0 ,12.571 ,3.714 ,-15 ,24.429 ,-4.857 | -8.429
0 ,10.429 ,-3 ,8 ,-6.857 ,9 ,6.429 | -2.286
0 ,3.143 ,-7 ,-1 ,2.714 ,-4 ,1.143 | 3.571

R6 --> R6 + 10.429*R2

7 ,0 ,12 ,1 ,-7 ,9 ,-4 | -23
0 ,-1 ,-3 ,-2 ,2 ,-4 ,0 | 7
0 ,0 ,3 ,4 ,-1 ,6 ,-3 | 3
0 ,0 ,-1.714 ,-9.143 ,10 ,-7.286 ,-8.429 | 2.286
0 ,0 ,12.571 ,3.714 ,-15 ,24.429 ,-4.857 | -8.429
0 ,0 ,-34.286 ,-12.857 ,14 ,-32.714 ,6.429 | 70.714
0 ,3.143 ,-7 ,-1 ,2.714 ,-4 ,1.143 | 3.571

R7 --> R7 + 3.143*R2

7 ,0 ,12 ,1 ,-7 ,9 ,-4 | -23
0 ,-1 ,-3 ,-2 ,2 ,-4 ,0 | 7
0 ,0 ,3 ,4 ,-1 ,6 ,-3 | 3
0 ,0 ,-1.714 ,-9.143 ,10 ,-7.286 ,-8.429 | 2.286
0 ,0 ,12.571 ,3.714 ,-15 ,24.429 ,-4.857 | -8.429
0 ,0 ,-34.286 ,-12.857 ,14 ,-32.714 ,6.429 | 70.714
0 ,0 ,-16.429 ,-7.286 ,9 ,-16.571 ,1.143 | 25.571

R1 --> R1 - 4*R3

7 ,0 ,0 ,-15 ,-3 ,-15 ,8 | -35
0 ,-1 ,-3 ,-2 ,2 ,-4 ,0 | 7
0 ,0 ,3 ,4 ,-1 ,6 ,-3 | 3
0 ,0 ,-1.714 ,-9.143 ,10 ,-7.286 ,-8.429 | 2.286
0 ,0 ,12.571 ,3.714 ,-15 ,24.429 ,-4.857 | -8.429
0 ,0 ,-34.286 ,-12.857 ,14 ,-32.714 ,6.429 | 70.714
0 ,0 ,-16.429 ,-7.286 ,9 ,-16.571 ,1.143 | 25.571

R2 --> R2 + R3

7 ,0 ,0 ,-15 ,-3 ,-15 ,8 | -35
0 ,-1 ,0 ,2 ,1 ,2 ,-3 | 10
0 ,0 ,3 ,4 ,-1 ,6 ,-3 | 3
0 ,0 ,-1.714 ,-9.143 ,10 ,-7.286 ,-8.429 | 2.286
0 ,0 ,12.571 ,3.714 ,-15 ,24.429 ,-4.857 | -8.429
0 ,0 ,-34.286 ,-12.857 ,14 ,-32.714 ,6.429 | 70.714
0 ,0 ,-16.429 ,-7.286 ,9 ,-16.571 ,1.143 | 25.571

R4 --> R4 + 0.571*R3

7 ,0 ,0 ,-15 ,-3 ,-15 ,8 | -35
0 ,-1 ,0 ,2 ,1 ,2 ,-3 | 10
0 ,0 ,3 ,4 ,-1 ,6 ,-3 | 3
0 ,0 ,0 ,-6.857 ,9.429 ,-3.857 ,-10.143 | 4
0 ,0 ,12.571 ,3.714 ,-15 ,24.429 ,-4.857 | -8.429
0 ,0 ,-34.286 ,-12.857 ,14 ,-32.714 ,6.429 | 70.714
0 ,0 ,-16.429 ,-7.286 ,9 ,-16.571 ,1.143 | 25.571

R5 --> R5 - 4.19*R3

7 ,0 ,0 ,-15 ,-3 ,-15 ,8 | -35
0 ,-1 ,0 ,2 ,1 ,2 ,-3 | 10
0 ,0 ,3 ,4 ,-1 ,6 ,-3 | 3
0 ,0 ,0 ,-6.857 ,9.429 ,-3.857 ,-10.143 | 4
0 ,0 ,0 ,-13.048 ,-10.81 ,-0.714 ,7.714 | -21
0 ,0 ,-34.286 ,-12.857 ,14 ,-32.714 ,6.429 | 70.714
0 ,0 ,-16.429 ,-7.286 ,9 ,-16.571 ,1.143 | 25.571

R6 --> R6 + 11.429*R3

7 ,0 ,0 ,-15 ,-3 ,-15 ,8 | -35
0 ,-1 ,0 ,2 ,1 ,2 ,-3 | 10
0 ,0 ,3 ,4 ,-1 ,6 ,-3 | 3
0 ,0 ,0 ,-6.857 ,9.429 ,-3.857 ,-10.143 | 4
0 ,0 ,0 ,-13.048 ,-10.81 ,-0.714 ,7.714 | -21
0 ,0 ,0 ,32.857 ,2.571 ,35.857 ,-27.857 | 105
0 ,0 ,-16.429 ,-7.286 ,9 ,-16.571 ,1.143 | 25.571

R7 --> R7 + 5.476*R3

7 ,0 ,0 ,-15 ,-3 ,-15 ,8 | -35
0 ,-1 ,0 ,2 ,1 ,2 ,-3 | 10
0 ,0 ,3 ,4 ,-1 ,6 ,-3 | 3
0 ,0 ,0 ,-6.857 ,9.429 ,-3.857 ,-10.143 | 4
0 ,0 ,0 ,-13.048 ,-10.81 ,-0.714 ,7.714 | -21
0 ,0 ,0 ,32.857 ,2.571 ,35.857 ,-27.857 | 105
0 ,0 ,0 ,14.619 ,3.524 ,16.286 ,-15.286 | 42

R1 --> R1 - 2.188*R4

7 ,0 ,0 ,0 ,-23.625 ,-6.562 ,30.188 | -43.75
0 ,-1 ,0 ,2 ,1 ,2 ,-3 | 10
0 ,0 ,3 ,4 ,-1 ,6 ,-3 | 3
0 ,0 ,0 ,-6.857 ,9.429 ,-3.857 ,-10.143 | 4
0 ,0 ,0 ,-13.048 ,-10.81 ,-0.714 ,7.714 | -21
0 ,0 ,0 ,32.857 ,2.571 ,35.857 ,-27.857 | 105
0 ,0 ,0 ,14.619 ,3.524 ,16.286 ,-15.286 | 42

R2 --> R2 + 0.292*R4

7 ,0 ,0 ,0 ,-23.625 ,-6.562 ,30.188 | -43.75
0 ,-1 ,0 ,0 ,3.75 ,0.875 ,-5.958 | 11.167
0 ,0 ,3 ,4 ,-1 ,6 ,-3 | 3
0 ,0 ,0 ,-6.857 ,9.429 ,-3.857 ,-10.143 | 4
0 ,0 ,0 ,-13.048 ,-10.81 ,-0.714 ,7.714 | -21
0 ,0 ,0 ,32.857 ,2.571 ,35.857 ,-27.857 | 105
0 ,0 ,0 ,14.619 ,3.524 ,16.286 ,-15.286 | 42

R3 --> R3 + 0.583*R4

7 ,0 ,0 ,0 ,-23.625 ,-6.562 ,30.188 | -43.75
0 ,-1 ,0 ,0 ,3.75 ,0.875 ,-5.958 | 11.167
0 ,0 ,3 ,0 ,4.5 ,3.75 ,-8.917 | 5.333
0 ,0 ,0 ,-6.857 ,9.429 ,-3.857 ,-10.143 | 4
0 ,0 ,0 ,-13.048 ,-10.81 ,-0.714 ,7.714 | -21
0 ,0 ,0 ,32.857 ,2.571 ,35.857 ,-27.857 | 105
0 ,0 ,0 ,14.619 ,3.524 ,16.286 ,-15.286 | 42

R5 --> R5 - 1.903*R4

7 ,0 ,0 ,0 ,-23.625 ,-6.562 ,30.188 | -43.75
0 ,-1 ,0 ,0 ,3.75 ,0.875 ,-5.958 | 11.167
0 ,0 ,3 ,0 ,4.5 ,3.75 ,-8.917 | 5.333
0 ,0 ,0 ,-6.857 ,9.429 ,-3.857 ,-10.143 | 4
0 ,0 ,0 ,0 ,-28.75 ,6.625 ,27.014 | -28.611
0 ,0 ,0 ,32.857 ,2.571 ,35.857 ,-27.857 | 105
0 ,0 ,0 ,14.619 ,3.524 ,16.286 ,-15.286 | 42

R6 --> R6 + 4.792*R4

7 ,0 ,0 ,0 ,-23.625 ,-6.562 ,30.188 | -43.75
0 ,-1 ,0 ,0 ,3.75 ,0.875 ,-5.958 | 11.167
0 ,0 ,3 ,0 ,4.5 ,3.75 ,-8.917 | 5.333
0 ,0 ,0 ,-6.857 ,9.429 ,-3.857 ,-10.143 | 4
0 ,0 ,0 ,0 ,-28.75 ,6.625 ,27.014 | -28.611
0 ,0 ,0 ,0 ,47.75 ,17.375 ,-76.458 | 124.167
0 ,0 ,0 ,14.619 ,3.524 ,16.286 ,-15.286 | 42

R7 --> R7 + 2.132*R4

7 ,0 ,0 ,0 ,-23.625 ,-6.562 ,30.188 | -43.75
0 ,-1 ,0 ,0 ,3.75 ,0.875 ,-5.958 | 11.167
0 ,0 ,3 ,0 ,4.5 ,3.75 ,-8.917 | 5.333
0 ,0 ,0 ,-6.857 ,9.429 ,-3.857 ,-10.143 | 4
0 ,0 ,0 ,0 ,-28.75 ,6.625 ,27.014 | -28.611
0 ,0 ,0 ,0 ,47.75 ,17.375 ,-76.458 | 124.167
0 ,0 ,0 ,0 ,23.625 ,8.063 ,-36.91 | 50.528

R1 --> R1 - 0.822*R5

7 ,0 ,0 ,0 ,0 ,-12.007 ,7.989 | -20.239
0 ,-1 ,0 ,0 ,3.75 ,0.875 ,-5.958 | 11.167
0 ,0 ,3 ,0 ,4.5 ,3.75 ,-8.917 | 5.333
0 ,0 ,0 ,-6.857 ,9.429 ,-3.857 ,-10.143 | 4
0 ,0 ,0 ,0 ,-28.75 ,6.625 ,27.014 | -28.611
0 ,0 ,0 ,0 ,47.75 ,17.375 ,-76.458 | 124.167
0 ,0 ,0 ,0 ,23.625 ,8.063 ,-36.91 | 50.528

R2 --> R2 + 0.13*R5

7 ,0 ,0 ,0 ,0 ,-12.007 ,7.989 | -20.239
0 ,-1 ,0 ,0 ,0 ,1.739 ,-2.435 | 7.435
0 ,0 ,3 ,0 ,4.5 ,3.75 ,-8.917 | 5.333
0 ,0 ,0 ,-6.857 ,9.429 ,-3.857 ,-10.143 | 4
0 ,0 ,0 ,0 ,-28.75 ,6.625 ,27.014 | -28.611
0 ,0 ,0 ,0 ,47.75 ,17.375 ,-76.458 | 124.167
0 ,0 ,0 ,0 ,23.625 ,8.063 ,-36.91 | 50.528

R3 --> R3 + 0.157*R5

7 ,0 ,0 ,0 ,0 ,-12.007 ,7.989 | -20.239
0 ,-1 ,0 ,0 ,0 ,1.739 ,-2.435 | 7.435
0 ,0 ,3 ,0 ,0 ,4.787 ,-4.688 | 0.855
0 ,0 ,0 ,-6.857 ,9.429 ,-3.857 ,-10.143 | 4
0 ,0 ,0 ,0 ,-28.75 ,6.625 ,27.014 | -28.611
0 ,0 ,0 ,0 ,47.75 ,17.375 ,-76.458 | 124.167
0 ,0 ,0 ,0 ,23.625 ,8.063 ,-36.91 | 50.528

R4 --> R4 + 0.328*R5

7 ,0 ,0 ,0 ,0 ,-12.007 ,7.989 | -20.239
0 ,-1 ,0 ,0 ,0 ,1.739 ,-2.435 | 7.435
0 ,0 ,3 ,0 ,0 ,4.787 ,-4.688 | 0.855
0 ,0 ,0 ,-6.857 ,0 ,-1.684 ,-1.284 | -5.383
0 ,0 ,0 ,0 ,-28.75 ,6.625 ,27.014 | -28.611
0 ,0 ,0 ,0 ,47.75 ,17.375 ,-76.458 | 124.167
0 ,0 ,0 ,0 ,23.625 ,8.063 ,-36.91 | 50.528

R6 --> R6 + 1.661*R5

7 ,0 ,0 ,0 ,0 ,-12.007 ,7.989 | -20.239
0 ,-1 ,0 ,0 ,0 ,1.739 ,-2.435 | 7.435
0 ,0 ,3 ,0 ,0 ,4.787 ,-4.688 | 0.855
0 ,0 ,0 ,-6.857 ,0 ,-1.684 ,-1.284 | -5.383
0 ,0 ,0 ,0 ,-28.75 ,6.625 ,27.014 | -28.611
0 ,0 ,0 ,0 ,0 ,28.378 ,-31.592 | 76.647
0 ,0 ,0 ,0 ,23.625 ,8.063 ,-36.91 | 50.528

R7 --> R7 + 0.822*R5

7 ,0 ,0 ,0 ,0 ,-12.007 ,7.989 | -20.239
0 ,-1 ,0 ,0 ,0 ,1.739 ,-2.435 | 7.435
0 ,0 ,3 ,0 ,0 ,4.787 ,-4.688 | 0.855
0 ,0 ,0 ,-6.857 ,0 ,-1.684 ,-1.284 | -5.383
0 ,0 ,0 ,0 ,-28.75 ,6.625 ,27.014 | -28.611
0 ,0 ,0 ,0 ,0 ,28.378 ,-31.592 | 76.647
0 ,0 ,0 ,0 ,0 ,13.507 ,-14.711 | 27.017

R1 --> R1 + 0.423*R6

7 ,0 ,0 ,0 ,0 ,0 ,-5.377 | 12.189
0 ,-1 ,0 ,0 ,0 ,1.739 ,-2.435 | 7.435
0 ,0 ,3 ,0 ,0 ,4.787 ,-4.688 | 0.855
0 ,0 ,0 ,-6.857 ,0 ,-1.684 ,-1.284 | -5.383
0 ,0 ,0 ,0 ,-28.75 ,6.625 ,27.014 | -28.611
0 ,0 ,0 ,0 ,0 ,28.378 ,-31.592 | 76.647
0 ,0 ,0 ,0 ,0 ,13.507 ,-14.711 | 27.017

R2 --> R2 - 0.061*R6

7 ,0 ,0 ,0 ,0 ,0 ,-5.377 | 12.189
0 ,-1 ,0 ,0 ,0 ,0 ,-0.499 | 2.738
0 ,0 ,3 ,0 ,0 ,4.787 ,-4.688 | 0.855
0 ,0 ,0 ,-6.857 ,0 ,-1.684 ,-1.284 | -5.383
0 ,0 ,0 ,0 ,-28.75 ,6.625 ,27.014 | -28.611
0 ,0 ,0 ,0 ,0 ,28.378 ,-31.592 | 76.647
0 ,0 ,0 ,0 ,0 ,13.507 ,-14.711 | 27.017

R3 --> R3 - 0.169*R6

7 ,0 ,0 ,0 ,0 ,0 ,-5.377 | 12.189
0 ,-1 ,0 ,0 ,0 ,0 ,-0.499 | 2.738
0 ,0 ,3 ,0 ,0 ,0 ,0.641 | -12.074
0 ,0 ,0 ,-6.857 ,0 ,-1.684 ,-1.284 | -5.383
0 ,0 ,0 ,0 ,-28.75 ,6.625 ,27.014 | -28.611
0 ,0 ,0 ,0 ,0 ,28.378 ,-31.592 | 76.647
0 ,0 ,0 ,0 ,0 ,13.507 ,-14.711 | 27.017

R4 --> R4 + 0.059*R6

7 ,0 ,0 ,0 ,0 ,0 ,-5.377 | 12.189
0 ,-1 ,0 ,0 ,0 ,0 ,-0.499 | 2.738
0 ,0 ,3 ,0 ,0 ,0 ,0.641 | -12.074
0 ,0 ,0 ,-6.857 ,0 ,0 ,-3.159 | -0.833
0 ,0 ,0 ,0 ,-28.75 ,6.625 ,27.014 | -28.611
0 ,0 ,0 ,0 ,0 ,28.378 ,-31.592 | 76.647
0 ,0 ,0 ,0 ,0 ,13.507 ,-14.711 | 27.017

R5 --> R5 - 0.233*R6

7 ,0 ,0 ,0 ,0 ,0 ,-5.377 | 12.189
0 ,-1 ,0 ,0 ,0 ,0 ,-0.499 | 2.738
0 ,0 ,3 ,0 ,0 ,0 ,0.641 | -12.074
0 ,0 ,0 ,-6.857 ,0 ,0 ,-3.159 | -0.833
0 ,0 ,0 ,0 ,-28.75 ,0 ,34.389 | -46.505
0 ,0 ,0 ,0 ,0 ,28.378 ,-31.592 | 76.647
0 ,0 ,0 ,0 ,0 ,13.507 ,-14.711 | 27.017

R7 --> R7 - 0.476*R6

7 ,0 ,0 ,0 ,0 ,0 ,-5.377 | 12.189
0 ,-1 ,0 ,0 ,0 ,0 ,-0.499 | 2.738
0 ,0 ,3 ,0 ,0 ,0 ,0.641 | -12.074
0 ,0 ,0 ,-6.857 ,0 ,0 ,-3.159 | -0.833
0 ,0 ,0 ,0 ,-28.75 ,0 ,34.389 | -46.505
0 ,0 ,0 ,0 ,0 ,28.378 ,-31.592 | 76.647
0 ,0 ,0 ,0 ,0 ,0 ,0.325 | -9.463

R7 --> 3.08*R7

7 ,0 ,0 ,0 ,0 ,0 ,-5.377 | 12.189
0 ,-1 ,0 ,0 ,0 ,0 ,-0.499 | 2.738
0 ,0 ,3 ,0 ,0 ,0 ,0.641 | -12.074
0 ,0 ,0 ,-6.857 ,0 ,0 ,-3.159 | -0.833
0 ,0 ,0 ,0 ,-28.75 ,0 ,34.389 | -46.505
0 ,0 ,0 ,0 ,0 ,28.378 ,-31.592 | 76.647
0 ,0 ,0 ,0 ,0 ,0 ,1 | -29.15

R1 --> R1 + 5.377*R7

7 ,0 ,0 ,0 ,0 ,0 ,0 | -144.549
0 ,-1 ,0 ,0 ,0 ,0 ,-0.499 | 2.738
0 ,0 ,3 ,0 ,0 ,0 ,0.641 | -12.074
0 ,0 ,0 ,-6.857 ,0 ,0 ,-3.159 | -0.833
0 ,0 ,0 ,0 ,-28.75 ,0 ,34.389 | -46.505
0 ,0 ,0 ,0 ,0 ,28.378 ,-31.592 | 76.647
0 ,0 ,0 ,0 ,0 ,0 ,1 | -29.15

R1 --> 0.143*R1

1 ,0 ,0 ,0 ,0 ,0 ,0 | -20.65
0 ,-1 ,0 ,0 ,0 ,0 ,-0.499 | 2.738
0 ,0 ,3 ,0 ,0 ,0 ,0.641 | -12.074
0 ,0 ,0 ,-6.857 ,0 ,0 ,-3.159 | -0.833
0 ,0 ,0 ,0 ,-28.75 ,0 ,34.389 | -46.505
0 ,0 ,0 ,0 ,0 ,28.378 ,-31.592 | 76.647
0 ,0 ,0 ,0 ,0 ,0 ,1 | -29.15

R2 --> R2 + 0.499*R7

1 ,0 ,0 ,0 ,0 ,0 ,0 | -20.65
0 ,-1 ,0 ,0 ,0 ,0 ,0 | -11.8
0 ,0 ,3 ,0 ,0 ,0 ,0.641 | -12.074
0 ,0 ,0 ,-6.857 ,0 ,0 ,-3.159 | -0.833
0 ,0 ,0 ,0 ,-28.75 ,0 ,34.389 | -46.505
0 ,0 ,0 ,0 ,0 ,28.378 ,-31.592 | 76.647
0 ,0 ,0 ,0 ,0 ,0 ,1 | -29.15

R2 --> - R2

1 ,0 ,0 ,0 ,0 ,0 ,0 | -20.65
0 ,1 ,0 ,0 ,0 ,0 ,0 | 11.8
0 ,0 ,3 ,0 ,0 ,0 ,0.641 | -12.074
0 ,0 ,0 ,-6.857 ,0 ,0 ,-3.159 | -0.833
0 ,0 ,0 ,0 ,-28.75 ,0 ,34.389 | -46.505
0 ,0 ,0 ,0 ,0 ,28.378 ,-31.592 | 76.647
0 ,0 ,0 ,0 ,0 ,0 ,1 | -29.15

R3 --> R3 - 0.641*R7

1 ,0 ,0 ,0 ,0 ,0 ,0 | -20.65
0 ,1 ,0 ,0 ,0 ,0 ,0 | 11.8
0 ,0 ,3 ,0 ,0 ,0 ,0 | 6.6
0 ,0 ,0 ,-6.857 ,0 ,0 ,-3.159 | -0.833
0 ,0 ,0 ,0 ,-28.75 ,0 ,34.389 | -46.505
0 ,0 ,0 ,0 ,0 ,28.378 ,-31.592 | 76.647
0 ,0 ,0 ,0 ,0 ,0 ,1 | -29.15

R3 --> 0.333*R3

1 ,0 ,0 ,0 ,0 ,0 ,0 | -20.65
0 ,1 ,0 ,0 ,0 ,0 ,0 | 11.8
0 ,0 ,1 ,0 ,0 ,0 ,0 | 2.2
0 ,0 ,0 ,-6.857 ,0 ,0 ,-3.159 | -0.833
0 ,0 ,0 ,0 ,-28.75 ,0 ,34.389 | -46.505
0 ,0 ,0 ,0 ,0 ,28.378 ,-31.592 | 76.647
0 ,0 ,0 ,0 ,0 ,0 ,1 | -29.15

R4 --> R4 + 3.159*R7

1 ,0 ,0 ,0 ,0 ,0 ,0 | -20.65
0 ,1 ,0 ,0 ,0 ,0 ,0 | 11.8
0 ,0 ,1 ,0 ,0 ,0 ,0 | 2.2
0 ,0 ,0 ,-6.857 ,0 ,0 ,0 | -92.914
0 ,0 ,0 ,0 ,-28.75 ,0 ,34.389 | -46.505
0 ,0 ,0 ,0 ,0 ,28.378 ,-31.592 | 76.647
0 ,0 ,0 ,0 ,0 ,0 ,1 | -29.15

R4 --> -0.146*R4

1 ,0 ,0 ,0 ,0 ,0 ,0 | -20.65
0 ,1 ,0 ,0 ,0 ,0 ,0 | 11.8
0 ,0 ,1 ,0 ,0 ,0 ,0 | 2.2
0 ,0 ,0 ,1 ,0 ,0 ,0 | 13.55
0 ,0 ,0 ,0 ,-28.75 ,0 ,34.389 | -46.505
0 ,0 ,0 ,0 ,0 ,28.378 ,-31.592 | 76.647
0 ,0 ,0 ,0 ,0 ,0 ,1 | -29.15

R5 --> R5 - 34.389*R7

1 ,0 ,0 ,0 ,0 ,0 ,0 | -20.65
0 ,1 ,0 ,0 ,0 ,0 ,0 | 11.8
0 ,0 ,1 ,0 ,0 ,0 ,0 | 2.2
0 ,0 ,0 ,1 ,0 ,0 ,0 | 13.55
0 ,0 ,0 ,0 ,-28.75 ,0 ,0 | 955.934
0 ,0 ,0 ,0 ,0 ,28.378 ,-31.592 | 76.647
0 ,0 ,0 ,0 ,0 ,0 ,1 | -29.15

R5 --> -0.035*R5

1 ,0 ,0 ,0 ,0 ,0 ,0 | -20.65
0 ,1 ,0 ,0 ,0 ,0 ,0 | 11.8
0 ,0 ,1 ,0 ,0 ,0 ,0 | 2.2
0 ,0 ,0 ,1 ,0 ,0 ,0 | 13.55
0 ,0 ,0 ,0 ,1 ,0 ,0 | -33.25
0 ,0 ,0 ,0 ,0 ,28.378 ,-31.592 | 76.647
0 ,0 ,0 ,0 ,0 ,0 ,1 | -29.15

R6 --> R6 + 31.592*R7

1 ,0 ,0 ,0 ,0 ,0 ,0 | -20.65
0 ,1 ,0 ,0 ,0 ,0 ,0 | 11.8
0 ,0 ,1 ,0 ,0 ,0 ,0 | 2.2
0 ,0 ,0 ,1 ,0 ,0 ,0 | 13.55
0 ,0 ,0 ,0 ,1 ,0 ,0 | -33.25
0 ,0 ,0 ,0 ,0 ,28.378 ,0 | -844.251
0 ,0 ,0 ,0 ,0 ,0 ,1 | -29.15

R6 --> 0.035*R6

1 ,0 ,0 ,0 ,0 ,0 ,0 | -20.65
0 ,1 ,0 ,0 ,0 ,0 ,0 | 11.8
0 ,0 ,1 ,0 ,0 ,0 ,0 | 2.2
0 ,0 ,0 ,1 ,0 ,0 ,0 | 13.55
0 ,0 ,0 ,0 ,1 ,0 ,0 | -33.25
0 ,0 ,0 ,0 ,0 ,1 ,0 | -29.75
0 ,0 ,0 ,0 ,0 ,0 ,1 | -29.15

exist a single solution in R7 space for the system which is:
x = (-20.65 ,11.8 ,2.2 ,13.55 ,-33.25 ,-29.75 ,-29.15)
