solve the next system in R7 space (7 equations)(7 unknowns):
eq1:        - 5*x2 + 3*x3 + 3*x4 - 4*x5 + 7*x6 - 6*x7  = -15
eq2: - 2*x1 +   x2 + 3*x3 - 7*x4 + 6*x5 + 7*x6 - 6*x7  = -2
eq3:        +   x2        - 2*x4 + 5*x5 + 5*x6 + 2*x7  = 17
eq4: - 6*x1 + 6*x2 + 6*x3 - 3*x4 - 4*x5 +   x6 - 5*x7  = 1
eq5: - 3*x1 +   x2 +   x3 - 3*x4 - 5*x5 + 6*x6         = -10
eq6: + 4*x1 + 2*x2 - 4*x3        -   x5                = 15
eq7: +   x1        -   x3 -   x4 + 4*x5 - 4*x6 + 5*x7  = 5

0 ,-5 ,3 ,3 ,-4 ,7 ,-6 | -15
-2 ,1 ,3 ,-7 ,6 ,7 ,-6 | -2
0 ,1 ,0 ,-2 ,5 ,5 ,2 | 17
-6 ,6 ,6 ,-3 ,-4 ,1 ,-5 | 1
-3 ,1 ,1 ,-3 ,-5 ,6 ,0 | -10
4 ,2 ,-4 ,0 ,-1 ,0 ,0 | 15
1 ,0 ,-1 ,-1 ,4 ,-4 ,5 | 5

implement the solution by ranking rows method:
transform A matrix to I by a ranking rows:
R1 <--> R2

-2 ,1 ,3 ,-7 ,6 ,7 ,-6 | -2
0 ,-5 ,3 ,3 ,-4 ,7 ,-6 | -15
0 ,1 ,0 ,-2 ,5 ,5 ,2 | 17
-6 ,6 ,6 ,-3 ,-4 ,1 ,-5 | 1
-3 ,1 ,1 ,-3 ,-5 ,6 ,0 | -10
4 ,2 ,-4 ,0 ,-1 ,0 ,0 | 15
1 ,0 ,-1 ,-1 ,4 ,-4 ,5 | 5

R4 --> R4 - 3*R1

-2 ,1 ,3 ,-7 ,6 ,7 ,-6 | -2
0 ,-5 ,3 ,3 ,-4 ,7 ,-6 | -15
0 ,1 ,0 ,-2 ,5 ,5 ,2 | 17
0 ,3 ,-3 ,18 ,-22 ,-20 ,13 | 7
-3 ,1 ,1 ,-3 ,-5 ,6 ,0 | -10
4 ,2 ,-4 ,0 ,-1 ,0 ,0 | 15
1 ,0 ,-1 ,-1 ,4 ,-4 ,5 | 5

R5 --> R5 - 1.5*R1

-2 ,1 ,3 ,-7 ,6 ,7 ,-6 | -2
0 ,-5 ,3 ,3 ,-4 ,7 ,-6 | -15
0 ,1 ,0 ,-2 ,5 ,5 ,2 | 17
0 ,3 ,-3 ,18 ,-22 ,-20 ,13 | 7
0 ,-0.5 ,-3.5 ,7.5 ,-14 ,-4.5 ,9 | -7
4 ,2 ,-4 ,0 ,-1 ,0 ,0 | 15
1 ,0 ,-1 ,-1 ,4 ,-4 ,5 | 5

R6 --> R6 + 2*R1

-2 ,1 ,3 ,-7 ,6 ,7 ,-6 | -2
0 ,-5 ,3 ,3 ,-4 ,7 ,-6 | -15
0 ,1 ,0 ,-2 ,5 ,5 ,2 | 17
0 ,3 ,-3 ,18 ,-22 ,-20 ,13 | 7
0 ,-0.5 ,-3.5 ,7.5 ,-14 ,-4.5 ,9 | -7
0 ,4 ,2 ,-14 ,11 ,14 ,-12 | 11
1 ,0 ,-1 ,-1 ,4 ,-4 ,5 | 5

R7 --> R7 + 0.5*R1

-2 ,1 ,3 ,-7 ,6 ,7 ,-6 | -2
0 ,-5 ,3 ,3 ,-4 ,7 ,-6 | -15
0 ,1 ,0 ,-2 ,5 ,5 ,2 | 17
0 ,3 ,-3 ,18 ,-22 ,-20 ,13 | 7
0 ,-0.5 ,-3.5 ,7.5 ,-14 ,-4.5 ,9 | -7
0 ,4 ,2 ,-14 ,11 ,14 ,-12 | 11
0 ,0.5 ,0.5 ,-4.5 ,7 ,-0.5 ,2 | 4

R1 --> R1 + 0.2*R2

-2 ,0 ,3.6 ,-6.4 ,5.2 ,8.4 ,-7.2 | -5
0 ,-5 ,3 ,3 ,-4 ,7 ,-6 | -15
0 ,1 ,0 ,-2 ,5 ,5 ,2 | 17
0 ,3 ,-3 ,18 ,-22 ,-20 ,13 | 7
0 ,-0.5 ,-3.5 ,7.5 ,-14 ,-4.5 ,9 | -7
0 ,4 ,2 ,-14 ,11 ,14 ,-12 | 11
0 ,0.5 ,0.5 ,-4.5 ,7 ,-0.5 ,2 | 4

R3 --> R3 + 0.2*R2

-2 ,0 ,3.6 ,-6.4 ,5.2 ,8.4 ,-7.2 | -5
0 ,-5 ,3 ,3 ,-4 ,7 ,-6 | -15
0 ,0 ,0.6 ,-1.4 ,4.2 ,6.4 ,0.8 | 14
0 ,3 ,-3 ,18 ,-22 ,-20 ,13 | 7
0 ,-0.5 ,-3.5 ,7.5 ,-14 ,-4.5 ,9 | -7
0 ,4 ,2 ,-14 ,11 ,14 ,-12 | 11
0 ,0.5 ,0.5 ,-4.5 ,7 ,-0.5 ,2 | 4

R4 --> R4 + 0.6*R2

-2 ,0 ,3.6 ,-6.4 ,5.2 ,8.4 ,-7.2 | -5
0 ,-5 ,3 ,3 ,-4 ,7 ,-6 | -15
0 ,0 ,0.6 ,-1.4 ,4.2 ,6.4 ,0.8 | 14
0 ,0 ,-1.2 ,19.8 ,-24.4 ,-15.8 ,9.4 | -2
0 ,-0.5 ,-3.5 ,7.5 ,-14 ,-4.5 ,9 | -7
0 ,4 ,2 ,-14 ,11 ,14 ,-12 | 11
0 ,0.5 ,0.5 ,-4.5 ,7 ,-0.5 ,2 | 4

R5 --> R5 - 0.1*R2

-2 ,0 ,3.6 ,-6.4 ,5.2 ,8.4 ,-7.2 | -5
0 ,-5 ,3 ,3 ,-4 ,7 ,-6 | -15
0 ,0 ,0.6 ,-1.4 ,4.2 ,6.4 ,0.8 | 14
0 ,0 ,-1.2 ,19.8 ,-24.4 ,-15.8 ,9.4 | -2
0 ,0 ,-3.8 ,7.2 ,-13.6 ,-5.2 ,9.6 | -5.5
0 ,4 ,2 ,-14 ,11 ,14 ,-12 | 11
0 ,0.5 ,0.5 ,-4.5 ,7 ,-0.5 ,2 | 4

R6 --> R6 + 0.8*R2

-2 ,0 ,3.6 ,-6.4 ,5.2 ,8.4 ,-7.2 | -5
0 ,-5 ,3 ,3 ,-4 ,7 ,-6 | -15
0 ,0 ,0.6 ,-1.4 ,4.2 ,6.4 ,0.8 | 14
0 ,0 ,-1.2 ,19.8 ,-24.4 ,-15.8 ,9.4 | -2
0 ,0 ,-3.8 ,7.2 ,-13.6 ,-5.2 ,9.6 | -5.5
0 ,0 ,4.4 ,-11.6 ,7.8 ,19.6 ,-16.8 | -1
0 ,0.5 ,0.5 ,-4.5 ,7 ,-0.5 ,2 | 4

R7 --> R7 + 0.1*R2

-2 ,0 ,3.6 ,-6.4 ,5.2 ,8.4 ,-7.2 | -5
0 ,-5 ,3 ,3 ,-4 ,7 ,-6 | -15
0 ,0 ,0.6 ,-1.4 ,4.2 ,6.4 ,0.8 | 14
0 ,0 ,-1.2 ,19.8 ,-24.4 ,-15.8 ,9.4 | -2
0 ,0 ,-3.8 ,7.2 ,-13.6 ,-5.2 ,9.6 | -5.5
0 ,0 ,4.4 ,-11.6 ,7.8 ,19.6 ,-16.8 | -1
0 ,0 ,0.8 ,-4.2 ,6.6 ,0.2 ,1.4 | 2.5

R1 --> R1 - 6*R3

-2 ,0 ,0 ,2 ,-20 ,-30 ,-12 | -89
0 ,-5 ,3 ,3 ,-4 ,7 ,-6 | -15
0 ,0 ,0.6 ,-1.4 ,4.2 ,6.4 ,0.8 | 14
0 ,0 ,-1.2 ,19.8 ,-24.4 ,-15.8 ,9.4 | -2
0 ,0 ,-3.8 ,7.2 ,-13.6 ,-5.2 ,9.6 | -5.5
0 ,0 ,4.4 ,-11.6 ,7.8 ,19.6 ,-16.8 | -1
0 ,0 ,0.8 ,-4.2 ,6.6 ,0.2 ,1.4 | 2.5

R2 --> R2 - 5*R3

-2 ,0 ,0 ,2 ,-20 ,-30 ,-12 | -89
0 ,-5 ,0 ,10 ,-25 ,-25 ,-10 | -85
0 ,0 ,0.6 ,-1.4 ,4.2 ,6.4 ,0.8 | 14
0 ,0 ,-1.2 ,19.8 ,-24.4 ,-15.8 ,9.4 | -2
0 ,0 ,-3.8 ,7.2 ,-13.6 ,-5.2 ,9.6 | -5.5
0 ,0 ,4.4 ,-11.6 ,7.8 ,19.6 ,-16.8 | -1
0 ,0 ,0.8 ,-4.2 ,6.6 ,0.2 ,1.4 | 2.5

R4 --> R4 + 2*R3

-2 ,0 ,0 ,2 ,-20 ,-30 ,-12 | -89
0 ,-5 ,0 ,10 ,-25 ,-25 ,-10 | -85
0 ,0 ,0.6 ,-1.4 ,4.2 ,6.4 ,0.8 | 14
0 ,0 ,0 ,17 ,-16 ,-3 ,11 | 26
0 ,0 ,-3.8 ,7.2 ,-13.6 ,-5.2 ,9.6 | -5.5
0 ,0 ,4.4 ,-11.6 ,7.8 ,19.6 ,-16.8 | -1
0 ,0 ,0.8 ,-4.2 ,6.6 ,0.2 ,1.4 | 2.5

R5 --> R5 + 6.333*R3

-2 ,0 ,0 ,2 ,-20 ,-30 ,-12 | -89
0 ,-5 ,0 ,10 ,-25 ,-25 ,-10 | -85
0 ,0 ,0.6 ,-1.4 ,4.2 ,6.4 ,0.8 | 14
0 ,0 ,0 ,17 ,-16 ,-3 ,11 | 26
0 ,0 ,0 ,-1.667 ,13 ,35.333 ,14.667 | 83.167
0 ,0 ,4.4 ,-11.6 ,7.8 ,19.6 ,-16.8 | -1
0 ,0 ,0.8 ,-4.2 ,6.6 ,0.2 ,1.4 | 2.5

R6 --> R6 - 7.333*R3

-2 ,0 ,0 ,2 ,-20 ,-30 ,-12 | -89
0 ,-5 ,0 ,10 ,-25 ,-25 ,-10 | -85
0 ,0 ,0.6 ,-1.4 ,4.2 ,6.4 ,0.8 | 14
0 ,0 ,0 ,17 ,-16 ,-3 ,11 | 26
0 ,0 ,0 ,-1.667 ,13 ,35.333 ,14.667 | 83.167
0 ,0 ,0 ,-1.333 ,-23 ,-27.333 ,-22.667 | -103.667
0 ,0 ,0.8 ,-4.2 ,6.6 ,0.2 ,1.4 | 2.5

R7 --> R7 - 1.333*R3

-2 ,0 ,0 ,2 ,-20 ,-30 ,-12 | -89
0 ,-5 ,0 ,10 ,-25 ,-25 ,-10 | -85
0 ,0 ,0.6 ,-1.4 ,4.2 ,6.4 ,0.8 | 14
0 ,0 ,0 ,17 ,-16 ,-3 ,11 | 26
0 ,0 ,0 ,-1.667 ,13 ,35.333 ,14.667 | 83.167
0 ,0 ,0 ,-1.333 ,-23 ,-27.333 ,-22.667 | -103.667
0 ,0 ,0 ,-2.333 ,1 ,-8.333 ,0.333 | -16.167

R1 --> R1 - 0.118*R4

-2 ,0 ,0 ,0 ,-18.118 ,-29.647 ,-13.294 | -92.059
0 ,-5 ,0 ,10 ,-25 ,-25 ,-10 | -85
0 ,0 ,0.6 ,-1.4 ,4.2 ,6.4 ,0.8 | 14
0 ,0 ,0 ,17 ,-16 ,-3 ,11 | 26
0 ,0 ,0 ,-1.667 ,13 ,35.333 ,14.667 | 83.167
0 ,0 ,0 ,-1.333 ,-23 ,-27.333 ,-22.667 | -103.667
0 ,0 ,0 ,-2.333 ,1 ,-8.333 ,0.333 | -16.167

R2 --> R2 - 0.588*R4

-2 ,0 ,0 ,0 ,-18.118 ,-29.647 ,-13.294 | -92.059
0 ,-5 ,0 ,0 ,-15.588 ,-23.235 ,-16.471 | -100.294
0 ,0 ,0.6 ,-1.4 ,4.2 ,6.4 ,0.8 | 14
0 ,0 ,0 ,17 ,-16 ,-3 ,11 | 26
0 ,0 ,0 ,-1.667 ,13 ,35.333 ,14.667 | 83.167
0 ,0 ,0 ,-1.333 ,-23 ,-27.333 ,-22.667 | -103.667
0 ,0 ,0 ,-2.333 ,1 ,-8.333 ,0.333 | -16.167

R3 --> R3 + 0.082*R4

-2 ,0 ,0 ,0 ,-18.118 ,-29.647 ,-13.294 | -92.059
0 ,-5 ,0 ,0 ,-15.588 ,-23.235 ,-16.471 | -100.294
0 ,0 ,0.6 ,0 ,2.882 ,6.153 ,1.706 | 16.141
0 ,0 ,0 ,17 ,-16 ,-3 ,11 | 26
0 ,0 ,0 ,-1.667 ,13 ,35.333 ,14.667 | 83.167
0 ,0 ,0 ,-1.333 ,-23 ,-27.333 ,-22.667 | -103.667
0 ,0 ,0 ,-2.333 ,1 ,-8.333 ,0.333 | -16.167

R5 --> R5 + 0.098*R4

-2 ,0 ,0 ,0 ,-18.118 ,-29.647 ,-13.294 | -92.059
0 ,-5 ,0 ,0 ,-15.588 ,-23.235 ,-16.471 | -100.294
0 ,0 ,0.6 ,0 ,2.882 ,6.153 ,1.706 | 16.141
0 ,0 ,0 ,17 ,-16 ,-3 ,11 | 26
0 ,0 ,0 ,0 ,11.431 ,35.039 ,15.745 | 85.716
0 ,0 ,0 ,-1.333 ,-23 ,-27.333 ,-22.667 | -103.667
0 ,0 ,0 ,-2.333 ,1 ,-8.333 ,0.333 | -16.167

R6 --> R6 + 0.078*R4

-2 ,0 ,0 ,0 ,-18.118 ,-29.647 ,-13.294 | -92.059
0 ,-5 ,0 ,0 ,-15.588 ,-23.235 ,-16.471 | -100.294
0 ,0 ,0.6 ,0 ,2.882 ,6.153 ,1.706 | 16.141
0 ,0 ,0 ,17 ,-16 ,-3 ,11 | 26
0 ,0 ,0 ,0 ,11.431 ,35.039 ,15.745 | 85.716
0 ,0 ,0 ,0 ,-24.255 ,-27.569 ,-21.804 | -101.627
0 ,0 ,0 ,-2.333 ,1 ,-8.333 ,0.333 | -16.167

R7 --> R7 + 0.137*R4

-2 ,0 ,0 ,0 ,-18.118 ,-29.647 ,-13.294 | -92.059
0 ,-5 ,0 ,0 ,-15.588 ,-23.235 ,-16.471 | -100.294
0 ,0 ,0.6 ,0 ,2.882 ,6.153 ,1.706 | 16.141
0 ,0 ,0 ,17 ,-16 ,-3 ,11 | 26
0 ,0 ,0 ,0 ,11.431 ,35.039 ,15.745 | 85.716
0 ,0 ,0 ,0 ,-24.255 ,-27.569 ,-21.804 | -101.627
0 ,0 ,0 ,0 ,-1.196 ,-8.745 ,1.843 | -12.598

R1 --> R1 + 1.585*R5

-2 ,0 ,0 ,0 ,0 ,25.887 ,11.66 | 43.792
0 ,-5 ,0 ,0 ,-15.588 ,-23.235 ,-16.471 | -100.294
0 ,0 ,0.6 ,0 ,2.882 ,6.153 ,1.706 | 16.141
0 ,0 ,0 ,17 ,-16 ,-3 ,11 | 26
0 ,0 ,0 ,0 ,11.431 ,35.039 ,15.745 | 85.716
0 ,0 ,0 ,0 ,-24.255 ,-27.569 ,-21.804 | -101.627
0 ,0 ,0 ,0 ,-1.196 ,-8.745 ,1.843 | -12.598

R2 --> R2 + 1.364*R5

-2 ,0 ,0 ,0 ,0 ,25.887 ,11.66 | 43.792
0 ,-5 ,0 ,0 ,0 ,24.545 ,5 | 16.591
0 ,0 ,0.6 ,0 ,2.882 ,6.153 ,1.706 | 16.141
0 ,0 ,0 ,17 ,-16 ,-3 ,11 | 26
0 ,0 ,0 ,0 ,11.431 ,35.039 ,15.745 | 85.716
0 ,0 ,0 ,0 ,-24.255 ,-27.569 ,-21.804 | -101.627
0 ,0 ,0 ,0 ,-1.196 ,-8.745 ,1.843 | -12.598

R3 --> R3 - 0.252*R5

-2 ,0 ,0 ,0 ,0 ,25.887 ,11.66 | 43.792
0 ,-5 ,0 ,0 ,0 ,24.545 ,5 | 16.591
0 ,0 ,0.6 ,0 ,0 ,-2.682 ,-2.264 | -5.472
0 ,0 ,0 ,17 ,-16 ,-3 ,11 | 26
0 ,0 ,0 ,0 ,11.431 ,35.039 ,15.745 | 85.716
0 ,0 ,0 ,0 ,-24.255 ,-27.569 ,-21.804 | -101.627
0 ,0 ,0 ,0 ,-1.196 ,-8.745 ,1.843 | -12.598

R4 --> R4 + 1.4*R5

-2 ,0 ,0 ,0 ,0 ,25.887 ,11.66 | 43.792
0 ,-5 ,0 ,0 ,0 ,24.545 ,5 | 16.591
0 ,0 ,0.6 ,0 ,0 ,-2.682 ,-2.264 | -5.472
0 ,0 ,0 ,17 ,0 ,46.043 ,33.038 | 145.973
0 ,0 ,0 ,0 ,11.431 ,35.039 ,15.745 | 85.716
0 ,0 ,0 ,0 ,-24.255 ,-27.569 ,-21.804 | -101.627
0 ,0 ,0 ,0 ,-1.196 ,-8.745 ,1.843 | -12.598

R6 --> R6 + 2.122*R5

-2 ,0 ,0 ,0 ,0 ,25.887 ,11.66 | 43.792
0 ,-5 ,0 ,0 ,0 ,24.545 ,5 | 16.591
0 ,0 ,0.6 ,0 ,0 ,-2.682 ,-2.264 | -5.472
0 ,0 ,0 ,17 ,0 ,46.043 ,33.038 | 145.973
0 ,0 ,0 ,0 ,11.431 ,35.039 ,15.745 | 85.716
0 ,0 ,0 ,0 ,0 ,46.777 ,11.604 | 80.243
0 ,0 ,0 ,0 ,-1.196 ,-8.745 ,1.843 | -12.598

R7 --> R7 + 0.105*R5

-2 ,0 ,0 ,0 ,0 ,25.887 ,11.66 | 43.792
0 ,-5 ,0 ,0 ,0 ,24.545 ,5 | 16.591
0 ,0 ,0.6 ,0 ,0 ,-2.682 ,-2.264 | -5.472
0 ,0 ,0 ,17 ,0 ,46.043 ,33.038 | 145.973
0 ,0 ,0 ,0 ,11.431 ,35.039 ,15.745 | 85.716
0 ,0 ,0 ,0 ,0 ,46.777 ,11.604 | 80.243
0 ,0 ,0 ,0 ,0 ,-5.079 ,3.491 | -3.63

R1 --> R1 - 0.553*R6

-2 ,0 ,0 ,0 ,0 ,0 ,5.239 | -0.615
0 ,-5 ,0 ,0 ,0 ,24.545 ,5 | 16.591
0 ,0 ,0.6 ,0 ,0 ,-2.682 ,-2.264 | -5.472
0 ,0 ,0 ,17 ,0 ,46.043 ,33.038 | 145.973
0 ,0 ,0 ,0 ,11.431 ,35.039 ,15.745 | 85.716
0 ,0 ,0 ,0 ,0 ,46.777 ,11.604 | 80.243
0 ,0 ,0 ,0 ,0 ,-5.079 ,3.491 | -3.63

R2 --> R2 - 0.525*R6

-2 ,0 ,0 ,0 ,0 ,0 ,5.239 | -0.615
0 ,-5 ,0 ,0 ,0 ,0 ,-1.089 | -25.515
0 ,0 ,0.6 ,0 ,0 ,-2.682 ,-2.264 | -5.472
0 ,0 ,0 ,17 ,0 ,46.043 ,33.038 | 145.973
0 ,0 ,0 ,0 ,11.431 ,35.039 ,15.745 | 85.716
0 ,0 ,0 ,0 ,0 ,46.777 ,11.604 | 80.243
0 ,0 ,0 ,0 ,0 ,-5.079 ,3.491 | -3.63

R3 --> R3 + 0.057*R6

-2 ,0 ,0 ,0 ,0 ,0 ,5.239 | -0.615
0 ,-5 ,0 ,0 ,0 ,0 ,-1.089 | -25.515
0 ,0 ,0.6 ,0 ,0 ,0 ,-1.599 | -0.871
0 ,0 ,0 ,17 ,0 ,46.043 ,33.038 | 145.973
0 ,0 ,0 ,0 ,11.431 ,35.039 ,15.745 | 85.716
0 ,0 ,0 ,0 ,0 ,46.777 ,11.604 | 80.243
0 ,0 ,0 ,0 ,0 ,-5.079 ,3.491 | -3.63

R4 --> R4 - 0.984*R6

-2 ,0 ,0 ,0 ,0 ,0 ,5.239 | -0.615
0 ,-5 ,0 ,0 ,0 ,0 ,-1.089 | -25.515
0 ,0 ,0.6 ,0 ,0 ,0 ,-1.599 | -0.871
0 ,0 ,0 ,17 ,0 ,0 ,21.616 | 66.989
0 ,0 ,0 ,0 ,11.431 ,35.039 ,15.745 | 85.716
0 ,0 ,0 ,0 ,0 ,46.777 ,11.604 | 80.243
0 ,0 ,0 ,0 ,0 ,-5.079 ,3.491 | -3.63

R5 --> R5 - 0.749*R6

-2 ,0 ,0 ,0 ,0 ,0 ,5.239 | -0.615
0 ,-5 ,0 ,0 ,0 ,0 ,-1.089 | -25.515
0 ,0 ,0.6 ,0 ,0 ,0 ,-1.599 | -0.871
0 ,0 ,0 ,17 ,0 ,0 ,21.616 | 66.989
0 ,0 ,0 ,0 ,11.431 ,0 ,7.053 | 25.608
0 ,0 ,0 ,0 ,0 ,46.777 ,11.604 | 80.243
0 ,0 ,0 ,0 ,0 ,-5.079 ,3.491 | -3.63

R7 --> R7 + 0.109*R6

-2 ,0 ,0 ,0 ,0 ,0 ,5.239 | -0.615
0 ,-5 ,0 ,0 ,0 ,0 ,-1.089 | -25.515
0 ,0 ,0.6 ,0 ,0 ,0 ,-1.599 | -0.871
0 ,0 ,0 ,17 ,0 ,0 ,21.616 | 66.989
0 ,0 ,0 ,0 ,11.431 ,0 ,7.053 | 25.608
0 ,0 ,0 ,0 ,0 ,46.777 ,11.604 | 80.243
0 ,0 ,0 ,0 ,0 ,0 ,4.75 | 5.083

R7 --> 0.211*R7

-2 ,0 ,0 ,0 ,0 ,0 ,5.239 | -0.615
0 ,-5 ,0 ,0 ,0 ,0 ,-1.089 | -25.515
0 ,0 ,0.6 ,0 ,0 ,0 ,-1.599 | -0.871
0 ,0 ,0 ,17 ,0 ,0 ,21.616 | 66.989
0 ,0 ,0 ,0 ,11.431 ,0 ,7.053 | 25.608
0 ,0 ,0 ,0 ,0 ,46.777 ,11.604 | 80.243
0 ,0 ,0 ,0 ,0 ,0 ,1 | 1.07

R1 --> R1 - 5.239*R7

-2 ,0 ,0 ,0 ,0 ,0 ,0 | -6.22
0 ,-5 ,0 ,0 ,0 ,0 ,-1.089 | -25.515
0 ,0 ,0.6 ,0 ,0 ,0 ,-1.599 | -0.871
0 ,0 ,0 ,17 ,0 ,0 ,21.616 | 66.989
0 ,0 ,0 ,0 ,11.431 ,0 ,7.053 | 25.608
0 ,0 ,0 ,0 ,0 ,46.777 ,11.604 | 80.243
0 ,0 ,0 ,0 ,0 ,0 ,1 | 1.07

R1 --> -0.5*R1

1 ,0 ,0 ,0 ,0 ,0 ,0 | 3.11
0 ,-5 ,0 ,0 ,0 ,0 ,-1.089 | -25.515
0 ,0 ,0.6 ,0 ,0 ,0 ,-1.599 | -0.871
0 ,0 ,0 ,17 ,0 ,0 ,21.616 | 66.989
0 ,0 ,0 ,0 ,11.431 ,0 ,7.053 | 25.608
0 ,0 ,0 ,0 ,0 ,46.777 ,11.604 | 80.243
0 ,0 ,0 ,0 ,0 ,0 ,1 | 1.07

R2 --> R2 + 1.089*R7

1 ,0 ,0 ,0 ,0 ,0 ,0 | 3.11
0 ,-5 ,0 ,0 ,0 ,0 ,0 | -24.35
0 ,0 ,0.6 ,0 ,0 ,0 ,-1.599 | -0.871
0 ,0 ,0 ,17 ,0 ,0 ,21.616 | 66.989
0 ,0 ,0 ,0 ,11.431 ,0 ,7.053 | 25.608
0 ,0 ,0 ,0 ,0 ,46.777 ,11.604 | 80.243
0 ,0 ,0 ,0 ,0 ,0 ,1 | 1.07

R2 --> -0.2*R2

1 ,0 ,0 ,0 ,0 ,0 ,0 | 3.11
0 ,1 ,0 ,0 ,0 ,0 ,0 | 4.87
0 ,0 ,0.6 ,0 ,0 ,0 ,-1.599 | -0.871
0 ,0 ,0 ,17 ,0 ,0 ,21.616 | 66.989
0 ,0 ,0 ,0 ,11.431 ,0 ,7.053 | 25.608
0 ,0 ,0 ,0 ,0 ,46.777 ,11.604 | 80.243
0 ,0 ,0 ,0 ,0 ,0 ,1 | 1.07

R3 --> R3 + 1.599*R7

1 ,0 ,0 ,0 ,0 ,0 ,0 | 3.11
0 ,1 ,0 ,0 ,0 ,0 ,0 | 4.87
0 ,0 ,0.6 ,0 ,0 ,0 ,0 | 0.84
0 ,0 ,0 ,17 ,0 ,0 ,21.616 | 66.989
0 ,0 ,0 ,0 ,11.431 ,0 ,7.053 | 25.608
0 ,0 ,0 ,0 ,0 ,46.777 ,11.604 | 80.243
0 ,0 ,0 ,0 ,0 ,0 ,1 | 1.07

R3 --> 1.667*R3

1 ,0 ,0 ,0 ,0 ,0 ,0 | 3.11
0 ,1 ,0 ,0 ,0 ,0 ,0 | 4.87
0 ,0 ,1 ,0 ,0 ,0 ,0 | 1.4
0 ,0 ,0 ,17 ,0 ,0 ,21.616 | 66.989
0 ,0 ,0 ,0 ,11.431 ,0 ,7.053 | 25.608
0 ,0 ,0 ,0 ,0 ,46.777 ,11.604 | 80.243
0 ,0 ,0 ,0 ,0 ,0 ,1 | 1.07

R4 --> R4 - 21.616*R7

1 ,0 ,0 ,0 ,0 ,0 ,0 | 3.11
0 ,1 ,0 ,0 ,0 ,0 ,0 | 4.87
0 ,0 ,1 ,0 ,0 ,0 ,0 | 1.4
0 ,0 ,0 ,17 ,0 ,0 ,0 | 43.86
0 ,0 ,0 ,0 ,11.431 ,0 ,7.053 | 25.608
0 ,0 ,0 ,0 ,0 ,46.777 ,11.604 | 80.243
0 ,0 ,0 ,0 ,0 ,0 ,1 | 1.07

R4 --> 0.059*R4

1 ,0 ,0 ,0 ,0 ,0 ,0 | 3.11
0 ,1 ,0 ,0 ,0 ,0 ,0 | 4.87
0 ,0 ,1 ,0 ,0 ,0 ,0 | 1.4
0 ,0 ,0 ,1 ,0 ,0 ,0 | 2.58
0 ,0 ,0 ,0 ,11.431 ,0 ,7.053 | 25.608
0 ,0 ,0 ,0 ,0 ,46.777 ,11.604 | 80.243
0 ,0 ,0 ,0 ,0 ,0 ,1 | 1.07

R5 --> R5 - 7.053*R7

1 ,0 ,0 ,0 ,0 ,0 ,0 | 3.11
0 ,1 ,0 ,0 ,0 ,0 ,0 | 4.87
0 ,0 ,1 ,0 ,0 ,0 ,0 | 1.4
0 ,0 ,0 ,1 ,0 ,0 ,0 | 2.58
0 ,0 ,0 ,0 ,11.431 ,0 ,0 | 18.062
0 ,0 ,0 ,0 ,0 ,46.777 ,11.604 | 80.243
0 ,0 ,0 ,0 ,0 ,0 ,1 | 1.07

R5 --> 0.087*R5

1 ,0 ,0 ,0 ,0 ,0 ,0 | 3.11
0 ,1 ,0 ,0 ,0 ,0 ,0 | 4.87
0 ,0 ,1 ,0 ,0 ,0 ,0 | 1.4
0 ,0 ,0 ,1 ,0 ,0 ,0 | 2.58
0 ,0 ,0 ,0 ,1 ,0 ,0 | 1.58
0 ,0 ,0 ,0 ,0 ,46.777 ,11.604 | 80.243
0 ,0 ,0 ,0 ,0 ,0 ,1 | 1.07

R6 --> R6 - 11.604*R7

1 ,0 ,0 ,0 ,0 ,0 ,0 | 3.11
0 ,1 ,0 ,0 ,0 ,0 ,0 | 4.87
0 ,0 ,1 ,0 ,0 ,0 ,0 | 1.4
0 ,0 ,0 ,1 ,0 ,0 ,0 | 2.58
0 ,0 ,0 ,0 ,1 ,0 ,0 | 1.58
0 ,0 ,0 ,0 ,0 ,46.777 ,0 | 67.827
0 ,0 ,0 ,0 ,0 ,0 ,1 | 1.07

R6 --> 0.021*R6

1 ,0 ,0 ,0 ,0 ,0 ,0 | 3.11
0 ,1 ,0 ,0 ,0 ,0 ,0 | 4.87
0 ,0 ,1 ,0 ,0 ,0 ,0 | 1.4
0 ,0 ,0 ,1 ,0 ,0 ,0 | 2.58
0 ,0 ,0 ,0 ,1 ,0 ,0 | 1.58
0 ,0 ,0 ,0 ,0 ,1 ,0 | 1.45
0 ,0 ,0 ,0 ,0 ,0 ,1 | 1.07

exist a single solution in R7 space for the system which is:
x = (3.11 ,4.87 ,1.4 ,2.58 ,1.58 ,1.45 ,1.07)
