solve the next system in R8 space (8 equations)(8 unknowns):
eq1:        + 3*x2 + 2*x3 +   x4        -   x6        +   x8  = 0
eq2: + 3*x1        - 2*x3 - 2*x4 + 3*x5 + 3*x6 + 3*x7         = 0
eq3: + 3*x1 + 2*x2 + 3*x3 - 3*x4 +   x5 +   x6 +   x7 - 3*x8  = 0
eq4: +   x1 - 4*x2 -   x3 - 2*x4        +   x6        + 4*x8  = 0
eq5: -   x1 -   x2 + 2*x3 -   x4 -   x5 - 3*x6 - 2*x7 -   x8  = 0
eq6:               +   x3 - 2*x4               -   x7 + 2*x8  = 0
eq7: - 2*x1 + 3*x2 - 4*x3 + 4*x4 + 4*x5        + 3*x7 + 4*x8  = 0
eq8: + 3*x1 +   x2 - 2*x3 + 4*x4        + 4*x6 + 4*x7         = 0

0 ,3 ,2 ,1 ,0 ,-1 ,0 ,1 | 0
3 ,0 ,-2 ,-2 ,3 ,3 ,3 ,0 | 0
3 ,2 ,3 ,-3 ,1 ,1 ,1 ,-3 | 0
1 ,-4 ,-1 ,-2 ,0 ,1 ,0 ,4 | 0
-1 ,-1 ,2 ,-1 ,-1 ,-3 ,-2 ,-1 | 0
0 ,0 ,1 ,-2 ,0 ,0 ,-1 ,2 | 0
-2 ,3 ,-4 ,4 ,4 ,0 ,3 ,4 | 0
3 ,1 ,-2 ,4 ,0 ,4 ,4 ,0 | 0

implement the solution by elementary matrices method:
transform A matrix to I by an elementary matrices:
R1 <--> R2

3 ,0 ,-2 ,-2 ,3 ,3 ,3 ,0 | 0
0 ,3 ,2 ,1 ,0 ,-1 ,0 ,1 | 0
3 ,2 ,3 ,-3 ,1 ,1 ,1 ,-3 | 0
1 ,-4 ,-1 ,-2 ,0 ,1 ,0 ,4 | 0
-1 ,-1 ,2 ,-1 ,-1 ,-3 ,-2 ,-1 | 0
0 ,0 ,1 ,-2 ,0 ,0 ,-1 ,2 | 0
-2 ,3 ,-4 ,4 ,4 ,0 ,3 ,4 | 0
3 ,1 ,-2 ,4 ,0 ,4 ,4 ,0 | 0

R3 --> R3 - R1

3 ,0 ,-2 ,-2 ,3 ,3 ,3 ,0 | 0
0 ,3 ,2 ,1 ,0 ,-1 ,0 ,1 | 0
0 ,2 ,5 ,-1 ,-2 ,-2 ,-2 ,-3 | 0
1 ,-4 ,-1 ,-2 ,0 ,1 ,0 ,4 | 0
-1 ,-1 ,2 ,-1 ,-1 ,-3 ,-2 ,-1 | 0
0 ,0 ,1 ,-2 ,0 ,0 ,-1 ,2 | 0
-2 ,3 ,-4 ,4 ,4 ,0 ,3 ,4 | 0
3 ,1 ,-2 ,4 ,0 ,4 ,4 ,0 | 0

R4 --> R4 - 0.333*R1

3 ,0 ,-2 ,-2 ,3 ,3 ,3 ,0 | 0
0 ,3 ,2 ,1 ,0 ,-1 ,0 ,1 | 0
0 ,2 ,5 ,-1 ,-2 ,-2 ,-2 ,-3 | 0
0 ,-4 ,-0.333 ,-1.333 ,-1 ,0 ,-1 ,4 | 0
-1 ,-1 ,2 ,-1 ,-1 ,-3 ,-2 ,-1 | 0
0 ,0 ,1 ,-2 ,0 ,0 ,-1 ,2 | 0
-2 ,3 ,-4 ,4 ,4 ,0 ,3 ,4 | 0
3 ,1 ,-2 ,4 ,0 ,4 ,4 ,0 | 0

R5 --> R5 + 0.333*R1

3 ,0 ,-2 ,-2 ,3 ,3 ,3 ,0 | 0
0 ,3 ,2 ,1 ,0 ,-1 ,0 ,1 | 0
0 ,2 ,5 ,-1 ,-2 ,-2 ,-2 ,-3 | 0
0 ,-4 ,-0.333 ,-1.333 ,-1 ,0 ,-1 ,4 | 0
0 ,-1 ,1.333 ,-1.667 ,0 ,-2 ,-1 ,-1 | 0
0 ,0 ,1 ,-2 ,0 ,0 ,-1 ,2 | 0
-2 ,3 ,-4 ,4 ,4 ,0 ,3 ,4 | 0
3 ,1 ,-2 ,4 ,0 ,4 ,4 ,0 | 0

R7 --> R7 + 0.667*R1

3 ,0 ,-2 ,-2 ,3 ,3 ,3 ,0 | 0
0 ,3 ,2 ,1 ,0 ,-1 ,0 ,1 | 0
0 ,2 ,5 ,-1 ,-2 ,-2 ,-2 ,-3 | 0
0 ,-4 ,-0.333 ,-1.333 ,-1 ,0 ,-1 ,4 | 0
0 ,-1 ,1.333 ,-1.667 ,0 ,-2 ,-1 ,-1 | 0
0 ,0 ,1 ,-2 ,0 ,0 ,-1 ,2 | 0
0 ,3 ,-5.333 ,2.667 ,6 ,2 ,5 ,4 | 0
3 ,1 ,-2 ,4 ,0 ,4 ,4 ,0 | 0

R8 --> R8 - R1

3 ,0 ,-2 ,-2 ,3 ,3 ,3 ,0 | 0
0 ,3 ,2 ,1 ,0 ,-1 ,0 ,1 | 0
0 ,2 ,5 ,-1 ,-2 ,-2 ,-2 ,-3 | 0
0 ,-4 ,-0.333 ,-1.333 ,-1 ,0 ,-1 ,4 | 0
0 ,-1 ,1.333 ,-1.667 ,0 ,-2 ,-1 ,-1 | 0
0 ,0 ,1 ,-2 ,0 ,0 ,-1 ,2 | 0
0 ,3 ,-5.333 ,2.667 ,6 ,2 ,5 ,4 | 0
0 ,1 ,0 ,6 ,-3 ,1 ,1 ,0 | 0

R3 --> R3 - 0.667*R2

3 ,0 ,-2 ,-2 ,3 ,3 ,3 ,0 | 0
0 ,3 ,2 ,1 ,0 ,-1 ,0 ,1 | 0
0 ,0 ,3.667 ,-1.667 ,-2 ,-1.333 ,-2 ,-3.667 | 0
0 ,-4 ,-0.333 ,-1.333 ,-1 ,0 ,-1 ,4 | 0
0 ,-1 ,1.333 ,-1.667 ,0 ,-2 ,-1 ,-1 | 0
0 ,0 ,1 ,-2 ,0 ,0 ,-1 ,2 | 0
0 ,3 ,-5.333 ,2.667 ,6 ,2 ,5 ,4 | 0
0 ,1 ,0 ,6 ,-3 ,1 ,1 ,0 | 0

R4 --> R4 + 1.333*R2

3 ,0 ,-2 ,-2 ,3 ,3 ,3 ,0 | 0
0 ,3 ,2 ,1 ,0 ,-1 ,0 ,1 | 0
0 ,0 ,3.667 ,-1.667 ,-2 ,-1.333 ,-2 ,-3.667 | 0
0 ,0 ,2.333 ,0 ,-1 ,-1.333 ,-1 ,5.333 | 0
0 ,-1 ,1.333 ,-1.667 ,0 ,-2 ,-1 ,-1 | 0
0 ,0 ,1 ,-2 ,0 ,0 ,-1 ,2 | 0
0 ,3 ,-5.333 ,2.667 ,6 ,2 ,5 ,4 | 0
0 ,1 ,0 ,6 ,-3 ,1 ,1 ,0 | 0

R5 --> R5 + 0.333*R2

3 ,0 ,-2 ,-2 ,3 ,3 ,3 ,0 | 0
0 ,3 ,2 ,1 ,0 ,-1 ,0 ,1 | 0
0 ,0 ,3.667 ,-1.667 ,-2 ,-1.333 ,-2 ,-3.667 | 0
0 ,0 ,2.333 ,0 ,-1 ,-1.333 ,-1 ,5.333 | 0
0 ,0 ,2 ,-1.333 ,0 ,-2.333 ,-1 ,-0.667 | 0
0 ,0 ,1 ,-2 ,0 ,0 ,-1 ,2 | 0
0 ,3 ,-5.333 ,2.667 ,6 ,2 ,5 ,4 | 0
0 ,1 ,0 ,6 ,-3 ,1 ,1 ,0 | 0

R7 --> R7 - R2

3 ,0 ,-2 ,-2 ,3 ,3 ,3 ,0 | 0
0 ,3 ,2 ,1 ,0 ,-1 ,0 ,1 | 0
0 ,0 ,3.667 ,-1.667 ,-2 ,-1.333 ,-2 ,-3.667 | 0
0 ,0 ,2.333 ,0 ,-1 ,-1.333 ,-1 ,5.333 | 0
0 ,0 ,2 ,-1.333 ,0 ,-2.333 ,-1 ,-0.667 | 0
0 ,0 ,1 ,-2 ,0 ,0 ,-1 ,2 | 0
0 ,0 ,-7.333 ,1.667 ,6 ,3 ,5 ,3 | 0
0 ,1 ,0 ,6 ,-3 ,1 ,1 ,0 | 0

R8 --> R8 - 0.333*R2

3 ,0 ,-2 ,-2 ,3 ,3 ,3 ,0 | 0
0 ,3 ,2 ,1 ,0 ,-1 ,0 ,1 | 0
0 ,0 ,3.667 ,-1.667 ,-2 ,-1.333 ,-2 ,-3.667 | 0
0 ,0 ,2.333 ,0 ,-1 ,-1.333 ,-1 ,5.333 | 0
0 ,0 ,2 ,-1.333 ,0 ,-2.333 ,-1 ,-0.667 | 0
0 ,0 ,1 ,-2 ,0 ,0 ,-1 ,2 | 0
0 ,0 ,-7.333 ,1.667 ,6 ,3 ,5 ,3 | 0
0 ,0 ,-0.667 ,5.667 ,-3 ,1.333 ,1 ,-0.333 | 0

R1 --> R1 + 0.545*R3

3 ,0 ,0 ,-2.909 ,1.909 ,2.273 ,1.909 ,-2 | 0
0 ,3 ,2 ,1 ,0 ,-1 ,0 ,1 | 0
0 ,0 ,3.667 ,-1.667 ,-2 ,-1.333 ,-2 ,-3.667 | 0
0 ,0 ,2.333 ,0 ,-1 ,-1.333 ,-1 ,5.333 | 0
0 ,0 ,2 ,-1.333 ,0 ,-2.333 ,-1 ,-0.667 | 0
0 ,0 ,1 ,-2 ,0 ,0 ,-1 ,2 | 0
0 ,0 ,-7.333 ,1.667 ,6 ,3 ,5 ,3 | 0
0 ,0 ,-0.667 ,5.667 ,-3 ,1.333 ,1 ,-0.333 | 0

R2 --> R2 - 0.545*R3

3 ,0 ,0 ,-2.909 ,1.909 ,2.273 ,1.909 ,-2 | 0
0 ,3 ,0 ,1.909 ,1.091 ,-0.273 ,1.091 ,3 | 0
0 ,0 ,3.667 ,-1.667 ,-2 ,-1.333 ,-2 ,-3.667 | 0
0 ,0 ,2.333 ,0 ,-1 ,-1.333 ,-1 ,5.333 | 0
0 ,0 ,2 ,-1.333 ,0 ,-2.333 ,-1 ,-0.667 | 0
0 ,0 ,1 ,-2 ,0 ,0 ,-1 ,2 | 0
0 ,0 ,-7.333 ,1.667 ,6 ,3 ,5 ,3 | 0
0 ,0 ,-0.667 ,5.667 ,-3 ,1.333 ,1 ,-0.333 | 0

R4 --> R4 - 0.636*R3

3 ,0 ,0 ,-2.909 ,1.909 ,2.273 ,1.909 ,-2 | 0
0 ,3 ,0 ,1.909 ,1.091 ,-0.273 ,1.091 ,3 | 0
0 ,0 ,3.667 ,-1.667 ,-2 ,-1.333 ,-2 ,-3.667 | 0
0 ,0 ,0 ,1.061 ,0.273 ,-0.485 ,0.273 ,7.667 | 0
0 ,0 ,2 ,-1.333 ,0 ,-2.333 ,-1 ,-0.667 | 0
0 ,0 ,1 ,-2 ,0 ,0 ,-1 ,2 | 0
0 ,0 ,-7.333 ,1.667 ,6 ,3 ,5 ,3 | 0
0 ,0 ,-0.667 ,5.667 ,-3 ,1.333 ,1 ,-0.333 | 0

R5 --> R5 - 0.545*R3

3 ,0 ,0 ,-2.909 ,1.909 ,2.273 ,1.909 ,-2 | 0
0 ,3 ,0 ,1.909 ,1.091 ,-0.273 ,1.091 ,3 | 0
0 ,0 ,3.667 ,-1.667 ,-2 ,-1.333 ,-2 ,-3.667 | 0
0 ,0 ,0 ,1.061 ,0.273 ,-0.485 ,0.273 ,7.667 | 0
0 ,0 ,0 ,-0.424 ,1.091 ,-1.606 ,0.091 ,1.333 | 0
0 ,0 ,1 ,-2 ,0 ,0 ,-1 ,2 | 0
0 ,0 ,-7.333 ,1.667 ,6 ,3 ,5 ,3 | 0
0 ,0 ,-0.667 ,5.667 ,-3 ,1.333 ,1 ,-0.333 | 0

R6 --> R6 - 0.273*R3

3 ,0 ,0 ,-2.909 ,1.909 ,2.273 ,1.909 ,-2 | 0
0 ,3 ,0 ,1.909 ,1.091 ,-0.273 ,1.091 ,3 | 0
0 ,0 ,3.667 ,-1.667 ,-2 ,-1.333 ,-2 ,-3.667 | 0
0 ,0 ,0 ,1.061 ,0.273 ,-0.485 ,0.273 ,7.667 | 0
0 ,0 ,0 ,-0.424 ,1.091 ,-1.606 ,0.091 ,1.333 | 0
0 ,0 ,0 ,-1.545 ,0.545 ,0.364 ,-0.455 ,3 | 0
0 ,0 ,-7.333 ,1.667 ,6 ,3 ,5 ,3 | 0
0 ,0 ,-0.667 ,5.667 ,-3 ,1.333 ,1 ,-0.333 | 0

R7 --> R7 + 2*R3

3 ,0 ,0 ,-2.909 ,1.909 ,2.273 ,1.909 ,-2 | 0
0 ,3 ,0 ,1.909 ,1.091 ,-0.273 ,1.091 ,3 | 0
0 ,0 ,3.667 ,-1.667 ,-2 ,-1.333 ,-2 ,-3.667 | 0
0 ,0 ,0 ,1.061 ,0.273 ,-0.485 ,0.273 ,7.667 | 0
0 ,0 ,0 ,-0.424 ,1.091 ,-1.606 ,0.091 ,1.333 | 0
0 ,0 ,0 ,-1.545 ,0.545 ,0.364 ,-0.455 ,3 | 0
0 ,0 ,0 ,-1.667 ,2 ,0.333 ,1 ,-4.333 | 0
0 ,0 ,-0.667 ,5.667 ,-3 ,1.333 ,1 ,-0.333 | 0

R8 --> R8 + 0.182*R3

3 ,0 ,0 ,-2.909 ,1.909 ,2.273 ,1.909 ,-2 | 0
0 ,3 ,0 ,1.909 ,1.091 ,-0.273 ,1.091 ,3 | 0
0 ,0 ,3.667 ,-1.667 ,-2 ,-1.333 ,-2 ,-3.667 | 0
0 ,0 ,0 ,1.061 ,0.273 ,-0.485 ,0.273 ,7.667 | 0
0 ,0 ,0 ,-0.424 ,1.091 ,-1.606 ,0.091 ,1.333 | 0
0 ,0 ,0 ,-1.545 ,0.545 ,0.364 ,-0.455 ,3 | 0
0 ,0 ,0 ,-1.667 ,2 ,0.333 ,1 ,-4.333 | 0
0 ,0 ,0 ,5.364 ,-3.364 ,1.091 ,0.636 ,-1 | 0

R1 --> R1 + 2.743*R4

3 ,0 ,0 ,0 ,2.657 ,0.943 ,2.657 ,19.029 | 0
0 ,3 ,0 ,1.909 ,1.091 ,-0.273 ,1.091 ,3 | 0
0 ,0 ,3.667 ,-1.667 ,-2 ,-1.333 ,-2 ,-3.667 | 0
0 ,0 ,0 ,1.061 ,0.273 ,-0.485 ,0.273 ,7.667 | 0
0 ,0 ,0 ,-0.424 ,1.091 ,-1.606 ,0.091 ,1.333 | 0
0 ,0 ,0 ,-1.545 ,0.545 ,0.364 ,-0.455 ,3 | 0
0 ,0 ,0 ,-1.667 ,2 ,0.333 ,1 ,-4.333 | 0
0 ,0 ,0 ,5.364 ,-3.364 ,1.091 ,0.636 ,-1 | 0

R2 --> R2 - 1.8*R4

3 ,0 ,0 ,0 ,2.657 ,0.943 ,2.657 ,19.029 | 0
0 ,3 ,0 ,0 ,0.6 ,0.6 ,0.6 ,-10.8 | 0
0 ,0 ,3.667 ,-1.667 ,-2 ,-1.333 ,-2 ,-3.667 | 0
0 ,0 ,0 ,1.061 ,0.273 ,-0.485 ,0.273 ,7.667 | 0
0 ,0 ,0 ,-0.424 ,1.091 ,-1.606 ,0.091 ,1.333 | 0
0 ,0 ,0 ,-1.545 ,0.545 ,0.364 ,-0.455 ,3 | 0
0 ,0 ,0 ,-1.667 ,2 ,0.333 ,1 ,-4.333 | 0
0 ,0 ,0 ,5.364 ,-3.364 ,1.091 ,0.636 ,-1 | 0

R3 --> R3 + 1.571*R4

3 ,0 ,0 ,0 ,2.657 ,0.943 ,2.657 ,19.029 | 0
0 ,3 ,0 ,0 ,0.6 ,0.6 ,0.6 ,-10.8 | 0
0 ,0 ,3.667 ,0 ,-1.571 ,-2.095 ,-1.571 ,8.381 | 0
0 ,0 ,0 ,1.061 ,0.273 ,-0.485 ,0.273 ,7.667 | 0
0 ,0 ,0 ,-0.424 ,1.091 ,-1.606 ,0.091 ,1.333 | 0
0 ,0 ,0 ,-1.545 ,0.545 ,0.364 ,-0.455 ,3 | 0
0 ,0 ,0 ,-1.667 ,2 ,0.333 ,1 ,-4.333 | 0
0 ,0 ,0 ,5.364 ,-3.364 ,1.091 ,0.636 ,-1 | 0

R5 --> R5 + 0.4*R4

3 ,0 ,0 ,0 ,2.657 ,0.943 ,2.657 ,19.029 | 0
0 ,3 ,0 ,0 ,0.6 ,0.6 ,0.6 ,-10.8 | 0
0 ,0 ,3.667 ,0 ,-1.571 ,-2.095 ,-1.571 ,8.381 | 0
0 ,0 ,0 ,1.061 ,0.273 ,-0.485 ,0.273 ,7.667 | 0
0 ,0 ,0 ,0 ,1.2 ,-1.8 ,0.2 ,4.4 | 0
0 ,0 ,0 ,-1.545 ,0.545 ,0.364 ,-0.455 ,3 | 0
0 ,0 ,0 ,-1.667 ,2 ,0.333 ,1 ,-4.333 | 0
0 ,0 ,0 ,5.364 ,-3.364 ,1.091 ,0.636 ,-1 | 0

R6 --> R6 + 1.457*R4

3 ,0 ,0 ,0 ,2.657 ,0.943 ,2.657 ,19.029 | 0
0 ,3 ,0 ,0 ,0.6 ,0.6 ,0.6 ,-10.8 | 0
0 ,0 ,3.667 ,0 ,-1.571 ,-2.095 ,-1.571 ,8.381 | 0
0 ,0 ,0 ,1.061 ,0.273 ,-0.485 ,0.273 ,7.667 | 0
0 ,0 ,0 ,0 ,1.2 ,-1.8 ,0.2 ,4.4 | 0
0 ,0 ,0 ,0 ,0.943 ,-0.343 ,-0.057 ,14.171 | 0
0 ,0 ,0 ,-1.667 ,2 ,0.333 ,1 ,-4.333 | 0
0 ,0 ,0 ,5.364 ,-3.364 ,1.091 ,0.636 ,-1 | 0

R7 --> R7 + 1.571*R4

3 ,0 ,0 ,0 ,2.657 ,0.943 ,2.657 ,19.029 | 0
0 ,3 ,0 ,0 ,0.6 ,0.6 ,0.6 ,-10.8 | 0
0 ,0 ,3.667 ,0 ,-1.571 ,-2.095 ,-1.571 ,8.381 | 0
0 ,0 ,0 ,1.061 ,0.273 ,-0.485 ,0.273 ,7.667 | 0
0 ,0 ,0 ,0 ,1.2 ,-1.8 ,0.2 ,4.4 | 0
0 ,0 ,0 ,0 ,0.943 ,-0.343 ,-0.057 ,14.171 | 0
0 ,0 ,0 ,0 ,2.429 ,-0.429 ,1.429 ,7.714 | 0
0 ,0 ,0 ,5.364 ,-3.364 ,1.091 ,0.636 ,-1 | 0

R8 --> R8 - 5.057*R4

3 ,0 ,0 ,0 ,2.657 ,0.943 ,2.657 ,19.029 | 0
0 ,3 ,0 ,0 ,0.6 ,0.6 ,0.6 ,-10.8 | 0
0 ,0 ,3.667 ,0 ,-1.571 ,-2.095 ,-1.571 ,8.381 | 0
0 ,0 ,0 ,1.061 ,0.273 ,-0.485 ,0.273 ,7.667 | 0
0 ,0 ,0 ,0 ,1.2 ,-1.8 ,0.2 ,4.4 | 0
0 ,0 ,0 ,0 ,0.943 ,-0.343 ,-0.057 ,14.171 | 0
0 ,0 ,0 ,0 ,2.429 ,-0.429 ,1.429 ,7.714 | 0
0 ,0 ,0 ,0 ,-4.743 ,3.543 ,-0.743 ,-39.771 | 0

R1 --> R1 - 2.214*R5

3 ,0 ,0 ,0 ,0 ,4.929 ,2.214 ,9.286 | 0
0 ,3 ,0 ,0 ,0.6 ,0.6 ,0.6 ,-10.8 | 0
0 ,0 ,3.667 ,0 ,-1.571 ,-2.095 ,-1.571 ,8.381 | 0
0 ,0 ,0 ,1.061 ,0.273 ,-0.485 ,0.273 ,7.667 | 0
0 ,0 ,0 ,0 ,1.2 ,-1.8 ,0.2 ,4.4 | 0
0 ,0 ,0 ,0 ,0.943 ,-0.343 ,-0.057 ,14.171 | 0
0 ,0 ,0 ,0 ,2.429 ,-0.429 ,1.429 ,7.714 | 0
0 ,0 ,0 ,0 ,-4.743 ,3.543 ,-0.743 ,-39.771 | 0

R2 --> R2 - 0.5*R5

3 ,0 ,0 ,0 ,0 ,4.929 ,2.214 ,9.286 | 0
0 ,3 ,0 ,0 ,0 ,1.5 ,0.5 ,-13 | 0
0 ,0 ,3.667 ,0 ,-1.571 ,-2.095 ,-1.571 ,8.381 | 0
0 ,0 ,0 ,1.061 ,0.273 ,-0.485 ,0.273 ,7.667 | 0
0 ,0 ,0 ,0 ,1.2 ,-1.8 ,0.2 ,4.4 | 0
0 ,0 ,0 ,0 ,0.943 ,-0.343 ,-0.057 ,14.171 | 0
0 ,0 ,0 ,0 ,2.429 ,-0.429 ,1.429 ,7.714 | 0
0 ,0 ,0 ,0 ,-4.743 ,3.543 ,-0.743 ,-39.771 | 0

R3 --> R3 + 1.31*R5

3 ,0 ,0 ,0 ,0 ,4.929 ,2.214 ,9.286 | 0
0 ,3 ,0 ,0 ,0 ,1.5 ,0.5 ,-13 | 0
0 ,0 ,3.667 ,0 ,0 ,-4.452 ,-1.31 ,14.143 | 0
0 ,0 ,0 ,1.061 ,0.273 ,-0.485 ,0.273 ,7.667 | 0
0 ,0 ,0 ,0 ,1.2 ,-1.8 ,0.2 ,4.4 | 0
0 ,0 ,0 ,0 ,0.943 ,-0.343 ,-0.057 ,14.171 | 0
0 ,0 ,0 ,0 ,2.429 ,-0.429 ,1.429 ,7.714 | 0
0 ,0 ,0 ,0 ,-4.743 ,3.543 ,-0.743 ,-39.771 | 0

R4 --> R4 - 0.227*R5

3 ,0 ,0 ,0 ,0 ,4.929 ,2.214 ,9.286 | 0
0 ,3 ,0 ,0 ,0 ,1.5 ,0.5 ,-13 | 0
0 ,0 ,3.667 ,0 ,0 ,-4.452 ,-1.31 ,14.143 | 0
0 ,0 ,0 ,1.061 ,0 ,-0.076 ,0.227 ,6.667 | 0
0 ,0 ,0 ,0 ,1.2 ,-1.8 ,0.2 ,4.4 | 0
0 ,0 ,0 ,0 ,0.943 ,-0.343 ,-0.057 ,14.171 | 0
0 ,0 ,0 ,0 ,2.429 ,-0.429 ,1.429 ,7.714 | 0
0 ,0 ,0 ,0 ,-4.743 ,3.543 ,-0.743 ,-39.771 | 0

R6 --> R6 - 0.786*R5

3 ,0 ,0 ,0 ,0 ,4.929 ,2.214 ,9.286 | 0
0 ,3 ,0 ,0 ,0 ,1.5 ,0.5 ,-13 | 0
0 ,0 ,3.667 ,0 ,0 ,-4.452 ,-1.31 ,14.143 | 0
0 ,0 ,0 ,1.061 ,0 ,-0.076 ,0.227 ,6.667 | 0
0 ,0 ,0 ,0 ,1.2 ,-1.8 ,0.2 ,4.4 | 0
0 ,0 ,0 ,0 ,0 ,1.071 ,-0.214 ,10.714 | 0
0 ,0 ,0 ,0 ,2.429 ,-0.429 ,1.429 ,7.714 | 0
0 ,0 ,0 ,0 ,-4.743 ,3.543 ,-0.743 ,-39.771 | 0

R7 --> R7 - 2.024*R5

3 ,0 ,0 ,0 ,0 ,4.929 ,2.214 ,9.286 | 0
0 ,3 ,0 ,0 ,0 ,1.5 ,0.5 ,-13 | 0
0 ,0 ,3.667 ,0 ,0 ,-4.452 ,-1.31 ,14.143 | 0
0 ,0 ,0 ,1.061 ,0 ,-0.076 ,0.227 ,6.667 | 0
0 ,0 ,0 ,0 ,1.2 ,-1.8 ,0.2 ,4.4 | 0
0 ,0 ,0 ,0 ,0 ,1.071 ,-0.214 ,10.714 | 0
0 ,0 ,0 ,0 ,0 ,3.214 ,1.024 ,-1.19 | 0
0 ,0 ,0 ,0 ,-4.743 ,3.543 ,-0.743 ,-39.771 | 0

R8 --> R8 + 3.952*R5

3 ,0 ,0 ,0 ,0 ,4.929 ,2.214 ,9.286 | 0
0 ,3 ,0 ,0 ,0 ,1.5 ,0.5 ,-13 | 0
0 ,0 ,3.667 ,0 ,0 ,-4.452 ,-1.31 ,14.143 | 0
0 ,0 ,0 ,1.061 ,0 ,-0.076 ,0.227 ,6.667 | 0
0 ,0 ,0 ,0 ,1.2 ,-1.8 ,0.2 ,4.4 | 0
0 ,0 ,0 ,0 ,0 ,1.071 ,-0.214 ,10.714 | 0
0 ,0 ,0 ,0 ,0 ,3.214 ,1.024 ,-1.19 | 0
0 ,0 ,0 ,0 ,0 ,-3.571 ,0.048 ,-22.381 | 0

R1 --> R1 - 4.6*R6

3 ,0 ,0 ,0 ,0 ,0 ,3.2 ,-40 | 0
0 ,3 ,0 ,0 ,0 ,1.5 ,0.5 ,-13 | 0
0 ,0 ,3.667 ,0 ,0 ,-4.452 ,-1.31 ,14.143 | 0
0 ,0 ,0 ,1.061 ,0 ,-0.076 ,0.227 ,6.667 | 0
0 ,0 ,0 ,0 ,1.2 ,-1.8 ,0.2 ,4.4 | 0
0 ,0 ,0 ,0 ,0 ,1.071 ,-0.214 ,10.714 | 0
0 ,0 ,0 ,0 ,0 ,3.214 ,1.024 ,-1.19 | 0
0 ,0 ,0 ,0 ,0 ,-3.571 ,0.048 ,-22.381 | 0

R2 --> R2 - 1.4*R6

3 ,0 ,0 ,0 ,0 ,0 ,3.2 ,-40 | 0
0 ,3 ,0 ,0 ,0 ,0 ,0.8 ,-28 | 0
0 ,0 ,3.667 ,0 ,0 ,-4.452 ,-1.31 ,14.143 | 0
0 ,0 ,0 ,1.061 ,0 ,-0.076 ,0.227 ,6.667 | 0
0 ,0 ,0 ,0 ,1.2 ,-1.8 ,0.2 ,4.4 | 0
0 ,0 ,0 ,0 ,0 ,1.071 ,-0.214 ,10.714 | 0
0 ,0 ,0 ,0 ,0 ,3.214 ,1.024 ,-1.19 | 0
0 ,0 ,0 ,0 ,0 ,-3.571 ,0.048 ,-22.381 | 0

R3 --> R3 + 4.156*R6

3 ,0 ,0 ,0 ,0 ,0 ,3.2 ,-40 | 0
0 ,3 ,0 ,0 ,0 ,0 ,0.8 ,-28 | 0
0 ,0 ,3.667 ,0 ,0 ,0 ,-2.2 ,58.667 | 0
0 ,0 ,0 ,1.061 ,0 ,-0.076 ,0.227 ,6.667 | 0
0 ,0 ,0 ,0 ,1.2 ,-1.8 ,0.2 ,4.4 | 0
0 ,0 ,0 ,0 ,0 ,1.071 ,-0.214 ,10.714 | 0
0 ,0 ,0 ,0 ,0 ,3.214 ,1.024 ,-1.19 | 0
0 ,0 ,0 ,0 ,0 ,-3.571 ,0.048 ,-22.381 | 0

R4 --> R4 + 0.071*R6

3 ,0 ,0 ,0 ,0 ,0 ,3.2 ,-40 | 0
0 ,3 ,0 ,0 ,0 ,0 ,0.8 ,-28 | 0
0 ,0 ,3.667 ,0 ,0 ,0 ,-2.2 ,58.667 | 0
0 ,0 ,0 ,1.061 ,0 ,0 ,0.212 ,7.424 | 0
0 ,0 ,0 ,0 ,1.2 ,-1.8 ,0.2 ,4.4 | 0
0 ,0 ,0 ,0 ,0 ,1.071 ,-0.214 ,10.714 | 0
0 ,0 ,0 ,0 ,0 ,3.214 ,1.024 ,-1.19 | 0
0 ,0 ,0 ,0 ,0 ,-3.571 ,0.048 ,-22.381 | 0

R5 --> R5 + 1.68*R6

3 ,0 ,0 ,0 ,0 ,0 ,3.2 ,-40 | 0
0 ,3 ,0 ,0 ,0 ,0 ,0.8 ,-28 | 0
0 ,0 ,3.667 ,0 ,0 ,0 ,-2.2 ,58.667 | 0
0 ,0 ,0 ,1.061 ,0 ,0 ,0.212 ,7.424 | 0
0 ,0 ,0 ,0 ,1.2 ,0 ,-0.16 ,22.4 | 0
0 ,0 ,0 ,0 ,0 ,1.071 ,-0.214 ,10.714 | 0
0 ,0 ,0 ,0 ,0 ,3.214 ,1.024 ,-1.19 | 0
0 ,0 ,0 ,0 ,0 ,-3.571 ,0.048 ,-22.381 | 0

R7 --> R7 - 3*R6

3 ,0 ,0 ,0 ,0 ,0 ,3.2 ,-40 | 0
0 ,3 ,0 ,0 ,0 ,0 ,0.8 ,-28 | 0
0 ,0 ,3.667 ,0 ,0 ,0 ,-2.2 ,58.667 | 0
0 ,0 ,0 ,1.061 ,0 ,0 ,0.212 ,7.424 | 0
0 ,0 ,0 ,0 ,1.2 ,0 ,-0.16 ,22.4 | 0
0 ,0 ,0 ,0 ,0 ,1.071 ,-0.214 ,10.714 | 0
0 ,0 ,0 ,0 ,0 ,0 ,1.667 ,-33.333 | 0
0 ,0 ,0 ,0 ,0 ,-3.571 ,0.048 ,-22.381 | 0

R8 --> R8 + 3.333*R6

3 ,0 ,0 ,0 ,0 ,0 ,3.2 ,-40 | 0
0 ,3 ,0 ,0 ,0 ,0 ,0.8 ,-28 | 0
0 ,0 ,3.667 ,0 ,0 ,0 ,-2.2 ,58.667 | 0
0 ,0 ,0 ,1.061 ,0 ,0 ,0.212 ,7.424 | 0
0 ,0 ,0 ,0 ,1.2 ,0 ,-0.16 ,22.4 | 0
0 ,0 ,0 ,0 ,0 ,1.071 ,-0.214 ,10.714 | 0
0 ,0 ,0 ,0 ,0 ,0 ,1.667 ,-33.333 | 0
0 ,0 ,0 ,0 ,0 ,0 ,-0.667 ,13.333 | 0

R1 --> R1 - 1.92*R7

3 ,0 ,0 ,0 ,0 ,0 ,0 ,24 | 0
0 ,3 ,0 ,0 ,0 ,0 ,0.8 ,-28 | 0
0 ,0 ,3.667 ,0 ,0 ,0 ,-2.2 ,58.667 | 0
0 ,0 ,0 ,1.061 ,0 ,0 ,0.212 ,7.424 | 0
0 ,0 ,0 ,0 ,1.2 ,0 ,-0.16 ,22.4 | 0
0 ,0 ,0 ,0 ,0 ,1.071 ,-0.214 ,10.714 | 0
0 ,0 ,0 ,0 ,0 ,0 ,1.667 ,-33.333 | 0
0 ,0 ,0 ,0 ,0 ,0 ,-0.667 ,13.333 | 0

R2 --> R2 - 0.48*R7

3 ,0 ,0 ,0 ,0 ,0 ,0 ,24 | 0
0 ,3 ,0 ,0 ,0 ,0 ,0 ,-12 | 0
0 ,0 ,3.667 ,0 ,0 ,0 ,-2.2 ,58.667 | 0
0 ,0 ,0 ,1.061 ,0 ,0 ,0.212 ,7.424 | 0
0 ,0 ,0 ,0 ,1.2 ,0 ,-0.16 ,22.4 | 0
0 ,0 ,0 ,0 ,0 ,1.071 ,-0.214 ,10.714 | 0
0 ,0 ,0 ,0 ,0 ,0 ,1.667 ,-33.333 | 0
0 ,0 ,0 ,0 ,0 ,0 ,-0.667 ,13.333 | 0

R3 --> R3 + 1.32*R7

3 ,0 ,0 ,0 ,0 ,0 ,0 ,24 | 0
0 ,3 ,0 ,0 ,0 ,0 ,0 ,-12 | 0
0 ,0 ,3.667 ,0 ,0 ,0 ,0 ,14.667 | 0
0 ,0 ,0 ,1.061 ,0 ,0 ,0.212 ,7.424 | 0
0 ,0 ,0 ,0 ,1.2 ,0 ,-0.16 ,22.4 | 0
0 ,0 ,0 ,0 ,0 ,1.071 ,-0.214 ,10.714 | 0
0 ,0 ,0 ,0 ,0 ,0 ,1.667 ,-33.333 | 0
0 ,0 ,0 ,0 ,0 ,0 ,-0.667 ,13.333 | 0

R4 --> R4 - 0.127*R7

3 ,0 ,0 ,0 ,0 ,0 ,0 ,24 | 0
0 ,3 ,0 ,0 ,0 ,0 ,0 ,-12 | 0
0 ,0 ,3.667 ,0 ,0 ,0 ,0 ,14.667 | 0
0 ,0 ,0 ,1.061 ,0 ,0 ,0 ,11.667 | 0
0 ,0 ,0 ,0 ,1.2 ,0 ,-0.16 ,22.4 | 0
0 ,0 ,0 ,0 ,0 ,1.071 ,-0.214 ,10.714 | 0
0 ,0 ,0 ,0 ,0 ,0 ,1.667 ,-33.333 | 0
0 ,0 ,0 ,0 ,0 ,0 ,-0.667 ,13.333 | 0

R5 --> R5 + 0.096*R7

3 ,0 ,0 ,0 ,0 ,0 ,0 ,24 | 0
0 ,3 ,0 ,0 ,0 ,0 ,0 ,-12 | 0
0 ,0 ,3.667 ,0 ,0 ,0 ,0 ,14.667 | 0
0 ,0 ,0 ,1.061 ,0 ,0 ,0 ,11.667 | 0
0 ,0 ,0 ,0 ,1.2 ,0 ,0 ,19.2 | 0
0 ,0 ,0 ,0 ,0 ,1.071 ,-0.214 ,10.714 | 0
0 ,0 ,0 ,0 ,0 ,0 ,1.667 ,-33.333 | 0
0 ,0 ,0 ,0 ,0 ,0 ,-0.667 ,13.333 | 0

R6 --> R6 + 0.129*R7

3 ,0 ,0 ,0 ,0 ,0 ,0 ,24 | 0
0 ,3 ,0 ,0 ,0 ,0 ,0 ,-12 | 0
0 ,0 ,3.667 ,0 ,0 ,0 ,0 ,14.667 | 0
0 ,0 ,0 ,1.061 ,0 ,0 ,0 ,11.667 | 0
0 ,0 ,0 ,0 ,1.2 ,0 ,0 ,19.2 | 0
0 ,0 ,0 ,0 ,0 ,1.071 ,0 ,6.429 | 0
0 ,0 ,0 ,0 ,0 ,0 ,1.667 ,-33.333 | 0
0 ,0 ,0 ,0 ,0 ,0 ,-0.667 ,13.333 | 0

R8 --> R8 + 0.4*R7

3 ,0 ,0 ,0 ,0 ,0 ,0 ,24 | 0
0 ,3 ,0 ,0 ,0 ,0 ,0 ,-12 | 0
0 ,0 ,3.667 ,0 ,0 ,0 ,0 ,14.667 | 0
0 ,0 ,0 ,1.061 ,0 ,0 ,0 ,11.667 | 0
0 ,0 ,0 ,0 ,1.2 ,0 ,0 ,19.2 | 0
0 ,0 ,0 ,0 ,0 ,1.071 ,0 ,6.429 | 0
0 ,0 ,0 ,0 ,0 ,0 ,1.667 ,-33.333 | 0
0 ,0 ,0 ,0 ,0 ,0 ,0 ,0 | 0

define a new column in the vector b when x8 is a free variable in R8 space:
3 ,0 ,0 ,0 ,0 ,0 ,0 ,24 | 0 ,0
0 ,3 ,0 ,0 ,0 ,0 ,0 ,-12 | 0 ,0
0 ,0 ,3.667 ,0 ,0 ,0 ,0 ,14.667 | 0 ,0
0 ,0 ,0 ,1.061 ,0 ,0 ,0 ,11.667 | 0 ,0
0 ,0 ,0 ,0 ,1.2 ,0 ,0 ,19.2 | 0 ,0
0 ,0 ,0 ,0 ,0 ,1.071 ,0 ,6.429 | 0 ,0
0 ,0 ,0 ,0 ,0 ,0 ,1.667 ,-33.333 | 0 ,0
0 ,0 ,0 ,0 ,0 ,0 ,0 ,1 | 0 ,1

R1 --> R1 - 24*R8

3 ,0 ,0 ,0 ,0 ,0 ,0 ,0 | 0 ,-24
0 ,3 ,0 ,0 ,0 ,0 ,0 ,-12 | 0 ,0
0 ,0 ,3.667 ,0 ,0 ,0 ,0 ,14.667 | 0 ,0
0 ,0 ,0 ,1.061 ,0 ,0 ,0 ,11.667 | 0 ,0
0 ,0 ,0 ,0 ,1.2 ,0 ,0 ,19.2 | 0 ,0
0 ,0 ,0 ,0 ,0 ,1.071 ,0 ,6.429 | 0 ,0
0 ,0 ,0 ,0 ,0 ,0 ,1.667 ,-33.333 | 0 ,0
0 ,0 ,0 ,0 ,0 ,0 ,0 ,1 | 0 ,1

R1 --> 0.333*R1

1 ,0 ,0 ,0 ,0 ,0 ,0 ,0 | 0 ,-8
0 ,3 ,0 ,0 ,0 ,0 ,0 ,-12 | 0 ,0
0 ,0 ,3.667 ,0 ,0 ,0 ,0 ,14.667 | 0 ,0
0 ,0 ,0 ,1.061 ,0 ,0 ,0 ,11.667 | 0 ,0
0 ,0 ,0 ,0 ,1.2 ,0 ,0 ,19.2 | 0 ,0
0 ,0 ,0 ,0 ,0 ,1.071 ,0 ,6.429 | 0 ,0
0 ,0 ,0 ,0 ,0 ,0 ,1.667 ,-33.333 | 0 ,0
0 ,0 ,0 ,0 ,0 ,0 ,0 ,1 | 0 ,1

R2 --> R2 + 12*R8

1 ,0 ,0 ,0 ,0 ,0 ,0 ,0 | 0 ,-8
0 ,3 ,0 ,0 ,0 ,0 ,0 ,0 | 0 ,12
0 ,0 ,3.667 ,0 ,0 ,0 ,0 ,14.667 | 0 ,0
0 ,0 ,0 ,1.061 ,0 ,0 ,0 ,11.667 | 0 ,0
0 ,0 ,0 ,0 ,1.2 ,0 ,0 ,19.2 | 0 ,0
0 ,0 ,0 ,0 ,0 ,1.071 ,0 ,6.429 | 0 ,0
0 ,0 ,0 ,0 ,0 ,0 ,1.667 ,-33.333 | 0 ,0
0 ,0 ,0 ,0 ,0 ,0 ,0 ,1 | 0 ,1

R2 --> 0.333*R2

1 ,0 ,0 ,0 ,0 ,0 ,0 ,0 | 0 ,-8
0 ,1 ,0 ,0 ,0 ,0 ,0 ,0 | 0 ,4
0 ,0 ,3.667 ,0 ,0 ,0 ,0 ,14.667 | 0 ,0
0 ,0 ,0 ,1.061 ,0 ,0 ,0 ,11.667 | 0 ,0
0 ,0 ,0 ,0 ,1.2 ,0 ,0 ,19.2 | 0 ,0
0 ,0 ,0 ,0 ,0 ,1.071 ,0 ,6.429 | 0 ,0
0 ,0 ,0 ,0 ,0 ,0 ,1.667 ,-33.333 | 0 ,0
0 ,0 ,0 ,0 ,0 ,0 ,0 ,1 | 0 ,1

R3 --> R3 - 14.667*R8

1 ,0 ,0 ,0 ,0 ,0 ,0 ,0 | 0 ,-8
0 ,1 ,0 ,0 ,0 ,0 ,0 ,0 | 0 ,4
0 ,0 ,3.667 ,0 ,0 ,0 ,0 ,0 | 0 ,-14.667
0 ,0 ,0 ,1.061 ,0 ,0 ,0 ,11.667 | 0 ,0
0 ,0 ,0 ,0 ,1.2 ,0 ,0 ,19.2 | 0 ,0
0 ,0 ,0 ,0 ,0 ,1.071 ,0 ,6.429 | 0 ,0
0 ,0 ,0 ,0 ,0 ,0 ,1.667 ,-33.333 | 0 ,0
0 ,0 ,0 ,0 ,0 ,0 ,0 ,1 | 0 ,1

R3 --> 0.273*R3

1 ,0 ,0 ,0 ,0 ,0 ,0 ,0 | 0 ,-8
0 ,1 ,0 ,0 ,0 ,0 ,0 ,0 | 0 ,4
0 ,0 ,1 ,0 ,0 ,0 ,0 ,0 | 0 ,-4
0 ,0 ,0 ,1.061 ,0 ,0 ,0 ,11.667 | 0 ,0
0 ,0 ,0 ,0 ,1.2 ,0 ,0 ,19.2 | 0 ,0
0 ,0 ,0 ,0 ,0 ,1.071 ,0 ,6.429 | 0 ,0
0 ,0 ,0 ,0 ,0 ,0 ,1.667 ,-33.333 | 0 ,0
0 ,0 ,0 ,0 ,0 ,0 ,0 ,1 | 0 ,1

R4 --> R4 - 11.667*R8

1 ,0 ,0 ,0 ,0 ,0 ,0 ,0 | 0 ,-8
0 ,1 ,0 ,0 ,0 ,0 ,0 ,0 | 0 ,4
0 ,0 ,1 ,0 ,0 ,0 ,0 ,0 | 0 ,-4
0 ,0 ,0 ,1.061 ,0 ,0 ,0 ,0 | 0 ,-11.667
0 ,0 ,0 ,0 ,1.2 ,0 ,0 ,19.2 | 0 ,0
0 ,0 ,0 ,0 ,0 ,1.071 ,0 ,6.429 | 0 ,0
0 ,0 ,0 ,0 ,0 ,0 ,1.667 ,-33.333 | 0 ,0
0 ,0 ,0 ,0 ,0 ,0 ,0 ,1 | 0 ,1

R4 --> 0.943*R4

1 ,0 ,0 ,0 ,0 ,0 ,0 ,0 | 0 ,-8
0 ,1 ,0 ,0 ,0 ,0 ,0 ,0 | 0 ,4
0 ,0 ,1 ,0 ,0 ,0 ,0 ,0 | 0 ,-4
0 ,0 ,0 ,1 ,0 ,0 ,0 ,0 | 0 ,-11
0 ,0 ,0 ,0 ,1.2 ,0 ,0 ,19.2 | 0 ,0
0 ,0 ,0 ,0 ,0 ,1.071 ,0 ,6.429 | 0 ,0
0 ,0 ,0 ,0 ,0 ,0 ,1.667 ,-33.333 | 0 ,0
0 ,0 ,0 ,0 ,0 ,0 ,0 ,1 | 0 ,1

R5 --> R5 - 19.2*R8

1 ,0 ,0 ,0 ,0 ,0 ,0 ,0 | 0 ,-8
0 ,1 ,0 ,0 ,0 ,0 ,0 ,0 | 0 ,4
0 ,0 ,1 ,0 ,0 ,0 ,0 ,0 | 0 ,-4
0 ,0 ,0 ,1 ,0 ,0 ,0 ,0 | 0 ,-11
0 ,0 ,0 ,0 ,1.2 ,0 ,0 ,0 | 0 ,-19.2
0 ,0 ,0 ,0 ,0 ,1.071 ,0 ,6.429 | 0 ,0
0 ,0 ,0 ,0 ,0 ,0 ,1.667 ,-33.333 | 0 ,0
0 ,0 ,0 ,0 ,0 ,0 ,0 ,1 | 0 ,1

R5 --> 0.833*R5

1 ,0 ,0 ,0 ,0 ,0 ,0 ,0 | 0 ,-8
0 ,1 ,0 ,0 ,0 ,0 ,0 ,0 | 0 ,4
0 ,0 ,1 ,0 ,0 ,0 ,0 ,0 | 0 ,-4
0 ,0 ,0 ,1 ,0 ,0 ,0 ,0 | 0 ,-11
0 ,0 ,0 ,0 ,1 ,0 ,0 ,0 | 0 ,-16
0 ,0 ,0 ,0 ,0 ,1.071 ,0 ,6.429 | 0 ,0
0 ,0 ,0 ,0 ,0 ,0 ,1.667 ,-33.333 | 0 ,0
0 ,0 ,0 ,0 ,0 ,0 ,0 ,1 | 0 ,1

R6 --> R6 - 6.429*R8

1 ,0 ,0 ,0 ,0 ,0 ,0 ,0 | 0 ,-8
0 ,1 ,0 ,0 ,0 ,0 ,0 ,0 | 0 ,4
0 ,0 ,1 ,0 ,0 ,0 ,0 ,0 | 0 ,-4
0 ,0 ,0 ,1 ,0 ,0 ,0 ,0 | 0 ,-11
0 ,0 ,0 ,0 ,1 ,0 ,0 ,0 | 0 ,-16
0 ,0 ,0 ,0 ,0 ,1.071 ,0 ,0 | 0 ,-6.429
0 ,0 ,0 ,0 ,0 ,0 ,1.667 ,-33.333 | 0 ,0
0 ,0 ,0 ,0 ,0 ,0 ,0 ,1 | 0 ,1

R6 --> 0.933*R6

1 ,0 ,0 ,0 ,0 ,0 ,0 ,0 | 0 ,-8
0 ,1 ,0 ,0 ,0 ,0 ,0 ,0 | 0 ,4
0 ,0 ,1 ,0 ,0 ,0 ,0 ,0 | 0 ,-4
0 ,0 ,0 ,1 ,0 ,0 ,0 ,0 | 0 ,-11
0 ,0 ,0 ,0 ,1 ,0 ,0 ,0 | 0 ,-16
0 ,0 ,0 ,0 ,0 ,1 ,0 ,0 | 0 ,-6
0 ,0 ,0 ,0 ,0 ,0 ,1.667 ,-33.333 | 0 ,0
0 ,0 ,0 ,0 ,0 ,0 ,0 ,1 | 0 ,1

R7 --> R7 + 33.333*R8

1 ,0 ,0 ,0 ,0 ,0 ,0 ,0 | 0 ,-8
0 ,1 ,0 ,0 ,0 ,0 ,0 ,0 | 0 ,4
0 ,0 ,1 ,0 ,0 ,0 ,0 ,0 | 0 ,-4
0 ,0 ,0 ,1 ,0 ,0 ,0 ,0 | 0 ,-11
0 ,0 ,0 ,0 ,1 ,0 ,0 ,0 | 0 ,-16
0 ,0 ,0 ,0 ,0 ,1 ,0 ,0 | 0 ,-6
0 ,0 ,0 ,0 ,0 ,0 ,1.667 ,0 | 0 ,33.333
0 ,0 ,0 ,0 ,0 ,0 ,0 ,1 | 0 ,1

R7 --> 0.6*R7

1 ,0 ,0 ,0 ,0 ,0 ,0 ,0 | 0 ,-8
0 ,1 ,0 ,0 ,0 ,0 ,0 ,0 | 0 ,4
0 ,0 ,1 ,0 ,0 ,0 ,0 ,0 | 0 ,-4
0 ,0 ,0 ,1 ,0 ,0 ,0 ,0 | 0 ,-11
0 ,0 ,0 ,0 ,1 ,0 ,0 ,0 | 0 ,-16
0 ,0 ,0 ,0 ,0 ,1 ,0 ,0 | 0 ,-6
0 ,0 ,0 ,0 ,0 ,0 ,1 ,0 | 0 ,20
0 ,0 ,0 ,0 ,0 ,0 ,0 ,1 | 0 ,1

the solution is an infinite set of vectors in R8 space which are linearly dependents in the vector space:
x = λ*(-8 ,4 ,-4 ,-11 ,-16 ,-6 ,20 ,1) when λ it's a free scalar that belongs to the R set
