solve the next system in R8 space (8 equations)(8 unknowns):
eq1: + 3*x1 +   x2 + 2*x3 -   x4 -   x5        +   x7 +   x8  = 0
eq2: + 3*x1        + 2*x3 - 2*x4        + 3*x6 + 4*x7 + 4*x8  = 0
eq3: + 4*x1 + 3*x2        + 4*x4 - 2*x5        - 3*x7         = 0
eq4: + 2*x1        + 3*x3 + 3*x4 - 4*x5 + 4*x6 + 4*x7 -   x8  = 0
eq5: -   x1 -   x2 + 2*x3        + 3*x5 + 2*x6 + 4*x7 + 4*x8  = 0
eq6: - 4*x1 - 2*x2 - 2*x3 -   x4 +   x5 - 3*x6 - 4*x7 -   x8  = 0
eq7: - 3*x1 - 4*x2 + 3*x3        + 3*x5 + 3*x6 + 2*x7         = 0
eq8: -   x1               + 4*x4               - 3*x7 - 4*x8  = 0

3 ,1 ,2 ,-1 ,-1 ,0 ,1 ,1 | 0
3 ,0 ,2 ,-2 ,0 ,3 ,4 ,4 | 0
4 ,3 ,0 ,4 ,-2 ,0 ,-3 ,0 | 0
2 ,0 ,3 ,3 ,-4 ,4 ,4 ,-1 | 0
-1 ,-1 ,2 ,0 ,3 ,2 ,4 ,4 | 0
-4 ,-2 ,-2 ,-1 ,1 ,-3 ,-4 ,-1 | 0
-3 ,-4 ,3 ,0 ,3 ,3 ,2 ,0 | 0
-1 ,0 ,0 ,4 ,0 ,0 ,-3 ,-4 | 0

implement the solution by elementary matrices method:
transform A matrix to I by elementary matrices:
R2 --> R2 - R1

3 ,1 ,2 ,-1 ,-1 ,0 ,1 ,1 | 0
0 ,-1 ,0 ,-1 ,1 ,3 ,3 ,3 | 0
4 ,3 ,0 ,4 ,-2 ,0 ,-3 ,0 | 0
2 ,0 ,3 ,3 ,-4 ,4 ,4 ,-1 | 0
-1 ,-1 ,2 ,0 ,3 ,2 ,4 ,4 | 0
-4 ,-2 ,-2 ,-1 ,1 ,-3 ,-4 ,-1 | 0
-3 ,-4 ,3 ,0 ,3 ,3 ,2 ,0 | 0
-1 ,0 ,0 ,4 ,0 ,0 ,-3 ,-4 | 0

R3 --> R3 - 1.333*R1

3 ,1 ,2 ,-1 ,-1 ,0 ,1 ,1 | 0
0 ,-1 ,0 ,-1 ,1 ,3 ,3 ,3 | 0
0 ,1.667 ,-2.667 ,5.333 ,-0.667 ,0 ,-4.333 ,-1.333 | 0
2 ,0 ,3 ,3 ,-4 ,4 ,4 ,-1 | 0
-1 ,-1 ,2 ,0 ,3 ,2 ,4 ,4 | 0
-4 ,-2 ,-2 ,-1 ,1 ,-3 ,-4 ,-1 | 0
-3 ,-4 ,3 ,0 ,3 ,3 ,2 ,0 | 0
-1 ,0 ,0 ,4 ,0 ,0 ,-3 ,-4 | 0

R4 --> R4 - 0.667*R1

3 ,1 ,2 ,-1 ,-1 ,0 ,1 ,1 | 0
0 ,-1 ,0 ,-1 ,1 ,3 ,3 ,3 | 0
0 ,1.667 ,-2.667 ,5.333 ,-0.667 ,0 ,-4.333 ,-1.333 | 0
0 ,-0.667 ,1.667 ,3.667 ,-3.333 ,4 ,3.333 ,-1.667 | 0
-1 ,-1 ,2 ,0 ,3 ,2 ,4 ,4 | 0
-4 ,-2 ,-2 ,-1 ,1 ,-3 ,-4 ,-1 | 0
-3 ,-4 ,3 ,0 ,3 ,3 ,2 ,0 | 0
-1 ,0 ,0 ,4 ,0 ,0 ,-3 ,-4 | 0

R5 --> R5 + 0.333*R1

3 ,1 ,2 ,-1 ,-1 ,0 ,1 ,1 | 0
0 ,-1 ,0 ,-1 ,1 ,3 ,3 ,3 | 0
0 ,1.667 ,-2.667 ,5.333 ,-0.667 ,0 ,-4.333 ,-1.333 | 0
0 ,-0.667 ,1.667 ,3.667 ,-3.333 ,4 ,3.333 ,-1.667 | 0
0 ,-0.667 ,2.667 ,-0.333 ,2.667 ,2 ,4.333 ,4.333 | 0
-4 ,-2 ,-2 ,-1 ,1 ,-3 ,-4 ,-1 | 0
-3 ,-4 ,3 ,0 ,3 ,3 ,2 ,0 | 0
-1 ,0 ,0 ,4 ,0 ,0 ,-3 ,-4 | 0

R6 --> R6 + 1.333*R1

3 ,1 ,2 ,-1 ,-1 ,0 ,1 ,1 | 0
0 ,-1 ,0 ,-1 ,1 ,3 ,3 ,3 | 0
0 ,1.667 ,-2.667 ,5.333 ,-0.667 ,0 ,-4.333 ,-1.333 | 0
0 ,-0.667 ,1.667 ,3.667 ,-3.333 ,4 ,3.333 ,-1.667 | 0
0 ,-0.667 ,2.667 ,-0.333 ,2.667 ,2 ,4.333 ,4.333 | 0
0 ,-0.667 ,0.667 ,-2.333 ,-0.333 ,-3 ,-2.667 ,0.333 | 0
-3 ,-4 ,3 ,0 ,3 ,3 ,2 ,0 | 0
-1 ,0 ,0 ,4 ,0 ,0 ,-3 ,-4 | 0

R7 --> R7 + R1

3 ,1 ,2 ,-1 ,-1 ,0 ,1 ,1 | 0
0 ,-1 ,0 ,-1 ,1 ,3 ,3 ,3 | 0
0 ,1.667 ,-2.667 ,5.333 ,-0.667 ,0 ,-4.333 ,-1.333 | 0
0 ,-0.667 ,1.667 ,3.667 ,-3.333 ,4 ,3.333 ,-1.667 | 0
0 ,-0.667 ,2.667 ,-0.333 ,2.667 ,2 ,4.333 ,4.333 | 0
0 ,-0.667 ,0.667 ,-2.333 ,-0.333 ,-3 ,-2.667 ,0.333 | 0
0 ,-3 ,5 ,-1 ,2 ,3 ,3 ,1 | 0
-1 ,0 ,0 ,4 ,0 ,0 ,-3 ,-4 | 0

R8 --> R8 + 0.333*R1

3 ,1 ,2 ,-1 ,-1 ,0 ,1 ,1 | 0
0 ,-1 ,0 ,-1 ,1 ,3 ,3 ,3 | 0
0 ,1.667 ,-2.667 ,5.333 ,-0.667 ,0 ,-4.333 ,-1.333 | 0
0 ,-0.667 ,1.667 ,3.667 ,-3.333 ,4 ,3.333 ,-1.667 | 0
0 ,-0.667 ,2.667 ,-0.333 ,2.667 ,2 ,4.333 ,4.333 | 0
0 ,-0.667 ,0.667 ,-2.333 ,-0.333 ,-3 ,-2.667 ,0.333 | 0
0 ,-3 ,5 ,-1 ,2 ,3 ,3 ,1 | 0
0 ,0.333 ,0.667 ,3.667 ,-0.333 ,0 ,-2.667 ,-3.667 | 0

R1 --> R1 + R2

3 ,0 ,2 ,-2 ,0 ,3 ,4 ,4 | 0
0 ,-1 ,0 ,-1 ,1 ,3 ,3 ,3 | 0
0 ,1.667 ,-2.667 ,5.333 ,-0.667 ,0 ,-4.333 ,-1.333 | 0
0 ,-0.667 ,1.667 ,3.667 ,-3.333 ,4 ,3.333 ,-1.667 | 0
0 ,-0.667 ,2.667 ,-0.333 ,2.667 ,2 ,4.333 ,4.333 | 0
0 ,-0.667 ,0.667 ,-2.333 ,-0.333 ,-3 ,-2.667 ,0.333 | 0
0 ,-3 ,5 ,-1 ,2 ,3 ,3 ,1 | 0
0 ,0.333 ,0.667 ,3.667 ,-0.333 ,0 ,-2.667 ,-3.667 | 0

R3 --> R3 + 1.667*R2

3 ,0 ,2 ,-2 ,0 ,3 ,4 ,4 | 0
0 ,-1 ,0 ,-1 ,1 ,3 ,3 ,3 | 0
0 ,0 ,-2.667 ,3.667 ,1 ,5 ,0.667 ,3.667 | 0
0 ,-0.667 ,1.667 ,3.667 ,-3.333 ,4 ,3.333 ,-1.667 | 0
0 ,-0.667 ,2.667 ,-0.333 ,2.667 ,2 ,4.333 ,4.333 | 0
0 ,-0.667 ,0.667 ,-2.333 ,-0.333 ,-3 ,-2.667 ,0.333 | 0
0 ,-3 ,5 ,-1 ,2 ,3 ,3 ,1 | 0
0 ,0.333 ,0.667 ,3.667 ,-0.333 ,0 ,-2.667 ,-3.667 | 0

R4 --> R4 - 0.667*R2

3 ,0 ,2 ,-2 ,0 ,3 ,4 ,4 | 0
0 ,-1 ,0 ,-1 ,1 ,3 ,3 ,3 | 0
0 ,0 ,-2.667 ,3.667 ,1 ,5 ,0.667 ,3.667 | 0
0 ,0 ,1.667 ,4.333 ,-4 ,2 ,1.333 ,-3.667 | 0
0 ,-0.667 ,2.667 ,-0.333 ,2.667 ,2 ,4.333 ,4.333 | 0
0 ,-0.667 ,0.667 ,-2.333 ,-0.333 ,-3 ,-2.667 ,0.333 | 0
0 ,-3 ,5 ,-1 ,2 ,3 ,3 ,1 | 0
0 ,0.333 ,0.667 ,3.667 ,-0.333 ,0 ,-2.667 ,-3.667 | 0

R5 --> R5 - 0.667*R2

3 ,0 ,2 ,-2 ,0 ,3 ,4 ,4 | 0
0 ,-1 ,0 ,-1 ,1 ,3 ,3 ,3 | 0
0 ,0 ,-2.667 ,3.667 ,1 ,5 ,0.667 ,3.667 | 0
0 ,0 ,1.667 ,4.333 ,-4 ,2 ,1.333 ,-3.667 | 0
0 ,0 ,2.667 ,0.333 ,2 ,0 ,2.333 ,2.333 | 0
0 ,-0.667 ,0.667 ,-2.333 ,-0.333 ,-3 ,-2.667 ,0.333 | 0
0 ,-3 ,5 ,-1 ,2 ,3 ,3 ,1 | 0
0 ,0.333 ,0.667 ,3.667 ,-0.333 ,0 ,-2.667 ,-3.667 | 0

R6 --> R6 - 0.667*R2

3 ,0 ,2 ,-2 ,0 ,3 ,4 ,4 | 0
0 ,-1 ,0 ,-1 ,1 ,3 ,3 ,3 | 0
0 ,0 ,-2.667 ,3.667 ,1 ,5 ,0.667 ,3.667 | 0
0 ,0 ,1.667 ,4.333 ,-4 ,2 ,1.333 ,-3.667 | 0
0 ,0 ,2.667 ,0.333 ,2 ,0 ,2.333 ,2.333 | 0
0 ,0 ,0.667 ,-1.667 ,-1 ,-5 ,-4.667 ,-1.667 | 0
0 ,-3 ,5 ,-1 ,2 ,3 ,3 ,1 | 0
0 ,0.333 ,0.667 ,3.667 ,-0.333 ,0 ,-2.667 ,-3.667 | 0

R7 --> R7 - 3*R2

3 ,0 ,2 ,-2 ,0 ,3 ,4 ,4 | 0
0 ,-1 ,0 ,-1 ,1 ,3 ,3 ,3 | 0
0 ,0 ,-2.667 ,3.667 ,1 ,5 ,0.667 ,3.667 | 0
0 ,0 ,1.667 ,4.333 ,-4 ,2 ,1.333 ,-3.667 | 0
0 ,0 ,2.667 ,0.333 ,2 ,0 ,2.333 ,2.333 | 0
0 ,0 ,0.667 ,-1.667 ,-1 ,-5 ,-4.667 ,-1.667 | 0
0 ,0 ,5 ,2 ,-1 ,-6 ,-6 ,-8 | 0
0 ,0.333 ,0.667 ,3.667 ,-0.333 ,0 ,-2.667 ,-3.667 | 0

R8 --> R8 + 0.333*R2

3 ,0 ,2 ,-2 ,0 ,3 ,4 ,4 | 0
0 ,-1 ,0 ,-1 ,1 ,3 ,3 ,3 | 0
0 ,0 ,-2.667 ,3.667 ,1 ,5 ,0.667 ,3.667 | 0
0 ,0 ,1.667 ,4.333 ,-4 ,2 ,1.333 ,-3.667 | 0
0 ,0 ,2.667 ,0.333 ,2 ,0 ,2.333 ,2.333 | 0
0 ,0 ,0.667 ,-1.667 ,-1 ,-5 ,-4.667 ,-1.667 | 0
0 ,0 ,5 ,2 ,-1 ,-6 ,-6 ,-8 | 0
0 ,0 ,0.667 ,3.333 ,0 ,1 ,-1.667 ,-2.667 | 0

R1 --> R1 + 0.75*R3

3 ,0 ,0 ,0.75 ,0.75 ,6.75 ,4.5 ,6.75 | 0
0 ,-1 ,0 ,-1 ,1 ,3 ,3 ,3 | 0
0 ,0 ,-2.667 ,3.667 ,1 ,5 ,0.667 ,3.667 | 0
0 ,0 ,1.667 ,4.333 ,-4 ,2 ,1.333 ,-3.667 | 0
0 ,0 ,2.667 ,0.333 ,2 ,0 ,2.333 ,2.333 | 0
0 ,0 ,0.667 ,-1.667 ,-1 ,-5 ,-4.667 ,-1.667 | 0
0 ,0 ,5 ,2 ,-1 ,-6 ,-6 ,-8 | 0
0 ,0 ,0.667 ,3.333 ,0 ,1 ,-1.667 ,-2.667 | 0

R4 --> R4 + 0.625*R3

3 ,0 ,0 ,0.75 ,0.75 ,6.75 ,4.5 ,6.75 | 0
0 ,-1 ,0 ,-1 ,1 ,3 ,3 ,3 | 0
0 ,0 ,-2.667 ,3.667 ,1 ,5 ,0.667 ,3.667 | 0
0 ,0 ,0 ,6.625 ,-3.375 ,5.125 ,1.75 ,-1.375 | 0
0 ,0 ,2.667 ,0.333 ,2 ,0 ,2.333 ,2.333 | 0
0 ,0 ,0.667 ,-1.667 ,-1 ,-5 ,-4.667 ,-1.667 | 0
0 ,0 ,5 ,2 ,-1 ,-6 ,-6 ,-8 | 0
0 ,0 ,0.667 ,3.333 ,0 ,1 ,-1.667 ,-2.667 | 0

R5 --> R5 + R3

3 ,0 ,0 ,0.75 ,0.75 ,6.75 ,4.5 ,6.75 | 0
0 ,-1 ,0 ,-1 ,1 ,3 ,3 ,3 | 0
0 ,0 ,-2.667 ,3.667 ,1 ,5 ,0.667 ,3.667 | 0
0 ,0 ,0 ,6.625 ,-3.375 ,5.125 ,1.75 ,-1.375 | 0
0 ,0 ,0 ,4 ,3 ,5 ,3 ,6 | 0
0 ,0 ,0.667 ,-1.667 ,-1 ,-5 ,-4.667 ,-1.667 | 0
0 ,0 ,5 ,2 ,-1 ,-6 ,-6 ,-8 | 0
0 ,0 ,0.667 ,3.333 ,0 ,1 ,-1.667 ,-2.667 | 0

R6 --> R6 + 0.25*R3

3 ,0 ,0 ,0.75 ,0.75 ,6.75 ,4.5 ,6.75 | 0
0 ,-1 ,0 ,-1 ,1 ,3 ,3 ,3 | 0
0 ,0 ,-2.667 ,3.667 ,1 ,5 ,0.667 ,3.667 | 0
0 ,0 ,0 ,6.625 ,-3.375 ,5.125 ,1.75 ,-1.375 | 0
0 ,0 ,0 ,4 ,3 ,5 ,3 ,6 | 0
0 ,0 ,0 ,-0.75 ,-0.75 ,-3.75 ,-4.5 ,-0.75 | 0
0 ,0 ,5 ,2 ,-1 ,-6 ,-6 ,-8 | 0
0 ,0 ,0.667 ,3.333 ,0 ,1 ,-1.667 ,-2.667 | 0

R7 --> R7 + 1.875*R3

3 ,0 ,0 ,0.75 ,0.75 ,6.75 ,4.5 ,6.75 | 0
0 ,-1 ,0 ,-1 ,1 ,3 ,3 ,3 | 0
0 ,0 ,-2.667 ,3.667 ,1 ,5 ,0.667 ,3.667 | 0
0 ,0 ,0 ,6.625 ,-3.375 ,5.125 ,1.75 ,-1.375 | 0
0 ,0 ,0 ,4 ,3 ,5 ,3 ,6 | 0
0 ,0 ,0 ,-0.75 ,-0.75 ,-3.75 ,-4.5 ,-0.75 | 0
0 ,0 ,0 ,8.875 ,0.875 ,3.375 ,-4.75 ,-1.125 | 0
0 ,0 ,0.667 ,3.333 ,0 ,1 ,-1.667 ,-2.667 | 0

R8 --> R8 + 0.25*R3

3 ,0 ,0 ,0.75 ,0.75 ,6.75 ,4.5 ,6.75 | 0
0 ,-1 ,0 ,-1 ,1 ,3 ,3 ,3 | 0
0 ,0 ,-2.667 ,3.667 ,1 ,5 ,0.667 ,3.667 | 0
0 ,0 ,0 ,6.625 ,-3.375 ,5.125 ,1.75 ,-1.375 | 0
0 ,0 ,0 ,4 ,3 ,5 ,3 ,6 | 0
0 ,0 ,0 ,-0.75 ,-0.75 ,-3.75 ,-4.5 ,-0.75 | 0
0 ,0 ,0 ,8.875 ,0.875 ,3.375 ,-4.75 ,-1.125 | 0
0 ,0 ,0 ,4.25 ,0.25 ,2.25 ,-1.5 ,-1.75 | 0

R1 --> R1 - 0.113*R4

3 ,0 ,0 ,0 ,1.132 ,6.17 ,4.302 ,6.906 | 0
0 ,-1 ,0 ,-1 ,1 ,3 ,3 ,3 | 0
0 ,0 ,-2.667 ,3.667 ,1 ,5 ,0.667 ,3.667 | 0
0 ,0 ,0 ,6.625 ,-3.375 ,5.125 ,1.75 ,-1.375 | 0
0 ,0 ,0 ,4 ,3 ,5 ,3 ,6 | 0
0 ,0 ,0 ,-0.75 ,-0.75 ,-3.75 ,-4.5 ,-0.75 | 0
0 ,0 ,0 ,8.875 ,0.875 ,3.375 ,-4.75 ,-1.125 | 0
0 ,0 ,0 ,4.25 ,0.25 ,2.25 ,-1.5 ,-1.75 | 0

R2 --> R2 + 0.151*R4

3 ,0 ,0 ,0 ,1.132 ,6.17 ,4.302 ,6.906 | 0
0 ,-1 ,0 ,0 ,0.491 ,3.774 ,3.264 ,2.792 | 0
0 ,0 ,-2.667 ,3.667 ,1 ,5 ,0.667 ,3.667 | 0
0 ,0 ,0 ,6.625 ,-3.375 ,5.125 ,1.75 ,-1.375 | 0
0 ,0 ,0 ,4 ,3 ,5 ,3 ,6 | 0
0 ,0 ,0 ,-0.75 ,-0.75 ,-3.75 ,-4.5 ,-0.75 | 0
0 ,0 ,0 ,8.875 ,0.875 ,3.375 ,-4.75 ,-1.125 | 0
0 ,0 ,0 ,4.25 ,0.25 ,2.25 ,-1.5 ,-1.75 | 0

R3 --> R3 - 0.553*R4

3 ,0 ,0 ,0 ,1.132 ,6.17 ,4.302 ,6.906 | 0
0 ,-1 ,0 ,0 ,0.491 ,3.774 ,3.264 ,2.792 | 0
0 ,0 ,-2.667 ,0 ,2.868 ,2.164 ,-0.302 ,4.428 | 0
0 ,0 ,0 ,6.625 ,-3.375 ,5.125 ,1.75 ,-1.375 | 0
0 ,0 ,0 ,4 ,3 ,5 ,3 ,6 | 0
0 ,0 ,0 ,-0.75 ,-0.75 ,-3.75 ,-4.5 ,-0.75 | 0
0 ,0 ,0 ,8.875 ,0.875 ,3.375 ,-4.75 ,-1.125 | 0
0 ,0 ,0 ,4.25 ,0.25 ,2.25 ,-1.5 ,-1.75 | 0

R5 --> R5 - 0.604*R4

3 ,0 ,0 ,0 ,1.132 ,6.17 ,4.302 ,6.906 | 0
0 ,-1 ,0 ,0 ,0.491 ,3.774 ,3.264 ,2.792 | 0
0 ,0 ,-2.667 ,0 ,2.868 ,2.164 ,-0.302 ,4.428 | 0
0 ,0 ,0 ,6.625 ,-3.375 ,5.125 ,1.75 ,-1.375 | 0
0 ,0 ,0 ,0 ,5.038 ,1.906 ,1.943 ,6.83 | 0
0 ,0 ,0 ,-0.75 ,-0.75 ,-3.75 ,-4.5 ,-0.75 | 0
0 ,0 ,0 ,8.875 ,0.875 ,3.375 ,-4.75 ,-1.125 | 0
0 ,0 ,0 ,4.25 ,0.25 ,2.25 ,-1.5 ,-1.75 | 0

R6 --> R6 + 0.113*R4

3 ,0 ,0 ,0 ,1.132 ,6.17 ,4.302 ,6.906 | 0
0 ,-1 ,0 ,0 ,0.491 ,3.774 ,3.264 ,2.792 | 0
0 ,0 ,-2.667 ,0 ,2.868 ,2.164 ,-0.302 ,4.428 | 0
0 ,0 ,0 ,6.625 ,-3.375 ,5.125 ,1.75 ,-1.375 | 0
0 ,0 ,0 ,0 ,5.038 ,1.906 ,1.943 ,6.83 | 0
0 ,0 ,0 ,0 ,-1.132 ,-3.17 ,-4.302 ,-0.906 | 0
0 ,0 ,0 ,8.875 ,0.875 ,3.375 ,-4.75 ,-1.125 | 0
0 ,0 ,0 ,4.25 ,0.25 ,2.25 ,-1.5 ,-1.75 | 0

R7 --> R7 - 1.34*R4

3 ,0 ,0 ,0 ,1.132 ,6.17 ,4.302 ,6.906 | 0
0 ,-1 ,0 ,0 ,0.491 ,3.774 ,3.264 ,2.792 | 0
0 ,0 ,-2.667 ,0 ,2.868 ,2.164 ,-0.302 ,4.428 | 0
0 ,0 ,0 ,6.625 ,-3.375 ,5.125 ,1.75 ,-1.375 | 0
0 ,0 ,0 ,0 ,5.038 ,1.906 ,1.943 ,6.83 | 0
0 ,0 ,0 ,0 ,-1.132 ,-3.17 ,-4.302 ,-0.906 | 0
0 ,0 ,0 ,0 ,5.396 ,-3.491 ,-7.094 ,0.717 | 0
0 ,0 ,0 ,4.25 ,0.25 ,2.25 ,-1.5 ,-1.75 | 0

R8 --> R8 - 0.642*R4

3 ,0 ,0 ,0 ,1.132 ,6.17 ,4.302 ,6.906 | 0
0 ,-1 ,0 ,0 ,0.491 ,3.774 ,3.264 ,2.792 | 0
0 ,0 ,-2.667 ,0 ,2.868 ,2.164 ,-0.302 ,4.428 | 0
0 ,0 ,0 ,6.625 ,-3.375 ,5.125 ,1.75 ,-1.375 | 0
0 ,0 ,0 ,0 ,5.038 ,1.906 ,1.943 ,6.83 | 0
0 ,0 ,0 ,0 ,-1.132 ,-3.17 ,-4.302 ,-0.906 | 0
0 ,0 ,0 ,0 ,5.396 ,-3.491 ,-7.094 ,0.717 | 0
0 ,0 ,0 ,0 ,2.415 ,-1.038 ,-2.623 ,-0.868 | 0

R1 --> R1 - 0.225*R5

3 ,0 ,0 ,0 ,0 ,5.742 ,3.865 ,5.371 | 0
0 ,-1 ,0 ,0 ,0.491 ,3.774 ,3.264 ,2.792 | 0
0 ,0 ,-2.667 ,0 ,2.868 ,2.164 ,-0.302 ,4.428 | 0
0 ,0 ,0 ,6.625 ,-3.375 ,5.125 ,1.75 ,-1.375 | 0
0 ,0 ,0 ,0 ,5.038 ,1.906 ,1.943 ,6.83 | 0
0 ,0 ,0 ,0 ,-1.132 ,-3.17 ,-4.302 ,-0.906 | 0
0 ,0 ,0 ,0 ,5.396 ,-3.491 ,-7.094 ,0.717 | 0
0 ,0 ,0 ,0 ,2.415 ,-1.038 ,-2.623 ,-0.868 | 0

R2 --> R2 - 0.097*R5

3 ,0 ,0 ,0 ,0 ,5.742 ,3.865 ,5.371 | 0
0 ,-1 ,0 ,0 ,0 ,3.588 ,3.075 ,2.127 | 0
0 ,0 ,-2.667 ,0 ,2.868 ,2.164 ,-0.302 ,4.428 | 0
0 ,0 ,0 ,6.625 ,-3.375 ,5.125 ,1.75 ,-1.375 | 0
0 ,0 ,0 ,0 ,5.038 ,1.906 ,1.943 ,6.83 | 0
0 ,0 ,0 ,0 ,-1.132 ,-3.17 ,-4.302 ,-0.906 | 0
0 ,0 ,0 ,0 ,5.396 ,-3.491 ,-7.094 ,0.717 | 0
0 ,0 ,0 ,0 ,2.415 ,-1.038 ,-2.623 ,-0.868 | 0

R3 --> R3 - 0.569*R5

3 ,0 ,0 ,0 ,0 ,5.742 ,3.865 ,5.371 | 0
0 ,-1 ,0 ,0 ,0 ,3.588 ,3.075 ,2.127 | 0
0 ,0 ,-2.667 ,0 ,0 ,1.079 ,-1.408 ,0.539 | 0
0 ,0 ,0 ,6.625 ,-3.375 ,5.125 ,1.75 ,-1.375 | 0
0 ,0 ,0 ,0 ,5.038 ,1.906 ,1.943 ,6.83 | 0
0 ,0 ,0 ,0 ,-1.132 ,-3.17 ,-4.302 ,-0.906 | 0
0 ,0 ,0 ,0 ,5.396 ,-3.491 ,-7.094 ,0.717 | 0
0 ,0 ,0 ,0 ,2.415 ,-1.038 ,-2.623 ,-0.868 | 0

R4 --> R4 + 0.67*R5

3 ,0 ,0 ,0 ,0 ,5.742 ,3.865 ,5.371 | 0
0 ,-1 ,0 ,0 ,0 ,3.588 ,3.075 ,2.127 | 0
0 ,0 ,-2.667 ,0 ,0 ,1.079 ,-1.408 ,0.539 | 0
0 ,0 ,0 ,6.625 ,0 ,6.402 ,3.052 ,3.201 | 0
0 ,0 ,0 ,0 ,5.038 ,1.906 ,1.943 ,6.83 | 0
0 ,0 ,0 ,0 ,-1.132 ,-3.17 ,-4.302 ,-0.906 | 0
0 ,0 ,0 ,0 ,5.396 ,-3.491 ,-7.094 ,0.717 | 0
0 ,0 ,0 ,0 ,2.415 ,-1.038 ,-2.623 ,-0.868 | 0

R6 --> R6 + 0.225*R5

3 ,0 ,0 ,0 ,0 ,5.742 ,3.865 ,5.371 | 0
0 ,-1 ,0 ,0 ,0 ,3.588 ,3.075 ,2.127 | 0
0 ,0 ,-2.667 ,0 ,0 ,1.079 ,-1.408 ,0.539 | 0
0 ,0 ,0 ,6.625 ,0 ,6.402 ,3.052 ,3.201 | 0
0 ,0 ,0 ,0 ,5.038 ,1.906 ,1.943 ,6.83 | 0
0 ,0 ,0 ,0 ,0 ,-2.742 ,-3.865 ,0.629 | 0
0 ,0 ,0 ,0 ,5.396 ,-3.491 ,-7.094 ,0.717 | 0
0 ,0 ,0 ,0 ,2.415 ,-1.038 ,-2.623 ,-0.868 | 0

R7 --> R7 - 1.071*R5

3 ,0 ,0 ,0 ,0 ,5.742 ,3.865 ,5.371 | 0
0 ,-1 ,0 ,0 ,0 ,3.588 ,3.075 ,2.127 | 0
0 ,0 ,-2.667 ,0 ,0 ,1.079 ,-1.408 ,0.539 | 0
0 ,0 ,0 ,6.625 ,0 ,6.402 ,3.052 ,3.201 | 0
0 ,0 ,0 ,0 ,5.038 ,1.906 ,1.943 ,6.83 | 0
0 ,0 ,0 ,0 ,0 ,-2.742 ,-3.865 ,0.629 | 0
0 ,0 ,0 ,0 ,0 ,-5.532 ,-9.176 ,-6.599 | 0
0 ,0 ,0 ,0 ,2.415 ,-1.038 ,-2.623 ,-0.868 | 0

R8 --> R8 - 0.479*R5

3 ,0 ,0 ,0 ,0 ,5.742 ,3.865 ,5.371 | 0
0 ,-1 ,0 ,0 ,0 ,3.588 ,3.075 ,2.127 | 0
0 ,0 ,-2.667 ,0 ,0 ,1.079 ,-1.408 ,0.539 | 0
0 ,0 ,0 ,6.625 ,0 ,6.402 ,3.052 ,3.201 | 0
0 ,0 ,0 ,0 ,5.038 ,1.906 ,1.943 ,6.83 | 0
0 ,0 ,0 ,0 ,0 ,-2.742 ,-3.865 ,0.629 | 0
0 ,0 ,0 ,0 ,0 ,-5.532 ,-9.176 ,-6.599 | 0
0 ,0 ,0 ,0 ,0 ,-1.951 ,-3.554 ,-4.142 | 0

R1 --> R1 + 2.094*R6

3 ,0 ,0 ,0 ,0 ,0 ,-4.23 ,6.689 | 0
0 ,-1 ,0 ,0 ,0 ,3.588 ,3.075 ,2.127 | 0
0 ,0 ,-2.667 ,0 ,0 ,1.079 ,-1.408 ,0.539 | 0
0 ,0 ,0 ,6.625 ,0 ,6.402 ,3.052 ,3.201 | 0
0 ,0 ,0 ,0 ,5.038 ,1.906 ,1.943 ,6.83 | 0
0 ,0 ,0 ,0 ,0 ,-2.742 ,-3.865 ,0.629 | 0
0 ,0 ,0 ,0 ,0 ,-5.532 ,-9.176 ,-6.599 | 0
0 ,0 ,0 ,0 ,0 ,-1.951 ,-3.554 ,-4.142 | 0

R2 --> R2 + 1.309*R6

3 ,0 ,0 ,0 ,0 ,0 ,-4.23 ,6.689 | 0
0 ,-1 ,0 ,0 ,0 ,0 ,-1.984 ,2.951 | 0
0 ,0 ,-2.667 ,0 ,0 ,1.079 ,-1.408 ,0.539 | 0
0 ,0 ,0 ,6.625 ,0 ,6.402 ,3.052 ,3.201 | 0
0 ,0 ,0 ,0 ,5.038 ,1.906 ,1.943 ,6.83 | 0
0 ,0 ,0 ,0 ,0 ,-2.742 ,-3.865 ,0.629 | 0
0 ,0 ,0 ,0 ,0 ,-5.532 ,-9.176 ,-6.599 | 0
0 ,0 ,0 ,0 ,0 ,-1.951 ,-3.554 ,-4.142 | 0

R3 --> R3 + 0.393*R6

3 ,0 ,0 ,0 ,0 ,0 ,-4.23 ,6.689 | 0
0 ,-1 ,0 ,0 ,0 ,0 ,-1.984 ,2.951 | 0
0 ,0 ,-2.667 ,0 ,0 ,0 ,-2.929 ,0.787 | 0
0 ,0 ,0 ,6.625 ,0 ,6.402 ,3.052 ,3.201 | 0
0 ,0 ,0 ,0 ,5.038 ,1.906 ,1.943 ,6.83 | 0
0 ,0 ,0 ,0 ,0 ,-2.742 ,-3.865 ,0.629 | 0
0 ,0 ,0 ,0 ,0 ,-5.532 ,-9.176 ,-6.599 | 0
0 ,0 ,0 ,0 ,0 ,-1.951 ,-3.554 ,-4.142 | 0

R4 --> R4 + 2.335*R6

3 ,0 ,0 ,0 ,0 ,0 ,-4.23 ,6.689 | 0
0 ,-1 ,0 ,0 ,0 ,0 ,-1.984 ,2.951 | 0
0 ,0 ,-2.667 ,0 ,0 ,0 ,-2.929 ,0.787 | 0
0 ,0 ,0 ,6.625 ,0 ,0 ,-5.973 ,4.67 | 0
0 ,0 ,0 ,0 ,5.038 ,1.906 ,1.943 ,6.83 | 0
0 ,0 ,0 ,0 ,0 ,-2.742 ,-3.865 ,0.629 | 0
0 ,0 ,0 ,0 ,0 ,-5.532 ,-9.176 ,-6.599 | 0
0 ,0 ,0 ,0 ,0 ,-1.951 ,-3.554 ,-4.142 | 0

R5 --> R5 + 0.695*R6

3 ,0 ,0 ,0 ,0 ,0 ,-4.23 ,6.689 | 0
0 ,-1 ,0 ,0 ,0 ,0 ,-1.984 ,2.951 | 0
0 ,0 ,-2.667 ,0 ,0 ,0 ,-2.929 ,0.787 | 0
0 ,0 ,0 ,6.625 ,0 ,0 ,-5.973 ,4.67 | 0
0 ,0 ,0 ,0 ,5.038 ,0 ,-0.743 ,7.268 | 0
0 ,0 ,0 ,0 ,0 ,-2.742 ,-3.865 ,0.629 | 0
0 ,0 ,0 ,0 ,0 ,-5.532 ,-9.176 ,-6.599 | 0
0 ,0 ,0 ,0 ,0 ,-1.951 ,-3.554 ,-4.142 | 0

R7 --> R7 - 2.018*R6

3 ,0 ,0 ,0 ,0 ,0 ,-4.23 ,6.689 | 0
0 ,-1 ,0 ,0 ,0 ,0 ,-1.984 ,2.951 | 0
0 ,0 ,-2.667 ,0 ,0 ,0 ,-2.929 ,0.787 | 0
0 ,0 ,0 ,6.625 ,0 ,0 ,-5.973 ,4.67 | 0
0 ,0 ,0 ,0 ,5.038 ,0 ,-0.743 ,7.268 | 0
0 ,0 ,0 ,0 ,0 ,-2.742 ,-3.865 ,0.629 | 0
0 ,0 ,0 ,0 ,0 ,0 ,-1.377 ,-7.869 | 0
0 ,0 ,0 ,0 ,0 ,-1.951 ,-3.554 ,-4.142 | 0

R8 --> R8 - 0.712*R6

3 ,0 ,0 ,0 ,0 ,0 ,-4.23 ,6.689 | 0
0 ,-1 ,0 ,0 ,0 ,0 ,-1.984 ,2.951 | 0
0 ,0 ,-2.667 ,0 ,0 ,0 ,-2.929 ,0.787 | 0
0 ,0 ,0 ,6.625 ,0 ,0 ,-5.973 ,4.67 | 0
0 ,0 ,0 ,0 ,5.038 ,0 ,-0.743 ,7.268 | 0
0 ,0 ,0 ,0 ,0 ,-2.742 ,-3.865 ,0.629 | 0
0 ,0 ,0 ,0 ,0 ,0 ,-1.377 ,-7.869 | 0
0 ,0 ,0 ,0 ,0 ,0 ,-0.803 ,-4.59 | 0

R1 --> R1 - 3.071*R7

3 ,0 ,0 ,0 ,0 ,0 ,0 ,30.857 | 0
0 ,-1 ,0 ,0 ,0 ,0 ,-1.984 ,2.951 | 0
0 ,0 ,-2.667 ,0 ,0 ,0 ,-2.929 ,0.787 | 0
0 ,0 ,0 ,6.625 ,0 ,0 ,-5.973 ,4.67 | 0
0 ,0 ,0 ,0 ,5.038 ,0 ,-0.743 ,7.268 | 0
0 ,0 ,0 ,0 ,0 ,-2.742 ,-3.865 ,0.629 | 0
0 ,0 ,0 ,0 ,0 ,0 ,-1.377 ,-7.869 | 0
0 ,0 ,0 ,0 ,0 ,0 ,-0.803 ,-4.59 | 0

R2 --> R2 - 1.44*R7

3 ,0 ,0 ,0 ,0 ,0 ,0 ,30.857 | 0
0 ,-1 ,0 ,0 ,0 ,0 ,0 ,14.286 | 0
0 ,0 ,-2.667 ,0 ,0 ,0 ,-2.929 ,0.787 | 0
0 ,0 ,0 ,6.625 ,0 ,0 ,-5.973 ,4.67 | 0
0 ,0 ,0 ,0 ,5.038 ,0 ,-0.743 ,7.268 | 0
0 ,0 ,0 ,0 ,0 ,-2.742 ,-3.865 ,0.629 | 0
0 ,0 ,0 ,0 ,0 ,0 ,-1.377 ,-7.869 | 0
0 ,0 ,0 ,0 ,0 ,0 ,-0.803 ,-4.59 | 0

R3 --> R3 - 2.127*R7

3 ,0 ,0 ,0 ,0 ,0 ,0 ,30.857 | 0
0 ,-1 ,0 ,0 ,0 ,0 ,0 ,14.286 | 0
0 ,0 ,-2.667 ,0 ,0 ,0 ,0 ,17.524 | 0
0 ,0 ,0 ,6.625 ,0 ,0 ,-5.973 ,4.67 | 0
0 ,0 ,0 ,0 ,5.038 ,0 ,-0.743 ,7.268 | 0
0 ,0 ,0 ,0 ,0 ,-2.742 ,-3.865 ,0.629 | 0
0 ,0 ,0 ,0 ,0 ,0 ,-1.377 ,-7.869 | 0
0 ,0 ,0 ,0 ,0 ,0 ,-0.803 ,-4.59 | 0

R4 --> R4 - 4.338*R7

3 ,0 ,0 ,0 ,0 ,0 ,0 ,30.857 | 0
0 ,-1 ,0 ,0 ,0 ,0 ,0 ,14.286 | 0
0 ,0 ,-2.667 ,0 ,0 ,0 ,0 ,17.524 | 0
0 ,0 ,0 ,6.625 ,0 ,0 ,0 ,38.804 | 0
0 ,0 ,0 ,0 ,5.038 ,0 ,-0.743 ,7.268 | 0
0 ,0 ,0 ,0 ,0 ,-2.742 ,-3.865 ,0.629 | 0
0 ,0 ,0 ,0 ,0 ,0 ,-1.377 ,-7.869 | 0
0 ,0 ,0 ,0 ,0 ,0 ,-0.803 ,-4.59 | 0

R5 --> R5 - 0.54*R7

3 ,0 ,0 ,0 ,0 ,0 ,0 ,30.857 | 0
0 ,-1 ,0 ,0 ,0 ,0 ,0 ,14.286 | 0
0 ,0 ,-2.667 ,0 ,0 ,0 ,0 ,17.524 | 0
0 ,0 ,0 ,6.625 ,0 ,0 ,0 ,38.804 | 0
0 ,0 ,0 ,0 ,5.038 ,0 ,0 ,11.515 | 0
0 ,0 ,0 ,0 ,0 ,-2.742 ,-3.865 ,0.629 | 0
0 ,0 ,0 ,0 ,0 ,0 ,-1.377 ,-7.869 | 0
0 ,0 ,0 ,0 ,0 ,0 ,-0.803 ,-4.59 | 0

R6 --> R6 - 2.807*R7

3 ,0 ,0 ,0 ,0 ,0 ,0 ,30.857 | 0
0 ,-1 ,0 ,0 ,0 ,0 ,0 ,14.286 | 0
0 ,0 ,-2.667 ,0 ,0 ,0 ,0 ,17.524 | 0
0 ,0 ,0 ,6.625 ,0 ,0 ,0 ,38.804 | 0
0 ,0 ,0 ,0 ,5.038 ,0 ,0 ,11.515 | 0
0 ,0 ,0 ,0 ,0 ,-2.742 ,0 ,22.716 | 0
0 ,0 ,0 ,0 ,0 ,0 ,-1.377 ,-7.869 | 0
0 ,0 ,0 ,0 ,0 ,0 ,-0.803 ,-4.59 | 0

R8 --> R8 - 0.583*R7

3 ,0 ,0 ,0 ,0 ,0 ,0 ,30.857 | 0
0 ,-1 ,0 ,0 ,0 ,0 ,0 ,14.286 | 0
0 ,0 ,-2.667 ,0 ,0 ,0 ,0 ,17.524 | 0
0 ,0 ,0 ,6.625 ,0 ,0 ,0 ,38.804 | 0
0 ,0 ,0 ,0 ,5.038 ,0 ,0 ,11.515 | 0
0 ,0 ,0 ,0 ,0 ,-2.742 ,0 ,22.716 | 0
0 ,0 ,0 ,0 ,0 ,0 ,-1.377 ,-7.869 | 0
0 ,0 ,0 ,0 ,0 ,0 ,0 ,0 | 0

define new column in the vector b when x8 is free variable in R8 space:
3 ,0 ,0 ,0 ,0 ,0 ,0 ,30.857 | 0 ,0
0 ,-1 ,0 ,0 ,0 ,0 ,0 ,14.286 | 0 ,0
0 ,0 ,-2.667 ,0 ,0 ,0 ,0 ,17.524 | 0 ,0
0 ,0 ,0 ,6.625 ,0 ,0 ,0 ,38.804 | 0 ,0
0 ,0 ,0 ,0 ,5.038 ,0 ,0 ,11.515 | 0 ,0
0 ,0 ,0 ,0 ,0 ,-2.742 ,0 ,22.716 | 0 ,0
0 ,0 ,0 ,0 ,0 ,0 ,-1.377 ,-7.869 | 0 ,0
0 ,0 ,0 ,0 ,0 ,0 ,0 ,1 | 0 ,1

R1 --> R1 - 30.857*R8

3 ,0 ,0 ,0 ,0 ,0 ,0 ,0 | 0 ,-30.857
0 ,-1 ,0 ,0 ,0 ,0 ,0 ,14.286 | 0 ,0
0 ,0 ,-2.667 ,0 ,0 ,0 ,0 ,17.524 | 0 ,0
0 ,0 ,0 ,6.625 ,0 ,0 ,0 ,38.804 | 0 ,0
0 ,0 ,0 ,0 ,5.038 ,0 ,0 ,11.515 | 0 ,0
0 ,0 ,0 ,0 ,0 ,-2.742 ,0 ,22.716 | 0 ,0
0 ,0 ,0 ,0 ,0 ,0 ,-1.377 ,-7.869 | 0 ,0
0 ,0 ,0 ,0 ,0 ,0 ,0 ,1 | 0 ,1

R1 --> 0.333*R1

1 ,0 ,0 ,0 ,0 ,0 ,0 ,0 | 0 ,-10.286
0 ,-1 ,0 ,0 ,0 ,0 ,0 ,14.286 | 0 ,0
0 ,0 ,-2.667 ,0 ,0 ,0 ,0 ,17.524 | 0 ,0
0 ,0 ,0 ,6.625 ,0 ,0 ,0 ,38.804 | 0 ,0
0 ,0 ,0 ,0 ,5.038 ,0 ,0 ,11.515 | 0 ,0
0 ,0 ,0 ,0 ,0 ,-2.742 ,0 ,22.716 | 0 ,0
0 ,0 ,0 ,0 ,0 ,0 ,-1.377 ,-7.869 | 0 ,0
0 ,0 ,0 ,0 ,0 ,0 ,0 ,1 | 0 ,1

R2 --> R2 - 14.286*R8

1 ,0 ,0 ,0 ,0 ,0 ,0 ,0 | 0 ,-10.286
0 ,-1 ,0 ,0 ,0 ,0 ,0 ,0 | 0 ,-14.286
0 ,0 ,-2.667 ,0 ,0 ,0 ,0 ,17.524 | 0 ,0
0 ,0 ,0 ,6.625 ,0 ,0 ,0 ,38.804 | 0 ,0
0 ,0 ,0 ,0 ,5.038 ,0 ,0 ,11.515 | 0 ,0
0 ,0 ,0 ,0 ,0 ,-2.742 ,0 ,22.716 | 0 ,0
0 ,0 ,0 ,0 ,0 ,0 ,-1.377 ,-7.869 | 0 ,0
0 ,0 ,0 ,0 ,0 ,0 ,0 ,1 | 0 ,1

R2 --> - R2

1 ,0 ,0 ,0 ,0 ,0 ,0 ,0 | 0 ,-10.286
0 ,1 ,0 ,0 ,0 ,0 ,0 ,0 | 0 ,14.286
0 ,0 ,-2.667 ,0 ,0 ,0 ,0 ,17.524 | 0 ,0
0 ,0 ,0 ,6.625 ,0 ,0 ,0 ,38.804 | 0 ,0
0 ,0 ,0 ,0 ,5.038 ,0 ,0 ,11.515 | 0 ,0
0 ,0 ,0 ,0 ,0 ,-2.742 ,0 ,22.716 | 0 ,0
0 ,0 ,0 ,0 ,0 ,0 ,-1.377 ,-7.869 | 0 ,0
0 ,0 ,0 ,0 ,0 ,0 ,0 ,1 | 0 ,1

R3 --> R3 - 17.524*R8

1 ,0 ,0 ,0 ,0 ,0 ,0 ,0 | 0 ,-10.286
0 ,1 ,0 ,0 ,0 ,0 ,0 ,0 | 0 ,14.286
0 ,0 ,-2.667 ,0 ,0 ,0 ,0 ,0 | 0 ,-17.524
0 ,0 ,0 ,6.625 ,0 ,0 ,0 ,38.804 | 0 ,0
0 ,0 ,0 ,0 ,5.038 ,0 ,0 ,11.515 | 0 ,0
0 ,0 ,0 ,0 ,0 ,-2.742 ,0 ,22.716 | 0 ,0
0 ,0 ,0 ,0 ,0 ,0 ,-1.377 ,-7.869 | 0 ,0
0 ,0 ,0 ,0 ,0 ,0 ,0 ,1 | 0 ,1

R3 --> -0.375*R3

1 ,0 ,0 ,0 ,0 ,0 ,0 ,0 | 0 ,-10.286
0 ,1 ,0 ,0 ,0 ,0 ,0 ,0 | 0 ,14.286
0 ,0 ,1 ,0 ,0 ,0 ,0 ,0 | 0 ,6.571
0 ,0 ,0 ,6.625 ,0 ,0 ,0 ,38.804 | 0 ,0
0 ,0 ,0 ,0 ,5.038 ,0 ,0 ,11.515 | 0 ,0
0 ,0 ,0 ,0 ,0 ,-2.742 ,0 ,22.716 | 0 ,0
0 ,0 ,0 ,0 ,0 ,0 ,-1.377 ,-7.869 | 0 ,0
0 ,0 ,0 ,0 ,0 ,0 ,0 ,1 | 0 ,1

R4 --> R4 - 38.804*R8

1 ,0 ,0 ,0 ,0 ,0 ,0 ,0 | 0 ,-10.286
0 ,1 ,0 ,0 ,0 ,0 ,0 ,0 | 0 ,14.286
0 ,0 ,1 ,0 ,0 ,0 ,0 ,0 | 0 ,6.571
0 ,0 ,0 ,6.625 ,0 ,0 ,0 ,0 | 0 ,-38.804
0 ,0 ,0 ,0 ,5.038 ,0 ,0 ,11.515 | 0 ,0
0 ,0 ,0 ,0 ,0 ,-2.742 ,0 ,22.716 | 0 ,0
0 ,0 ,0 ,0 ,0 ,0 ,-1.377 ,-7.869 | 0 ,0
0 ,0 ,0 ,0 ,0 ,0 ,0 ,1 | 0 ,1

R4 --> 0.151*R4

1 ,0 ,0 ,0 ,0 ,0 ,0 ,0 | 0 ,-10.286
0 ,1 ,0 ,0 ,0 ,0 ,0 ,0 | 0 ,14.286
0 ,0 ,1 ,0 ,0 ,0 ,0 ,0 | 0 ,6.571
0 ,0 ,0 ,1 ,0 ,0 ,0 ,0 | 0 ,-5.857
0 ,0 ,0 ,0 ,5.038 ,0 ,0 ,11.515 | 0 ,0
0 ,0 ,0 ,0 ,0 ,-2.742 ,0 ,22.716 | 0 ,0
0 ,0 ,0 ,0 ,0 ,0 ,-1.377 ,-7.869 | 0 ,0
0 ,0 ,0 ,0 ,0 ,0 ,0 ,1 | 0 ,1

R5 --> R5 - 11.515*R8

1 ,0 ,0 ,0 ,0 ,0 ,0 ,0 | 0 ,-10.286
0 ,1 ,0 ,0 ,0 ,0 ,0 ,0 | 0 ,14.286
0 ,0 ,1 ,0 ,0 ,0 ,0 ,0 | 0 ,6.571
0 ,0 ,0 ,1 ,0 ,0 ,0 ,0 | 0 ,-5.857
0 ,0 ,0 ,0 ,5.038 ,0 ,0 ,0 | 0 ,-11.515
0 ,0 ,0 ,0 ,0 ,-2.742 ,0 ,22.716 | 0 ,0
0 ,0 ,0 ,0 ,0 ,0 ,-1.377 ,-7.869 | 0 ,0
0 ,0 ,0 ,0 ,0 ,0 ,0 ,1 | 0 ,1

R5 --> 0.199*R5

1 ,0 ,0 ,0 ,0 ,0 ,0 ,0 | 0 ,-10.286
0 ,1 ,0 ,0 ,0 ,0 ,0 ,0 | 0 ,14.286
0 ,0 ,1 ,0 ,0 ,0 ,0 ,0 | 0 ,6.571
0 ,0 ,0 ,1 ,0 ,0 ,0 ,0 | 0 ,-5.857
0 ,0 ,0 ,0 ,1 ,0 ,0 ,0 | 0 ,-2.286
0 ,0 ,0 ,0 ,0 ,-2.742 ,0 ,22.716 | 0 ,0
0 ,0 ,0 ,0 ,0 ,0 ,-1.377 ,-7.869 | 0 ,0
0 ,0 ,0 ,0 ,0 ,0 ,0 ,1 | 0 ,1

R6 --> R6 - 22.716*R8

1 ,0 ,0 ,0 ,0 ,0 ,0 ,0 | 0 ,-10.286
0 ,1 ,0 ,0 ,0 ,0 ,0 ,0 | 0 ,14.286
0 ,0 ,1 ,0 ,0 ,0 ,0 ,0 | 0 ,6.571
0 ,0 ,0 ,1 ,0 ,0 ,0 ,0 | 0 ,-5.857
0 ,0 ,0 ,0 ,1 ,0 ,0 ,0 | 0 ,-2.286
0 ,0 ,0 ,0 ,0 ,-2.742 ,0 ,0 | 0 ,-22.716
0 ,0 ,0 ,0 ,0 ,0 ,-1.377 ,-7.869 | 0 ,0
0 ,0 ,0 ,0 ,0 ,0 ,0 ,1 | 0 ,1

R6 --> -0.365*R6

1 ,0 ,0 ,0 ,0 ,0 ,0 ,0 | 0 ,-10.286
0 ,1 ,0 ,0 ,0 ,0 ,0 ,0 | 0 ,14.286
0 ,0 ,1 ,0 ,0 ,0 ,0 ,0 | 0 ,6.571
0 ,0 ,0 ,1 ,0 ,0 ,0 ,0 | 0 ,-5.857
0 ,0 ,0 ,0 ,1 ,0 ,0 ,0 | 0 ,-2.286
0 ,0 ,0 ,0 ,0 ,1 ,0 ,0 | 0 ,8.286
0 ,0 ,0 ,0 ,0 ,0 ,-1.377 ,-7.869 | 0 ,0
0 ,0 ,0 ,0 ,0 ,0 ,0 ,1 | 0 ,1

R7 --> R7 + 7.869*R8

1 ,0 ,0 ,0 ,0 ,0 ,0 ,0 | 0 ,-10.286
0 ,1 ,0 ,0 ,0 ,0 ,0 ,0 | 0 ,14.286
0 ,0 ,1 ,0 ,0 ,0 ,0 ,0 | 0 ,6.571
0 ,0 ,0 ,1 ,0 ,0 ,0 ,0 | 0 ,-5.857
0 ,0 ,0 ,0 ,1 ,0 ,0 ,0 | 0 ,-2.286
0 ,0 ,0 ,0 ,0 ,1 ,0 ,0 | 0 ,8.286
0 ,0 ,0 ,0 ,0 ,0 ,-1.377 ,0 | 0 ,7.869
0 ,0 ,0 ,0 ,0 ,0 ,0 ,1 | 0 ,1

R7 --> -0.726*R7

1 ,0 ,0 ,0 ,0 ,0 ,0 ,0 | 0 ,-10.286
0 ,1 ,0 ,0 ,0 ,0 ,0 ,0 | 0 ,14.286
0 ,0 ,1 ,0 ,0 ,0 ,0 ,0 | 0 ,6.571
0 ,0 ,0 ,1 ,0 ,0 ,0 ,0 | 0 ,-5.857
0 ,0 ,0 ,0 ,1 ,0 ,0 ,0 | 0 ,-2.286
0 ,0 ,0 ,0 ,0 ,1 ,0 ,0 | 0 ,8.286
0 ,0 ,0 ,0 ,0 ,0 ,1 ,0 | 0 ,-5.714
0 ,0 ,0 ,0 ,0 ,0 ,0 ,1 | 0 ,1

the solution is an infinite set of vectors in R8 space which are linearly dependents in the vector space:
x = λ*(-10.286 ,14.286 ,6.571 ,-5.857 ,-2.286 ,8.286 ,-5.714 ,1) when λ it's a free scalar that belongs to the R set
