solve the next system in R8 space (8 equations)(8 unknowns):
eq1: -   x1        -   x3 +   x4 - 2*x5                       = 0
eq2: + 2*x1 + 4*x2 + 2*x3        -   x5 - 4*x6 - 4*x7 - 3*x8  = 0
eq3: + 4*x1 -   x2 + 4*x3 - 3*x4 +   x5               - 2*x8  = 0
eq4: + 3*x1 - 4*x2 - 3*x3 -   x4 + 3*x5        + 2*x7 +   x8  = 0
eq5: +   x1 +   x2 +   x3 -   x4 - 3*x5 +   x6 +   x7 + 3*x8  = 0
eq6: + 3*x1 + 3*x2        -   x4 - 2*x5 -   x6        + 4*x8  = 0
eq7: +   x1 - 3*x2 - 2*x3 + 2*x4        - 3*x6 - 2*x7 - 2*x8  = 0
eq8:        - 3*x2        + 3*x4 + 4*x5                       = 0

-1 ,0 ,-1 ,1 ,-2 ,0 ,0 ,0 | 0
2 ,4 ,2 ,0 ,-1 ,-4 ,-4 ,-3 | 0
4 ,-1 ,4 ,-3 ,1 ,0 ,0 ,-2 | 0
3 ,-4 ,-3 ,-1 ,3 ,0 ,2 ,1 | 0
1 ,1 ,1 ,-1 ,-3 ,1 ,1 ,3 | 0
3 ,3 ,0 ,-1 ,-2 ,-1 ,0 ,4 | 0
1 ,-3 ,-2 ,2 ,0 ,-3 ,-2 ,-2 | 0
0 ,-3 ,0 ,3 ,4 ,0 ,0 ,0 | 0

implement the solution by ranking rows method:
transform A matrix to I by a ranking rows:
R2 --> R2 + 2*R1

-1 ,0 ,-1 ,1 ,-2 ,0 ,0 ,0 | 0
0 ,4 ,0 ,2 ,-5 ,-4 ,-4 ,-3 | 0
4 ,-1 ,4 ,-3 ,1 ,0 ,0 ,-2 | 0
3 ,-4 ,-3 ,-1 ,3 ,0 ,2 ,1 | 0
1 ,1 ,1 ,-1 ,-3 ,1 ,1 ,3 | 0
3 ,3 ,0 ,-1 ,-2 ,-1 ,0 ,4 | 0
1 ,-3 ,-2 ,2 ,0 ,-3 ,-2 ,-2 | 0
0 ,-3 ,0 ,3 ,4 ,0 ,0 ,0 | 0

R3 --> R3 + 4*R1

-1 ,0 ,-1 ,1 ,-2 ,0 ,0 ,0 | 0
0 ,4 ,0 ,2 ,-5 ,-4 ,-4 ,-3 | 0
0 ,-1 ,0 ,1 ,-7 ,0 ,0 ,-2 | 0
3 ,-4 ,-3 ,-1 ,3 ,0 ,2 ,1 | 0
1 ,1 ,1 ,-1 ,-3 ,1 ,1 ,3 | 0
3 ,3 ,0 ,-1 ,-2 ,-1 ,0 ,4 | 0
1 ,-3 ,-2 ,2 ,0 ,-3 ,-2 ,-2 | 0
0 ,-3 ,0 ,3 ,4 ,0 ,0 ,0 | 0

R4 --> R4 + 3*R1

-1 ,0 ,-1 ,1 ,-2 ,0 ,0 ,0 | 0
0 ,4 ,0 ,2 ,-5 ,-4 ,-4 ,-3 | 0
0 ,-1 ,0 ,1 ,-7 ,0 ,0 ,-2 | 0
0 ,-4 ,-6 ,2 ,-3 ,0 ,2 ,1 | 0
1 ,1 ,1 ,-1 ,-3 ,1 ,1 ,3 | 0
3 ,3 ,0 ,-1 ,-2 ,-1 ,0 ,4 | 0
1 ,-3 ,-2 ,2 ,0 ,-3 ,-2 ,-2 | 0
0 ,-3 ,0 ,3 ,4 ,0 ,0 ,0 | 0

R5 --> R5 + R1

-1 ,0 ,-1 ,1 ,-2 ,0 ,0 ,0 | 0
0 ,4 ,0 ,2 ,-5 ,-4 ,-4 ,-3 | 0
0 ,-1 ,0 ,1 ,-7 ,0 ,0 ,-2 | 0
0 ,-4 ,-6 ,2 ,-3 ,0 ,2 ,1 | 0
0 ,1 ,0 ,0 ,-5 ,1 ,1 ,3 | 0
3 ,3 ,0 ,-1 ,-2 ,-1 ,0 ,4 | 0
1 ,-3 ,-2 ,2 ,0 ,-3 ,-2 ,-2 | 0
0 ,-3 ,0 ,3 ,4 ,0 ,0 ,0 | 0

R6 --> R6 + 3*R1

-1 ,0 ,-1 ,1 ,-2 ,0 ,0 ,0 | 0
0 ,4 ,0 ,2 ,-5 ,-4 ,-4 ,-3 | 0
0 ,-1 ,0 ,1 ,-7 ,0 ,0 ,-2 | 0
0 ,-4 ,-6 ,2 ,-3 ,0 ,2 ,1 | 0
0 ,1 ,0 ,0 ,-5 ,1 ,1 ,3 | 0
0 ,3 ,-3 ,2 ,-8 ,-1 ,0 ,4 | 0
1 ,-3 ,-2 ,2 ,0 ,-3 ,-2 ,-2 | 0
0 ,-3 ,0 ,3 ,4 ,0 ,0 ,0 | 0

R7 --> R7 + R1

-1 ,0 ,-1 ,1 ,-2 ,0 ,0 ,0 | 0
0 ,4 ,0 ,2 ,-5 ,-4 ,-4 ,-3 | 0
0 ,-1 ,0 ,1 ,-7 ,0 ,0 ,-2 | 0
0 ,-4 ,-6 ,2 ,-3 ,0 ,2 ,1 | 0
0 ,1 ,0 ,0 ,-5 ,1 ,1 ,3 | 0
0 ,3 ,-3 ,2 ,-8 ,-1 ,0 ,4 | 0
0 ,-3 ,-3 ,3 ,-2 ,-3 ,-2 ,-2 | 0
0 ,-3 ,0 ,3 ,4 ,0 ,0 ,0 | 0

R3 --> R3 + 0.25*R2

-1 ,0 ,-1 ,1 ,-2 ,0 ,0 ,0 | 0
0 ,4 ,0 ,2 ,-5 ,-4 ,-4 ,-3 | 0
0 ,0 ,0 ,1.5 ,-8.25 ,-1 ,-1 ,-2.75 | 0
0 ,-4 ,-6 ,2 ,-3 ,0 ,2 ,1 | 0
0 ,1 ,0 ,0 ,-5 ,1 ,1 ,3 | 0
0 ,3 ,-3 ,2 ,-8 ,-1 ,0 ,4 | 0
0 ,-3 ,-3 ,3 ,-2 ,-3 ,-2 ,-2 | 0
0 ,-3 ,0 ,3 ,4 ,0 ,0 ,0 | 0

R4 --> R4 + R2

-1 ,0 ,-1 ,1 ,-2 ,0 ,0 ,0 | 0
0 ,4 ,0 ,2 ,-5 ,-4 ,-4 ,-3 | 0
0 ,0 ,0 ,1.5 ,-8.25 ,-1 ,-1 ,-2.75 | 0
0 ,0 ,-6 ,4 ,-8 ,-4 ,-2 ,-2 | 0
0 ,1 ,0 ,0 ,-5 ,1 ,1 ,3 | 0
0 ,3 ,-3 ,2 ,-8 ,-1 ,0 ,4 | 0
0 ,-3 ,-3 ,3 ,-2 ,-3 ,-2 ,-2 | 0
0 ,-3 ,0 ,3 ,4 ,0 ,0 ,0 | 0

R5 --> R5 - 0.25*R2

-1 ,0 ,-1 ,1 ,-2 ,0 ,0 ,0 | 0
0 ,4 ,0 ,2 ,-5 ,-4 ,-4 ,-3 | 0
0 ,0 ,0 ,1.5 ,-8.25 ,-1 ,-1 ,-2.75 | 0
0 ,0 ,-6 ,4 ,-8 ,-4 ,-2 ,-2 | 0
0 ,0 ,0 ,-0.5 ,-3.75 ,2 ,2 ,3.75 | 0
0 ,3 ,-3 ,2 ,-8 ,-1 ,0 ,4 | 0
0 ,-3 ,-3 ,3 ,-2 ,-3 ,-2 ,-2 | 0
0 ,-3 ,0 ,3 ,4 ,0 ,0 ,0 | 0

R6 --> R6 - 0.75*R2

-1 ,0 ,-1 ,1 ,-2 ,0 ,0 ,0 | 0
0 ,4 ,0 ,2 ,-5 ,-4 ,-4 ,-3 | 0
0 ,0 ,0 ,1.5 ,-8.25 ,-1 ,-1 ,-2.75 | 0
0 ,0 ,-6 ,4 ,-8 ,-4 ,-2 ,-2 | 0
0 ,0 ,0 ,-0.5 ,-3.75 ,2 ,2 ,3.75 | 0
0 ,0 ,-3 ,0.5 ,-4.25 ,2 ,3 ,6.25 | 0
0 ,-3 ,-3 ,3 ,-2 ,-3 ,-2 ,-2 | 0
0 ,-3 ,0 ,3 ,4 ,0 ,0 ,0 | 0

R7 --> R7 + 0.75*R2

-1 ,0 ,-1 ,1 ,-2 ,0 ,0 ,0 | 0
0 ,4 ,0 ,2 ,-5 ,-4 ,-4 ,-3 | 0
0 ,0 ,0 ,1.5 ,-8.25 ,-1 ,-1 ,-2.75 | 0
0 ,0 ,-6 ,4 ,-8 ,-4 ,-2 ,-2 | 0
0 ,0 ,0 ,-0.5 ,-3.75 ,2 ,2 ,3.75 | 0
0 ,0 ,-3 ,0.5 ,-4.25 ,2 ,3 ,6.25 | 0
0 ,0 ,-3 ,4.5 ,-5.75 ,-6 ,-5 ,-4.25 | 0
0 ,-3 ,0 ,3 ,4 ,0 ,0 ,0 | 0

R8 --> R8 + 0.75*R2

-1 ,0 ,-1 ,1 ,-2 ,0 ,0 ,0 | 0
0 ,4 ,0 ,2 ,-5 ,-4 ,-4 ,-3 | 0
0 ,0 ,0 ,1.5 ,-8.25 ,-1 ,-1 ,-2.75 | 0
0 ,0 ,-6 ,4 ,-8 ,-4 ,-2 ,-2 | 0
0 ,0 ,0 ,-0.5 ,-3.75 ,2 ,2 ,3.75 | 0
0 ,0 ,-3 ,0.5 ,-4.25 ,2 ,3 ,6.25 | 0
0 ,0 ,-3 ,4.5 ,-5.75 ,-6 ,-5 ,-4.25 | 0
0 ,0 ,0 ,4.5 ,0.25 ,-3 ,-3 ,-2.25 | 0

R3 <--> R4

-1 ,0 ,-1 ,1 ,-2 ,0 ,0 ,0 | 0
0 ,4 ,0 ,2 ,-5 ,-4 ,-4 ,-3 | 0
0 ,0 ,-6 ,4 ,-8 ,-4 ,-2 ,-2 | 0
0 ,0 ,0 ,1.5 ,-8.25 ,-1 ,-1 ,-2.75 | 0
0 ,0 ,0 ,-0.5 ,-3.75 ,2 ,2 ,3.75 | 0
0 ,0 ,-3 ,0.5 ,-4.25 ,2 ,3 ,6.25 | 0
0 ,0 ,-3 ,4.5 ,-5.75 ,-6 ,-5 ,-4.25 | 0
0 ,0 ,0 ,4.5 ,0.25 ,-3 ,-3 ,-2.25 | 0

R1 --> R1 - 0.167*R3

-1 ,0 ,0 ,0.333 ,-0.667 ,0.667 ,0.333 ,0.333 | 0
0 ,4 ,0 ,2 ,-5 ,-4 ,-4 ,-3 | 0
0 ,0 ,-6 ,4 ,-8 ,-4 ,-2 ,-2 | 0
0 ,0 ,0 ,1.5 ,-8.25 ,-1 ,-1 ,-2.75 | 0
0 ,0 ,0 ,-0.5 ,-3.75 ,2 ,2 ,3.75 | 0
0 ,0 ,-3 ,0.5 ,-4.25 ,2 ,3 ,6.25 | 0
0 ,0 ,-3 ,4.5 ,-5.75 ,-6 ,-5 ,-4.25 | 0
0 ,0 ,0 ,4.5 ,0.25 ,-3 ,-3 ,-2.25 | 0

R6 --> R6 - 0.5*R3

-1 ,0 ,0 ,0.333 ,-0.667 ,0.667 ,0.333 ,0.333 | 0
0 ,4 ,0 ,2 ,-5 ,-4 ,-4 ,-3 | 0
0 ,0 ,-6 ,4 ,-8 ,-4 ,-2 ,-2 | 0
0 ,0 ,0 ,1.5 ,-8.25 ,-1 ,-1 ,-2.75 | 0
0 ,0 ,0 ,-0.5 ,-3.75 ,2 ,2 ,3.75 | 0
0 ,0 ,0 ,-1.5 ,-0.25 ,4 ,4 ,7.25 | 0
0 ,0 ,-3 ,4.5 ,-5.75 ,-6 ,-5 ,-4.25 | 0
0 ,0 ,0 ,4.5 ,0.25 ,-3 ,-3 ,-2.25 | 0

R7 --> R7 - 0.5*R3

-1 ,0 ,0 ,0.333 ,-0.667 ,0.667 ,0.333 ,0.333 | 0
0 ,4 ,0 ,2 ,-5 ,-4 ,-4 ,-3 | 0
0 ,0 ,-6 ,4 ,-8 ,-4 ,-2 ,-2 | 0
0 ,0 ,0 ,1.5 ,-8.25 ,-1 ,-1 ,-2.75 | 0
0 ,0 ,0 ,-0.5 ,-3.75 ,2 ,2 ,3.75 | 0
0 ,0 ,0 ,-1.5 ,-0.25 ,4 ,4 ,7.25 | 0
0 ,0 ,0 ,2.5 ,-1.75 ,-4 ,-4 ,-3.25 | 0
0 ,0 ,0 ,4.5 ,0.25 ,-3 ,-3 ,-2.25 | 0

R1 --> R1 - 0.222*R4

-1 ,0 ,0 ,0 ,1.167 ,0.889 ,0.556 ,0.944 | 0
0 ,4 ,0 ,2 ,-5 ,-4 ,-4 ,-3 | 0
0 ,0 ,-6 ,4 ,-8 ,-4 ,-2 ,-2 | 0
0 ,0 ,0 ,1.5 ,-8.25 ,-1 ,-1 ,-2.75 | 0
0 ,0 ,0 ,-0.5 ,-3.75 ,2 ,2 ,3.75 | 0
0 ,0 ,0 ,-1.5 ,-0.25 ,4 ,4 ,7.25 | 0
0 ,0 ,0 ,2.5 ,-1.75 ,-4 ,-4 ,-3.25 | 0
0 ,0 ,0 ,4.5 ,0.25 ,-3 ,-3 ,-2.25 | 0

R2 --> R2 - 1.333*R4

-1 ,0 ,0 ,0 ,1.167 ,0.889 ,0.556 ,0.944 | 0
0 ,4 ,0 ,0 ,6 ,-2.667 ,-2.667 ,0.667 | 0
0 ,0 ,-6 ,4 ,-8 ,-4 ,-2 ,-2 | 0
0 ,0 ,0 ,1.5 ,-8.25 ,-1 ,-1 ,-2.75 | 0
0 ,0 ,0 ,-0.5 ,-3.75 ,2 ,2 ,3.75 | 0
0 ,0 ,0 ,-1.5 ,-0.25 ,4 ,4 ,7.25 | 0
0 ,0 ,0 ,2.5 ,-1.75 ,-4 ,-4 ,-3.25 | 0
0 ,0 ,0 ,4.5 ,0.25 ,-3 ,-3 ,-2.25 | 0

R3 --> R3 - 2.667*R4

-1 ,0 ,0 ,0 ,1.167 ,0.889 ,0.556 ,0.944 | 0
0 ,4 ,0 ,0 ,6 ,-2.667 ,-2.667 ,0.667 | 0
0 ,0 ,-6 ,0 ,14 ,-1.333 ,0.667 ,5.333 | 0
0 ,0 ,0 ,1.5 ,-8.25 ,-1 ,-1 ,-2.75 | 0
0 ,0 ,0 ,-0.5 ,-3.75 ,2 ,2 ,3.75 | 0
0 ,0 ,0 ,-1.5 ,-0.25 ,4 ,4 ,7.25 | 0
0 ,0 ,0 ,2.5 ,-1.75 ,-4 ,-4 ,-3.25 | 0
0 ,0 ,0 ,4.5 ,0.25 ,-3 ,-3 ,-2.25 | 0

R5 --> R5 + 0.333*R4

-1 ,0 ,0 ,0 ,1.167 ,0.889 ,0.556 ,0.944 | 0
0 ,4 ,0 ,0 ,6 ,-2.667 ,-2.667 ,0.667 | 0
0 ,0 ,-6 ,0 ,14 ,-1.333 ,0.667 ,5.333 | 0
0 ,0 ,0 ,1.5 ,-8.25 ,-1 ,-1 ,-2.75 | 0
0 ,0 ,0 ,0 ,-6.5 ,1.667 ,1.667 ,2.833 | 0
0 ,0 ,0 ,-1.5 ,-0.25 ,4 ,4 ,7.25 | 0
0 ,0 ,0 ,2.5 ,-1.75 ,-4 ,-4 ,-3.25 | 0
0 ,0 ,0 ,4.5 ,0.25 ,-3 ,-3 ,-2.25 | 0

R6 --> R6 + R4

-1 ,0 ,0 ,0 ,1.167 ,0.889 ,0.556 ,0.944 | 0
0 ,4 ,0 ,0 ,6 ,-2.667 ,-2.667 ,0.667 | 0
0 ,0 ,-6 ,0 ,14 ,-1.333 ,0.667 ,5.333 | 0
0 ,0 ,0 ,1.5 ,-8.25 ,-1 ,-1 ,-2.75 | 0
0 ,0 ,0 ,0 ,-6.5 ,1.667 ,1.667 ,2.833 | 0
0 ,0 ,0 ,0 ,-8.5 ,3 ,3 ,4.5 | 0
0 ,0 ,0 ,2.5 ,-1.75 ,-4 ,-4 ,-3.25 | 0
0 ,0 ,0 ,4.5 ,0.25 ,-3 ,-3 ,-2.25 | 0

R7 --> R7 - 1.667*R4

-1 ,0 ,0 ,0 ,1.167 ,0.889 ,0.556 ,0.944 | 0
0 ,4 ,0 ,0 ,6 ,-2.667 ,-2.667 ,0.667 | 0
0 ,0 ,-6 ,0 ,14 ,-1.333 ,0.667 ,5.333 | 0
0 ,0 ,0 ,1.5 ,-8.25 ,-1 ,-1 ,-2.75 | 0
0 ,0 ,0 ,0 ,-6.5 ,1.667 ,1.667 ,2.833 | 0
0 ,0 ,0 ,0 ,-8.5 ,3 ,3 ,4.5 | 0
0 ,0 ,0 ,0 ,12 ,-2.333 ,-2.333 ,1.333 | 0
0 ,0 ,0 ,4.5 ,0.25 ,-3 ,-3 ,-2.25 | 0

R8 --> R8 - 3*R4

-1 ,0 ,0 ,0 ,1.167 ,0.889 ,0.556 ,0.944 | 0
0 ,4 ,0 ,0 ,6 ,-2.667 ,-2.667 ,0.667 | 0
0 ,0 ,-6 ,0 ,14 ,-1.333 ,0.667 ,5.333 | 0
0 ,0 ,0 ,1.5 ,-8.25 ,-1 ,-1 ,-2.75 | 0
0 ,0 ,0 ,0 ,-6.5 ,1.667 ,1.667 ,2.833 | 0
0 ,0 ,0 ,0 ,-8.5 ,3 ,3 ,4.5 | 0
0 ,0 ,0 ,0 ,12 ,-2.333 ,-2.333 ,1.333 | 0
0 ,0 ,0 ,0 ,25 ,0 ,0 ,6 | 0

R1 --> R1 + 0.179*R5

-1 ,0 ,0 ,0 ,0 ,1.188 ,0.855 ,1.453 | 0
0 ,4 ,0 ,0 ,6 ,-2.667 ,-2.667 ,0.667 | 0
0 ,0 ,-6 ,0 ,14 ,-1.333 ,0.667 ,5.333 | 0
0 ,0 ,0 ,1.5 ,-8.25 ,-1 ,-1 ,-2.75 | 0
0 ,0 ,0 ,0 ,-6.5 ,1.667 ,1.667 ,2.833 | 0
0 ,0 ,0 ,0 ,-8.5 ,3 ,3 ,4.5 | 0
0 ,0 ,0 ,0 ,12 ,-2.333 ,-2.333 ,1.333 | 0
0 ,0 ,0 ,0 ,25 ,0 ,0 ,6 | 0

R2 --> R2 + 0.923*R5

-1 ,0 ,0 ,0 ,0 ,1.188 ,0.855 ,1.453 | 0
0 ,4 ,0 ,0 ,0 ,-1.128 ,-1.128 ,3.282 | 0
0 ,0 ,-6 ,0 ,14 ,-1.333 ,0.667 ,5.333 | 0
0 ,0 ,0 ,1.5 ,-8.25 ,-1 ,-1 ,-2.75 | 0
0 ,0 ,0 ,0 ,-6.5 ,1.667 ,1.667 ,2.833 | 0
0 ,0 ,0 ,0 ,-8.5 ,3 ,3 ,4.5 | 0
0 ,0 ,0 ,0 ,12 ,-2.333 ,-2.333 ,1.333 | 0
0 ,0 ,0 ,0 ,25 ,0 ,0 ,6 | 0

R3 --> R3 + 2.154*R5

-1 ,0 ,0 ,0 ,0 ,1.188 ,0.855 ,1.453 | 0
0 ,4 ,0 ,0 ,0 ,-1.128 ,-1.128 ,3.282 | 0
0 ,0 ,-6 ,0 ,0 ,2.256 ,4.256 ,11.436 | 0
0 ,0 ,0 ,1.5 ,-8.25 ,-1 ,-1 ,-2.75 | 0
0 ,0 ,0 ,0 ,-6.5 ,1.667 ,1.667 ,2.833 | 0
0 ,0 ,0 ,0 ,-8.5 ,3 ,3 ,4.5 | 0
0 ,0 ,0 ,0 ,12 ,-2.333 ,-2.333 ,1.333 | 0
0 ,0 ,0 ,0 ,25 ,0 ,0 ,6 | 0

R4 --> R4 - 1.269*R5

-1 ,0 ,0 ,0 ,0 ,1.188 ,0.855 ,1.453 | 0
0 ,4 ,0 ,0 ,0 ,-1.128 ,-1.128 ,3.282 | 0
0 ,0 ,-6 ,0 ,0 ,2.256 ,4.256 ,11.436 | 0
0 ,0 ,0 ,1.5 ,0 ,-3.115 ,-3.115 ,-6.346 | 0
0 ,0 ,0 ,0 ,-6.5 ,1.667 ,1.667 ,2.833 | 0
0 ,0 ,0 ,0 ,-8.5 ,3 ,3 ,4.5 | 0
0 ,0 ,0 ,0 ,12 ,-2.333 ,-2.333 ,1.333 | 0
0 ,0 ,0 ,0 ,25 ,0 ,0 ,6 | 0

R6 --> R6 - 1.308*R5

-1 ,0 ,0 ,0 ,0 ,1.188 ,0.855 ,1.453 | 0
0 ,4 ,0 ,0 ,0 ,-1.128 ,-1.128 ,3.282 | 0
0 ,0 ,-6 ,0 ,0 ,2.256 ,4.256 ,11.436 | 0
0 ,0 ,0 ,1.5 ,0 ,-3.115 ,-3.115 ,-6.346 | 0
0 ,0 ,0 ,0 ,-6.5 ,1.667 ,1.667 ,2.833 | 0
0 ,0 ,0 ,0 ,0 ,0.821 ,0.821 ,0.795 | 0
0 ,0 ,0 ,0 ,12 ,-2.333 ,-2.333 ,1.333 | 0
0 ,0 ,0 ,0 ,25 ,0 ,0 ,6 | 0

R7 --> R7 + 1.846*R5

-1 ,0 ,0 ,0 ,0 ,1.188 ,0.855 ,1.453 | 0
0 ,4 ,0 ,0 ,0 ,-1.128 ,-1.128 ,3.282 | 0
0 ,0 ,-6 ,0 ,0 ,2.256 ,4.256 ,11.436 | 0
0 ,0 ,0 ,1.5 ,0 ,-3.115 ,-3.115 ,-6.346 | 0
0 ,0 ,0 ,0 ,-6.5 ,1.667 ,1.667 ,2.833 | 0
0 ,0 ,0 ,0 ,0 ,0.821 ,0.821 ,0.795 | 0
0 ,0 ,0 ,0 ,0 ,0.744 ,0.744 ,6.564 | 0
0 ,0 ,0 ,0 ,25 ,0 ,0 ,6 | 0

R8 --> R8 + 3.846*R5

-1 ,0 ,0 ,0 ,0 ,1.188 ,0.855 ,1.453 | 0
0 ,4 ,0 ,0 ,0 ,-1.128 ,-1.128 ,3.282 | 0
0 ,0 ,-6 ,0 ,0 ,2.256 ,4.256 ,11.436 | 0
0 ,0 ,0 ,1.5 ,0 ,-3.115 ,-3.115 ,-6.346 | 0
0 ,0 ,0 ,0 ,-6.5 ,1.667 ,1.667 ,2.833 | 0
0 ,0 ,0 ,0 ,0 ,0.821 ,0.821 ,0.795 | 0
0 ,0 ,0 ,0 ,0 ,0.744 ,0.744 ,6.564 | 0
0 ,0 ,0 ,0 ,0 ,6.41 ,6.41 ,16.897 | 0

R1 --> R1 - 1.448*R6

-1 ,0 ,0 ,0 ,0 ,0 ,-0.333 ,0.302 | 0
0 ,4 ,0 ,0 ,0 ,-1.128 ,-1.128 ,3.282 | 0
0 ,0 ,-6 ,0 ,0 ,2.256 ,4.256 ,11.436 | 0
0 ,0 ,0 ,1.5 ,0 ,-3.115 ,-3.115 ,-6.346 | 0
0 ,0 ,0 ,0 ,-6.5 ,1.667 ,1.667 ,2.833 | 0
0 ,0 ,0 ,0 ,0 ,0.821 ,0.821 ,0.795 | 0
0 ,0 ,0 ,0 ,0 ,0.744 ,0.744 ,6.564 | 0
0 ,0 ,0 ,0 ,0 ,6.41 ,6.41 ,16.897 | 0

R2 --> R2 + 1.375*R6

-1 ,0 ,0 ,0 ,0 ,0 ,-0.333 ,0.302 | 0
0 ,4 ,0 ,0 ,0 ,0 ,0 ,4.375 | 0
0 ,0 ,-6 ,0 ,0 ,2.256 ,4.256 ,11.436 | 0
0 ,0 ,0 ,1.5 ,0 ,-3.115 ,-3.115 ,-6.346 | 0
0 ,0 ,0 ,0 ,-6.5 ,1.667 ,1.667 ,2.833 | 0
0 ,0 ,0 ,0 ,0 ,0.821 ,0.821 ,0.795 | 0
0 ,0 ,0 ,0 ,0 ,0.744 ,0.744 ,6.564 | 0
0 ,0 ,0 ,0 ,0 ,6.41 ,6.41 ,16.897 | 0

R3 --> R3 - 2.75*R6

-1 ,0 ,0 ,0 ,0 ,0 ,-0.333 ,0.302 | 0
0 ,4 ,0 ,0 ,0 ,0 ,0 ,4.375 | 0
0 ,0 ,-6 ,0 ,0 ,0 ,2 ,9.25 | 0
0 ,0 ,0 ,1.5 ,0 ,-3.115 ,-3.115 ,-6.346 | 0
0 ,0 ,0 ,0 ,-6.5 ,1.667 ,1.667 ,2.833 | 0
0 ,0 ,0 ,0 ,0 ,0.821 ,0.821 ,0.795 | 0
0 ,0 ,0 ,0 ,0 ,0.744 ,0.744 ,6.564 | 0
0 ,0 ,0 ,0 ,0 ,6.41 ,6.41 ,16.897 | 0

R4 --> R4 + 3.797*R6

-1 ,0 ,0 ,0 ,0 ,0 ,-0.333 ,0.302 | 0
0 ,4 ,0 ,0 ,0 ,0 ,0 ,4.375 | 0
0 ,0 ,-6 ,0 ,0 ,0 ,2 ,9.25 | 0
0 ,0 ,0 ,1.5 ,0 ,0 ,0 ,-3.328 | 0
0 ,0 ,0 ,0 ,-6.5 ,1.667 ,1.667 ,2.833 | 0
0 ,0 ,0 ,0 ,0 ,0.821 ,0.821 ,0.795 | 0
0 ,0 ,0 ,0 ,0 ,0.744 ,0.744 ,6.564 | 0
0 ,0 ,0 ,0 ,0 ,6.41 ,6.41 ,16.897 | 0

R5 --> R5 - 2.031*R6

-1 ,0 ,0 ,0 ,0 ,0 ,-0.333 ,0.302 | 0
0 ,4 ,0 ,0 ,0 ,0 ,0 ,4.375 | 0
0 ,0 ,-6 ,0 ,0 ,0 ,2 ,9.25 | 0
0 ,0 ,0 ,1.5 ,0 ,0 ,0 ,-3.328 | 0
0 ,0 ,0 ,0 ,-6.5 ,0 ,0 ,1.219 | 0
0 ,0 ,0 ,0 ,0 ,0.821 ,0.821 ,0.795 | 0
0 ,0 ,0 ,0 ,0 ,0.744 ,0.744 ,6.564 | 0
0 ,0 ,0 ,0 ,0 ,6.41 ,6.41 ,16.897 | 0

R7 --> R7 - 0.906*R6

-1 ,0 ,0 ,0 ,0 ,0 ,-0.333 ,0.302 | 0
0 ,4 ,0 ,0 ,0 ,0 ,0 ,4.375 | 0
0 ,0 ,-6 ,0 ,0 ,0 ,2 ,9.25 | 0
0 ,0 ,0 ,1.5 ,0 ,0 ,0 ,-3.328 | 0
0 ,0 ,0 ,0 ,-6.5 ,0 ,0 ,1.219 | 0
0 ,0 ,0 ,0 ,0 ,0.821 ,0.821 ,0.795 | 0
0 ,0 ,0 ,0 ,0 ,0 ,0 ,5.844 | 0
0 ,0 ,0 ,0 ,0 ,6.41 ,6.41 ,16.897 | 0

R7 --> 0.171*R7

-1 ,0 ,0 ,0 ,0 ,0 ,-0.333 ,0.302 | 0
0 ,4 ,0 ,0 ,0 ,0 ,0 ,4.375 | 0
0 ,0 ,-6 ,0 ,0 ,0 ,2 ,9.25 | 0
0 ,0 ,0 ,1.5 ,0 ,0 ,0 ,-3.328 | 0
0 ,0 ,0 ,0 ,-6.5 ,0 ,0 ,1.219 | 0
0 ,0 ,0 ,0 ,0 ,0.821 ,0.821 ,0.795 | 0
0 ,0 ,0 ,0 ,0 ,0 ,0 ,1 | 0
0 ,0 ,0 ,0 ,0 ,6.41 ,6.41 ,16.897 | 0

R8 --> R8 - 7.812*R6

-1 ,0 ,0 ,0 ,0 ,0 ,-0.333 ,0.302 | 0
0 ,4 ,0 ,0 ,0 ,0 ,0 ,4.375 | 0
0 ,0 ,-6 ,0 ,0 ,0 ,2 ,9.25 | 0
0 ,0 ,0 ,1.5 ,0 ,0 ,0 ,-3.328 | 0
0 ,0 ,0 ,0 ,-6.5 ,0 ,0 ,1.219 | 0
0 ,0 ,0 ,0 ,0 ,0.821 ,0.821 ,0.795 | 0
0 ,0 ,0 ,0 ,0 ,0 ,0 ,1 | 0
0 ,0 ,0 ,0 ,0 ,0 ,0 ,10.687 | 0

R8 --> 0.094*R8

-1 ,0 ,0 ,0 ,0 ,0 ,-0.333 ,0.302 | 0
0 ,4 ,0 ,0 ,0 ,0 ,0 ,4.375 | 0
0 ,0 ,-6 ,0 ,0 ,0 ,2 ,9.25 | 0
0 ,0 ,0 ,1.5 ,0 ,0 ,0 ,-3.328 | 0
0 ,0 ,0 ,0 ,-6.5 ,0 ,0 ,1.219 | 0
0 ,0 ,0 ,0 ,0 ,0.821 ,0.821 ,0.795 | 0
0 ,0 ,0 ,0 ,0 ,0 ,0 ,1 | 0
0 ,0 ,0 ,0 ,0 ,0 ,0 ,1 | 0

R1 <--> R7

0 ,0 ,0 ,0 ,0 ,0 ,0 ,1 | 0
0 ,4 ,0 ,0 ,0 ,0 ,0 ,4.375 | 0
0 ,0 ,-6 ,0 ,0 ,0 ,2 ,9.25 | 0
0 ,0 ,0 ,1.5 ,0 ,0 ,0 ,-3.328 | 0
0 ,0 ,0 ,0 ,-6.5 ,0 ,0 ,1.219 | 0
0 ,0 ,0 ,0 ,0 ,0.821 ,0.821 ,0.795 | 0
-1 ,0 ,0 ,0 ,0 ,0 ,-0.333 ,0.302 | 0
0 ,0 ,0 ,0 ,0 ,0 ,0 ,1 | 0

R3 --> R3 + 6*R7

0 ,0 ,0 ,0 ,0 ,0 ,0 ,1 | 0
0 ,4 ,0 ,0 ,0 ,0 ,0 ,4.375 | 0
-6 ,0 ,-6 ,0 ,0 ,0 ,0 ,11.063 | 0
0 ,0 ,0 ,1.5 ,0 ,0 ,0 ,-3.328 | 0
0 ,0 ,0 ,0 ,-6.5 ,0 ,0 ,1.219 | 0
0 ,0 ,0 ,0 ,0 ,0.821 ,0.821 ,0.795 | 0
-1 ,0 ,0 ,0 ,0 ,0 ,-0.333 ,0.302 | 0
0 ,0 ,0 ,0 ,0 ,0 ,0 ,1 | 0

R6 --> R6 + 2.462*R7

0 ,0 ,0 ,0 ,0 ,0 ,0 ,1 | 0
0 ,4 ,0 ,0 ,0 ,0 ,0 ,4.375 | 0
-6 ,0 ,-6 ,0 ,0 ,0 ,0 ,11.063 | 0
0 ,0 ,0 ,1.5 ,0 ,0 ,0 ,-3.328 | 0
0 ,0 ,0 ,0 ,-6.5 ,0 ,0 ,1.219 | 0
-2.462 ,0 ,0 ,0 ,0 ,0.821 ,0 ,1.538 | 0
-1 ,0 ,0 ,0 ,0 ,0 ,-0.333 ,0.302 | 0
0 ,0 ,0 ,0 ,0 ,0 ,0 ,1 | 0

R1 --> R1 - R8

0 ,0 ,0 ,0 ,0 ,0 ,0 ,0 | 0
0 ,4 ,0 ,0 ,0 ,0 ,0 ,4.375 | 0
-6 ,0 ,-6 ,0 ,0 ,0 ,0 ,11.063 | 0
0 ,0 ,0 ,1.5 ,0 ,0 ,0 ,-3.328 | 0
0 ,0 ,0 ,0 ,-6.5 ,0 ,0 ,1.219 | 0
-2.462 ,0 ,0 ,0 ,0 ,0.821 ,0 ,1.538 | 0
-1 ,0 ,0 ,0 ,0 ,0 ,-0.333 ,0.302 | 0
0 ,0 ,0 ,0 ,0 ,0 ,0 ,1 | 0

R2 --> R2 - 4.375*R8

0 ,0 ,0 ,0 ,0 ,0 ,0 ,0 | 0
0 ,4 ,0 ,0 ,0 ,0 ,0 ,0 | 0
-6 ,0 ,-6 ,0 ,0 ,0 ,0 ,11.063 | 0
0 ,0 ,0 ,1.5 ,0 ,0 ,0 ,-3.328 | 0
0 ,0 ,0 ,0 ,-6.5 ,0 ,0 ,1.219 | 0
-2.462 ,0 ,0 ,0 ,0 ,0.821 ,0 ,1.538 | 0
-1 ,0 ,0 ,0 ,0 ,0 ,-0.333 ,0.302 | 0
0 ,0 ,0 ,0 ,0 ,0 ,0 ,1 | 0

R2 --> 0.25*R2

0 ,0 ,0 ,0 ,0 ,0 ,0 ,0 | 0
0 ,1 ,0 ,0 ,0 ,0 ,0 ,0 | 0
-6 ,0 ,-6 ,0 ,0 ,0 ,0 ,11.063 | 0
0 ,0 ,0 ,1.5 ,0 ,0 ,0 ,-3.328 | 0
0 ,0 ,0 ,0 ,-6.5 ,0 ,0 ,1.219 | 0
-2.462 ,0 ,0 ,0 ,0 ,0.821 ,0 ,1.538 | 0
-1 ,0 ,0 ,0 ,0 ,0 ,-0.333 ,0.302 | 0
0 ,0 ,0 ,0 ,0 ,0 ,0 ,1 | 0

R3 --> R3 - 11.063*R8

0 ,0 ,0 ,0 ,0 ,0 ,0 ,0 | 0
0 ,1 ,0 ,0 ,0 ,0 ,0 ,0 | 0
-6 ,0 ,-6 ,0 ,0 ,0 ,0 ,0 | 0
0 ,0 ,0 ,1.5 ,0 ,0 ,0 ,-3.328 | 0
0 ,0 ,0 ,0 ,-6.5 ,0 ,0 ,1.219 | 0
-2.462 ,0 ,0 ,0 ,0 ,0.821 ,0 ,1.538 | 0
-1 ,0 ,0 ,0 ,0 ,0 ,-0.333 ,0.302 | 0
0 ,0 ,0 ,0 ,0 ,0 ,0 ,1 | 0

R4 --> R4 + 3.328*R8

0 ,0 ,0 ,0 ,0 ,0 ,0 ,0 | 0
0 ,1 ,0 ,0 ,0 ,0 ,0 ,0 | 0
-6 ,0 ,-6 ,0 ,0 ,0 ,0 ,0 | 0
0 ,0 ,0 ,1.5 ,0 ,0 ,0 ,0 | 0
0 ,0 ,0 ,0 ,-6.5 ,0 ,0 ,1.219 | 0
-2.462 ,0 ,0 ,0 ,0 ,0.821 ,0 ,1.538 | 0
-1 ,0 ,0 ,0 ,0 ,0 ,-0.333 ,0.302 | 0
0 ,0 ,0 ,0 ,0 ,0 ,0 ,1 | 0

R4 --> 0.667*R4

0 ,0 ,0 ,0 ,0 ,0 ,0 ,0 | 0
0 ,1 ,0 ,0 ,0 ,0 ,0 ,0 | 0
-6 ,0 ,-6 ,0 ,0 ,0 ,0 ,0 | 0
0 ,0 ,0 ,1 ,0 ,0 ,0 ,0 | 0
0 ,0 ,0 ,0 ,-6.5 ,0 ,0 ,1.219 | 0
-2.462 ,0 ,0 ,0 ,0 ,0.821 ,0 ,1.538 | 0
-1 ,0 ,0 ,0 ,0 ,0 ,-0.333 ,0.302 | 0
0 ,0 ,0 ,0 ,0 ,0 ,0 ,1 | 0

R5 --> R5 - 1.219*R8

0 ,0 ,0 ,0 ,0 ,0 ,0 ,0 | 0
0 ,1 ,0 ,0 ,0 ,0 ,0 ,0 | 0
-6 ,0 ,-6 ,0 ,0 ,0 ,0 ,0 | 0
0 ,0 ,0 ,1 ,0 ,0 ,0 ,0 | 0
0 ,0 ,0 ,0 ,-6.5 ,0 ,0 ,0 | 0
-2.462 ,0 ,0 ,0 ,0 ,0.821 ,0 ,1.538 | 0
-1 ,0 ,0 ,0 ,0 ,0 ,-0.333 ,0.302 | 0
0 ,0 ,0 ,0 ,0 ,0 ,0 ,1 | 0

R5 --> -0.154*R5

0 ,0 ,0 ,0 ,0 ,0 ,0 ,0 | 0
0 ,1 ,0 ,0 ,0 ,0 ,0 ,0 | 0
-6 ,0 ,-6 ,0 ,0 ,0 ,0 ,0 | 0
0 ,0 ,0 ,1 ,0 ,0 ,0 ,0 | 0
0 ,0 ,0 ,0 ,1 ,0 ,0 ,0 | 0
-2.462 ,0 ,0 ,0 ,0 ,0.821 ,0 ,1.538 | 0
-1 ,0 ,0 ,0 ,0 ,0 ,-0.333 ,0.302 | 0
0 ,0 ,0 ,0 ,0 ,0 ,0 ,1 | 0

R6 --> R6 - 1.538*R8

0 ,0 ,0 ,0 ,0 ,0 ,0 ,0 | 0
0 ,1 ,0 ,0 ,0 ,0 ,0 ,0 | 0
-6 ,0 ,-6 ,0 ,0 ,0 ,0 ,0 | 0
0 ,0 ,0 ,1 ,0 ,0 ,0 ,0 | 0
0 ,0 ,0 ,0 ,1 ,0 ,0 ,0 | 0
-2.462 ,0 ,0 ,0 ,0 ,0.821 ,0 ,0 | 0
-1 ,0 ,0 ,0 ,0 ,0 ,-0.333 ,0.302 | 0
0 ,0 ,0 ,0 ,0 ,0 ,0 ,1 | 0

R7 --> R7 - 0.302*R8

0 ,0 ,0 ,0 ,0 ,0 ,0 ,0 | 0
0 ,1 ,0 ,0 ,0 ,0 ,0 ,0 | 0
-6 ,0 ,-6 ,0 ,0 ,0 ,0 ,0 | 0
0 ,0 ,0 ,1 ,0 ,0 ,0 ,0 | 0
0 ,0 ,0 ,0 ,1 ,0 ,0 ,0 | 0
-2.462 ,0 ,0 ,0 ,0 ,0.821 ,0 ,0 | 0
-1 ,0 ,0 ,0 ,0 ,0 ,-0.333 ,0 | 0
0 ,0 ,0 ,0 ,0 ,0 ,0 ,1 | 0

define a new column in the vector b when x1 is a free variable in R8 space:
1 ,0 ,0 ,0 ,0 ,0 ,0 ,0 | 0 ,1
0 ,1 ,0 ,0 ,0 ,0 ,0 ,0 | 0 ,0
-6 ,0 ,-6 ,0 ,0 ,0 ,0 ,0 | 0 ,0
0 ,0 ,0 ,1 ,0 ,0 ,0 ,0 | 0 ,0
0 ,0 ,0 ,0 ,1 ,0 ,0 ,0 | 0 ,0
-2.462 ,0 ,0 ,0 ,0 ,0.821 ,0 ,0 | 0 ,0
-1 ,0 ,0 ,0 ,0 ,0 ,-0.333 ,0 | 0 ,0
0 ,0 ,0 ,0 ,0 ,0 ,0 ,1 | 0 ,0

R3 --> R3 + 6*R1

1 ,0 ,0 ,0 ,0 ,0 ,0 ,0 | 0 ,1
0 ,1 ,0 ,0 ,0 ,0 ,0 ,0 | 0 ,0
0 ,0 ,-6 ,0 ,0 ,0 ,0 ,0 | 0 ,6
0 ,0 ,0 ,1 ,0 ,0 ,0 ,0 | 0 ,0
0 ,0 ,0 ,0 ,1 ,0 ,0 ,0 | 0 ,0
-2.462 ,0 ,0 ,0 ,0 ,0.821 ,0 ,0 | 0 ,0
-1 ,0 ,0 ,0 ,0 ,0 ,-0.333 ,0 | 0 ,0
0 ,0 ,0 ,0 ,0 ,0 ,0 ,1 | 0 ,0

R3 --> -0.167*R3

1 ,0 ,0 ,0 ,0 ,0 ,0 ,0 | 0 ,1
0 ,1 ,0 ,0 ,0 ,0 ,0 ,0 | 0 ,0
0 ,0 ,1 ,0 ,0 ,0 ,0 ,0 | 0 ,-1
0 ,0 ,0 ,1 ,0 ,0 ,0 ,0 | 0 ,0
0 ,0 ,0 ,0 ,1 ,0 ,0 ,0 | 0 ,0
-2.462 ,0 ,0 ,0 ,0 ,0.821 ,0 ,0 | 0 ,0
-1 ,0 ,0 ,0 ,0 ,0 ,-0.333 ,0 | 0 ,0
0 ,0 ,0 ,0 ,0 ,0 ,0 ,1 | 0 ,0

R6 --> R6 + 2.462*R1

1 ,0 ,0 ,0 ,0 ,0 ,0 ,0 | 0 ,1
0 ,1 ,0 ,0 ,0 ,0 ,0 ,0 | 0 ,0
0 ,0 ,1 ,0 ,0 ,0 ,0 ,0 | 0 ,-1
0 ,0 ,0 ,1 ,0 ,0 ,0 ,0 | 0 ,0
0 ,0 ,0 ,0 ,1 ,0 ,0 ,0 | 0 ,0
0 ,0 ,0 ,0 ,0 ,0.821 ,0 ,0 | 0 ,2.462
-1 ,0 ,0 ,0 ,0 ,0 ,-0.333 ,0 | 0 ,0
0 ,0 ,0 ,0 ,0 ,0 ,0 ,1 | 0 ,0

R6 --> 1.219*R6

1 ,0 ,0 ,0 ,0 ,0 ,0 ,0 | 0 ,1
0 ,1 ,0 ,0 ,0 ,0 ,0 ,0 | 0 ,0
0 ,0 ,1 ,0 ,0 ,0 ,0 ,0 | 0 ,-1
0 ,0 ,0 ,1 ,0 ,0 ,0 ,0 | 0 ,0
0 ,0 ,0 ,0 ,1 ,0 ,0 ,0 | 0 ,0
0 ,0 ,0 ,0 ,0 ,1 ,0 ,0 | 0 ,3
-1 ,0 ,0 ,0 ,0 ,0 ,-0.333 ,0 | 0 ,0
0 ,0 ,0 ,0 ,0 ,0 ,0 ,1 | 0 ,0

R7 --> R7 + R1

1 ,0 ,0 ,0 ,0 ,0 ,0 ,0 | 0 ,1
0 ,1 ,0 ,0 ,0 ,0 ,0 ,0 | 0 ,0
0 ,0 ,1 ,0 ,0 ,0 ,0 ,0 | 0 ,-1
0 ,0 ,0 ,1 ,0 ,0 ,0 ,0 | 0 ,0
0 ,0 ,0 ,0 ,1 ,0 ,0 ,0 | 0 ,0
0 ,0 ,0 ,0 ,0 ,1 ,0 ,0 | 0 ,3
0 ,0 ,0 ,0 ,0 ,0 ,-0.333 ,0 | 0 ,1
0 ,0 ,0 ,0 ,0 ,0 ,0 ,1 | 0 ,0

R7 --> -3*R7

1 ,0 ,0 ,0 ,0 ,0 ,0 ,0 | 0 ,1
0 ,1 ,0 ,0 ,0 ,0 ,0 ,0 | 0 ,0
0 ,0 ,1 ,0 ,0 ,0 ,0 ,0 | 0 ,-1
0 ,0 ,0 ,1 ,0 ,0 ,0 ,0 | 0 ,0
0 ,0 ,0 ,0 ,1 ,0 ,0 ,0 | 0 ,0
0 ,0 ,0 ,0 ,0 ,1 ,0 ,0 | 0 ,3
0 ,0 ,0 ,0 ,0 ,0 ,1 ,0 | 0 ,-3
0 ,0 ,0 ,0 ,0 ,0 ,0 ,1 | 0 ,0

the solution is an infinite set of vectors in R8 space which are linearly dependents in the vector space:
x = λ*(1 ,0 ,-1 ,0 ,0 ,3 ,-3 ,0) when λ it's a free scalar that belongs to the R set
