solve the next system in R8 space (8 equations)(8 unknowns):
eq1:        - 3*x2 +   x3 - 3*x4               + 2*x7 +   x8  = 0
eq2:        + 3*x2 -   x3 + 3*x4 - 3*x5 - 4*x6 - 4*x7 + 2*x8  = 0
eq3: + 2*x1 -   x2        -   x4 - 2*x5 - 2*x6 - 3*x7 + 3*x8  = 0
eq4: + 2*x1 + 4*x2 - 2*x3 +   x4 + 3*x5 + 4*x6 - 4*x7         = 0
eq5: +   x1 -   x2 +   x3 - 4*x4 + 3*x5 + 4*x6        -   x8  = 0
eq6: + 4*x1 - 4*x2 -   x3        + 2*x5        +   x7         = 0
eq7:        - 3*x2        +   x4 - 2*x5 +   x6 + 2*x7 +   x8  = 0
eq8: - 2*x1        -   x3        - 2*x5 + 3*x6 + 3*x7 + 4*x8  = 0

0 ,-3 ,1 ,-3 ,0 ,0 ,2 ,1 | 0
0 ,3 ,-1 ,3 ,-3 ,-4 ,-4 ,2 | 0
2 ,-1 ,0 ,-1 ,-2 ,-2 ,-3 ,3 | 0
2 ,4 ,-2 ,1 ,3 ,4 ,-4 ,0 | 0
1 ,-1 ,1 ,-4 ,3 ,4 ,0 ,-1 | 0
4 ,-4 ,-1 ,0 ,2 ,0 ,1 ,0 | 0
0 ,-3 ,0 ,1 ,-2 ,1 ,2 ,1 | 0
-2 ,0 ,-1 ,0 ,-2 ,3 ,3 ,4 | 0

implement the solution by ranking rows method:
transform A matrix to I by a ranking rows:
R1 <--> R3

2 ,-1 ,0 ,-1 ,-2 ,-2 ,-3 ,3 | 0
0 ,3 ,-1 ,3 ,-3 ,-4 ,-4 ,2 | 0
0 ,-3 ,1 ,-3 ,0 ,0 ,2 ,1 | 0
2 ,4 ,-2 ,1 ,3 ,4 ,-4 ,0 | 0
1 ,-1 ,1 ,-4 ,3 ,4 ,0 ,-1 | 0
4 ,-4 ,-1 ,0 ,2 ,0 ,1 ,0 | 0
0 ,-3 ,0 ,1 ,-2 ,1 ,2 ,1 | 0
-2 ,0 ,-1 ,0 ,-2 ,3 ,3 ,4 | 0

R4 --> R4 - R1

2 ,-1 ,0 ,-1 ,-2 ,-2 ,-3 ,3 | 0
0 ,3 ,-1 ,3 ,-3 ,-4 ,-4 ,2 | 0
0 ,-3 ,1 ,-3 ,0 ,0 ,2 ,1 | 0
0 ,5 ,-2 ,2 ,5 ,6 ,-1 ,-3 | 0
1 ,-1 ,1 ,-4 ,3 ,4 ,0 ,-1 | 0
4 ,-4 ,-1 ,0 ,2 ,0 ,1 ,0 | 0
0 ,-3 ,0 ,1 ,-2 ,1 ,2 ,1 | 0
-2 ,0 ,-1 ,0 ,-2 ,3 ,3 ,4 | 0

R5 --> R5 - 0.5*R1

2 ,-1 ,0 ,-1 ,-2 ,-2 ,-3 ,3 | 0
0 ,3 ,-1 ,3 ,-3 ,-4 ,-4 ,2 | 0
0 ,-3 ,1 ,-3 ,0 ,0 ,2 ,1 | 0
0 ,5 ,-2 ,2 ,5 ,6 ,-1 ,-3 | 0
0 ,-0.5 ,1 ,-3.5 ,4 ,5 ,1.5 ,-2.5 | 0
4 ,-4 ,-1 ,0 ,2 ,0 ,1 ,0 | 0
0 ,-3 ,0 ,1 ,-2 ,1 ,2 ,1 | 0
-2 ,0 ,-1 ,0 ,-2 ,3 ,3 ,4 | 0

R6 --> R6 - 2*R1

2 ,-1 ,0 ,-1 ,-2 ,-2 ,-3 ,3 | 0
0 ,3 ,-1 ,3 ,-3 ,-4 ,-4 ,2 | 0
0 ,-3 ,1 ,-3 ,0 ,0 ,2 ,1 | 0
0 ,5 ,-2 ,2 ,5 ,6 ,-1 ,-3 | 0
0 ,-0.5 ,1 ,-3.5 ,4 ,5 ,1.5 ,-2.5 | 0
0 ,-2 ,-1 ,2 ,6 ,4 ,7 ,-6 | 0
0 ,-3 ,0 ,1 ,-2 ,1 ,2 ,1 | 0
-2 ,0 ,-1 ,0 ,-2 ,3 ,3 ,4 | 0

R8 --> R8 + R1

2 ,-1 ,0 ,-1 ,-2 ,-2 ,-3 ,3 | 0
0 ,3 ,-1 ,3 ,-3 ,-4 ,-4 ,2 | 0
0 ,-3 ,1 ,-3 ,0 ,0 ,2 ,1 | 0
0 ,5 ,-2 ,2 ,5 ,6 ,-1 ,-3 | 0
0 ,-0.5 ,1 ,-3.5 ,4 ,5 ,1.5 ,-2.5 | 0
0 ,-2 ,-1 ,2 ,6 ,4 ,7 ,-6 | 0
0 ,-3 ,0 ,1 ,-2 ,1 ,2 ,1 | 0
0 ,-1 ,-1 ,-1 ,-4 ,1 ,0 ,7 | 0

R1 --> R1 + 0.333*R2

2 ,0 ,-0.333 ,0 ,-3 ,-3.333 ,-4.333 ,3.667 | 0
0 ,3 ,-1 ,3 ,-3 ,-4 ,-4 ,2 | 0
0 ,-3 ,1 ,-3 ,0 ,0 ,2 ,1 | 0
0 ,5 ,-2 ,2 ,5 ,6 ,-1 ,-3 | 0
0 ,-0.5 ,1 ,-3.5 ,4 ,5 ,1.5 ,-2.5 | 0
0 ,-2 ,-1 ,2 ,6 ,4 ,7 ,-6 | 0
0 ,-3 ,0 ,1 ,-2 ,1 ,2 ,1 | 0
0 ,-1 ,-1 ,-1 ,-4 ,1 ,0 ,7 | 0

R3 --> R3 + R2

2 ,0 ,-0.333 ,0 ,-3 ,-3.333 ,-4.333 ,3.667 | 0
0 ,3 ,-1 ,3 ,-3 ,-4 ,-4 ,2 | 0
0 ,0 ,0 ,0 ,-3 ,-4 ,-2 ,3 | 0
0 ,5 ,-2 ,2 ,5 ,6 ,-1 ,-3 | 0
0 ,-0.5 ,1 ,-3.5 ,4 ,5 ,1.5 ,-2.5 | 0
0 ,-2 ,-1 ,2 ,6 ,4 ,7 ,-6 | 0
0 ,-3 ,0 ,1 ,-2 ,1 ,2 ,1 | 0
0 ,-1 ,-1 ,-1 ,-4 ,1 ,0 ,7 | 0

R4 --> R4 - 1.667*R2

2 ,0 ,-0.333 ,0 ,-3 ,-3.333 ,-4.333 ,3.667 | 0
0 ,3 ,-1 ,3 ,-3 ,-4 ,-4 ,2 | 0
0 ,0 ,0 ,0 ,-3 ,-4 ,-2 ,3 | 0
0 ,0 ,-0.333 ,-3 ,10 ,12.667 ,5.667 ,-6.333 | 0
0 ,-0.5 ,1 ,-3.5 ,4 ,5 ,1.5 ,-2.5 | 0
0 ,-2 ,-1 ,2 ,6 ,4 ,7 ,-6 | 0
0 ,-3 ,0 ,1 ,-2 ,1 ,2 ,1 | 0
0 ,-1 ,-1 ,-1 ,-4 ,1 ,0 ,7 | 0

R5 --> R5 + 0.167*R2

2 ,0 ,-0.333 ,0 ,-3 ,-3.333 ,-4.333 ,3.667 | 0
0 ,3 ,-1 ,3 ,-3 ,-4 ,-4 ,2 | 0
0 ,0 ,0 ,0 ,-3 ,-4 ,-2 ,3 | 0
0 ,0 ,-0.333 ,-3 ,10 ,12.667 ,5.667 ,-6.333 | 0
0 ,0 ,0.833 ,-3 ,3.5 ,4.333 ,0.833 ,-2.167 | 0
0 ,-2 ,-1 ,2 ,6 ,4 ,7 ,-6 | 0
0 ,-3 ,0 ,1 ,-2 ,1 ,2 ,1 | 0
0 ,-1 ,-1 ,-1 ,-4 ,1 ,0 ,7 | 0

R6 --> R6 + 0.667*R2

2 ,0 ,-0.333 ,0 ,-3 ,-3.333 ,-4.333 ,3.667 | 0
0 ,3 ,-1 ,3 ,-3 ,-4 ,-4 ,2 | 0
0 ,0 ,0 ,0 ,-3 ,-4 ,-2 ,3 | 0
0 ,0 ,-0.333 ,-3 ,10 ,12.667 ,5.667 ,-6.333 | 0
0 ,0 ,0.833 ,-3 ,3.5 ,4.333 ,0.833 ,-2.167 | 0
0 ,0 ,-1.667 ,4 ,4 ,1.333 ,4.333 ,-4.667 | 0
0 ,-3 ,0 ,1 ,-2 ,1 ,2 ,1 | 0
0 ,-1 ,-1 ,-1 ,-4 ,1 ,0 ,7 | 0

R7 --> R7 + R2

2 ,0 ,-0.333 ,0 ,-3 ,-3.333 ,-4.333 ,3.667 | 0
0 ,3 ,-1 ,3 ,-3 ,-4 ,-4 ,2 | 0
0 ,0 ,0 ,0 ,-3 ,-4 ,-2 ,3 | 0
0 ,0 ,-0.333 ,-3 ,10 ,12.667 ,5.667 ,-6.333 | 0
0 ,0 ,0.833 ,-3 ,3.5 ,4.333 ,0.833 ,-2.167 | 0
0 ,0 ,-1.667 ,4 ,4 ,1.333 ,4.333 ,-4.667 | 0
0 ,0 ,-1 ,4 ,-5 ,-3 ,-2 ,3 | 0
0 ,-1 ,-1 ,-1 ,-4 ,1 ,0 ,7 | 0

R8 --> R8 + 0.333*R2

2 ,0 ,-0.333 ,0 ,-3 ,-3.333 ,-4.333 ,3.667 | 0
0 ,3 ,-1 ,3 ,-3 ,-4 ,-4 ,2 | 0
0 ,0 ,0 ,0 ,-3 ,-4 ,-2 ,3 | 0
0 ,0 ,-0.333 ,-3 ,10 ,12.667 ,5.667 ,-6.333 | 0
0 ,0 ,0.833 ,-3 ,3.5 ,4.333 ,0.833 ,-2.167 | 0
0 ,0 ,-1.667 ,4 ,4 ,1.333 ,4.333 ,-4.667 | 0
0 ,0 ,-1 ,4 ,-5 ,-3 ,-2 ,3 | 0
0 ,0 ,-1.333 ,0 ,-5 ,-0.333 ,-1.333 ,7.667 | 0

R3 <--> R4

2 ,0 ,-0.333 ,0 ,-3 ,-3.333 ,-4.333 ,3.667 | 0
0 ,3 ,-1 ,3 ,-3 ,-4 ,-4 ,2 | 0
0 ,0 ,-0.333 ,-3 ,10 ,12.667 ,5.667 ,-6.333 | 0
0 ,0 ,0 ,0 ,-3 ,-4 ,-2 ,3 | 0
0 ,0 ,0.833 ,-3 ,3.5 ,4.333 ,0.833 ,-2.167 | 0
0 ,0 ,-1.667 ,4 ,4 ,1.333 ,4.333 ,-4.667 | 0
0 ,0 ,-1 ,4 ,-5 ,-3 ,-2 ,3 | 0
0 ,0 ,-1.333 ,0 ,-5 ,-0.333 ,-1.333 ,7.667 | 0

R1 --> R1 - R3

2 ,0 ,0 ,3 ,-13 ,-16 ,-10 ,10 | 0
0 ,3 ,-1 ,3 ,-3 ,-4 ,-4 ,2 | 0
0 ,0 ,-0.333 ,-3 ,10 ,12.667 ,5.667 ,-6.333 | 0
0 ,0 ,0 ,0 ,-3 ,-4 ,-2 ,3 | 0
0 ,0 ,0.833 ,-3 ,3.5 ,4.333 ,0.833 ,-2.167 | 0
0 ,0 ,-1.667 ,4 ,4 ,1.333 ,4.333 ,-4.667 | 0
0 ,0 ,-1 ,4 ,-5 ,-3 ,-2 ,3 | 0
0 ,0 ,-1.333 ,0 ,-5 ,-0.333 ,-1.333 ,7.667 | 0

R2 --> R2 - 3*R3

2 ,0 ,0 ,3 ,-13 ,-16 ,-10 ,10 | 0
0 ,3 ,0 ,12 ,-33 ,-42 ,-21 ,21 | 0
0 ,0 ,-0.333 ,-3 ,10 ,12.667 ,5.667 ,-6.333 | 0
0 ,0 ,0 ,0 ,-3 ,-4 ,-2 ,3 | 0
0 ,0 ,0.833 ,-3 ,3.5 ,4.333 ,0.833 ,-2.167 | 0
0 ,0 ,-1.667 ,4 ,4 ,1.333 ,4.333 ,-4.667 | 0
0 ,0 ,-1 ,4 ,-5 ,-3 ,-2 ,3 | 0
0 ,0 ,-1.333 ,0 ,-5 ,-0.333 ,-1.333 ,7.667 | 0

R5 --> R5 + 2.5*R3

2 ,0 ,0 ,3 ,-13 ,-16 ,-10 ,10 | 0
0 ,3 ,0 ,12 ,-33 ,-42 ,-21 ,21 | 0
0 ,0 ,-0.333 ,-3 ,10 ,12.667 ,5.667 ,-6.333 | 0
0 ,0 ,0 ,0 ,-3 ,-4 ,-2 ,3 | 0
0 ,0 ,0 ,-10.5 ,28.5 ,36 ,15 ,-18 | 0
0 ,0 ,-1.667 ,4 ,4 ,1.333 ,4.333 ,-4.667 | 0
0 ,0 ,-1 ,4 ,-5 ,-3 ,-2 ,3 | 0
0 ,0 ,-1.333 ,0 ,-5 ,-0.333 ,-1.333 ,7.667 | 0

R6 --> R6 - 5*R3

2 ,0 ,0 ,3 ,-13 ,-16 ,-10 ,10 | 0
0 ,3 ,0 ,12 ,-33 ,-42 ,-21 ,21 | 0
0 ,0 ,-0.333 ,-3 ,10 ,12.667 ,5.667 ,-6.333 | 0
0 ,0 ,0 ,0 ,-3 ,-4 ,-2 ,3 | 0
0 ,0 ,0 ,-10.5 ,28.5 ,36 ,15 ,-18 | 0
0 ,0 ,0 ,19 ,-46 ,-62 ,-24 ,27 | 0
0 ,0 ,-1 ,4 ,-5 ,-3 ,-2 ,3 | 0
0 ,0 ,-1.333 ,0 ,-5 ,-0.333 ,-1.333 ,7.667 | 0

R7 --> R7 - 3*R3

2 ,0 ,0 ,3 ,-13 ,-16 ,-10 ,10 | 0
0 ,3 ,0 ,12 ,-33 ,-42 ,-21 ,21 | 0
0 ,0 ,-0.333 ,-3 ,10 ,12.667 ,5.667 ,-6.333 | 0
0 ,0 ,0 ,0 ,-3 ,-4 ,-2 ,3 | 0
0 ,0 ,0 ,-10.5 ,28.5 ,36 ,15 ,-18 | 0
0 ,0 ,0 ,19 ,-46 ,-62 ,-24 ,27 | 0
0 ,0 ,0 ,13 ,-35 ,-41 ,-19 ,22 | 0
0 ,0 ,-1.333 ,0 ,-5 ,-0.333 ,-1.333 ,7.667 | 0

R8 --> R8 - 4*R3

2 ,0 ,0 ,3 ,-13 ,-16 ,-10 ,10 | 0
0 ,3 ,0 ,12 ,-33 ,-42 ,-21 ,21 | 0
0 ,0 ,-0.333 ,-3 ,10 ,12.667 ,5.667 ,-6.333 | 0
0 ,0 ,0 ,0 ,-3 ,-4 ,-2 ,3 | 0
0 ,0 ,0 ,-10.5 ,28.5 ,36 ,15 ,-18 | 0
0 ,0 ,0 ,19 ,-46 ,-62 ,-24 ,27 | 0
0 ,0 ,0 ,13 ,-35 ,-41 ,-19 ,22 | 0
0 ,0 ,0 ,12 ,-45 ,-51 ,-24 ,33 | 0

R4 <--> R5

2 ,0 ,0 ,3 ,-13 ,-16 ,-10 ,10 | 0
0 ,3 ,0 ,12 ,-33 ,-42 ,-21 ,21 | 0
0 ,0 ,-0.333 ,-3 ,10 ,12.667 ,5.667 ,-6.333 | 0
0 ,0 ,0 ,-10.5 ,28.5 ,36 ,15 ,-18 | 0
0 ,0 ,0 ,0 ,-3 ,-4 ,-2 ,3 | 0
0 ,0 ,0 ,19 ,-46 ,-62 ,-24 ,27 | 0
0 ,0 ,0 ,13 ,-35 ,-41 ,-19 ,22 | 0
0 ,0 ,0 ,12 ,-45 ,-51 ,-24 ,33 | 0

R1 --> R1 + 0.286*R4

2 ,0 ,0 ,0 ,-4.857 ,-5.714 ,-5.714 ,4.857 | 0
0 ,3 ,0 ,12 ,-33 ,-42 ,-21 ,21 | 0
0 ,0 ,-0.333 ,-3 ,10 ,12.667 ,5.667 ,-6.333 | 0
0 ,0 ,0 ,-10.5 ,28.5 ,36 ,15 ,-18 | 0
0 ,0 ,0 ,0 ,-3 ,-4 ,-2 ,3 | 0
0 ,0 ,0 ,19 ,-46 ,-62 ,-24 ,27 | 0
0 ,0 ,0 ,13 ,-35 ,-41 ,-19 ,22 | 0
0 ,0 ,0 ,12 ,-45 ,-51 ,-24 ,33 | 0

R2 --> R2 + 1.143*R4

2 ,0 ,0 ,0 ,-4.857 ,-5.714 ,-5.714 ,4.857 | 0
0 ,3 ,0 ,0 ,-0.429 ,-0.857 ,-3.857 ,0.429 | 0
0 ,0 ,-0.333 ,-3 ,10 ,12.667 ,5.667 ,-6.333 | 0
0 ,0 ,0 ,-10.5 ,28.5 ,36 ,15 ,-18 | 0
0 ,0 ,0 ,0 ,-3 ,-4 ,-2 ,3 | 0
0 ,0 ,0 ,19 ,-46 ,-62 ,-24 ,27 | 0
0 ,0 ,0 ,13 ,-35 ,-41 ,-19 ,22 | 0
0 ,0 ,0 ,12 ,-45 ,-51 ,-24 ,33 | 0

R3 --> R3 - 0.286*R4

2 ,0 ,0 ,0 ,-4.857 ,-5.714 ,-5.714 ,4.857 | 0
0 ,3 ,0 ,0 ,-0.429 ,-0.857 ,-3.857 ,0.429 | 0
0 ,0 ,-0.333 ,0 ,1.857 ,2.381 ,1.381 ,-1.19 | 0
0 ,0 ,0 ,-10.5 ,28.5 ,36 ,15 ,-18 | 0
0 ,0 ,0 ,0 ,-3 ,-4 ,-2 ,3 | 0
0 ,0 ,0 ,19 ,-46 ,-62 ,-24 ,27 | 0
0 ,0 ,0 ,13 ,-35 ,-41 ,-19 ,22 | 0
0 ,0 ,0 ,12 ,-45 ,-51 ,-24 ,33 | 0

R6 --> R6 + 1.81*R4

2 ,0 ,0 ,0 ,-4.857 ,-5.714 ,-5.714 ,4.857 | 0
0 ,3 ,0 ,0 ,-0.429 ,-0.857 ,-3.857 ,0.429 | 0
0 ,0 ,-0.333 ,0 ,1.857 ,2.381 ,1.381 ,-1.19 | 0
0 ,0 ,0 ,-10.5 ,28.5 ,36 ,15 ,-18 | 0
0 ,0 ,0 ,0 ,-3 ,-4 ,-2 ,3 | 0
0 ,0 ,0 ,0 ,5.571 ,3.143 ,3.143 ,-5.571 | 0
0 ,0 ,0 ,13 ,-35 ,-41 ,-19 ,22 | 0
0 ,0 ,0 ,12 ,-45 ,-51 ,-24 ,33 | 0

R7 --> R7 + 1.238*R4

2 ,0 ,0 ,0 ,-4.857 ,-5.714 ,-5.714 ,4.857 | 0
0 ,3 ,0 ,0 ,-0.429 ,-0.857 ,-3.857 ,0.429 | 0
0 ,0 ,-0.333 ,0 ,1.857 ,2.381 ,1.381 ,-1.19 | 0
0 ,0 ,0 ,-10.5 ,28.5 ,36 ,15 ,-18 | 0
0 ,0 ,0 ,0 ,-3 ,-4 ,-2 ,3 | 0
0 ,0 ,0 ,0 ,5.571 ,3.143 ,3.143 ,-5.571 | 0
0 ,0 ,0 ,0 ,0.286 ,3.571 ,-0.429 ,-0.286 | 0
0 ,0 ,0 ,12 ,-45 ,-51 ,-24 ,33 | 0

R8 --> R8 + 1.143*R4

2 ,0 ,0 ,0 ,-4.857 ,-5.714 ,-5.714 ,4.857 | 0
0 ,3 ,0 ,0 ,-0.429 ,-0.857 ,-3.857 ,0.429 | 0
0 ,0 ,-0.333 ,0 ,1.857 ,2.381 ,1.381 ,-1.19 | 0
0 ,0 ,0 ,-10.5 ,28.5 ,36 ,15 ,-18 | 0
0 ,0 ,0 ,0 ,-3 ,-4 ,-2 ,3 | 0
0 ,0 ,0 ,0 ,5.571 ,3.143 ,3.143 ,-5.571 | 0
0 ,0 ,0 ,0 ,0.286 ,3.571 ,-0.429 ,-0.286 | 0
0 ,0 ,0 ,0 ,-12.429 ,-9.857 ,-6.857 ,12.429 | 0

R1 --> R1 - 1.619*R5

2 ,0 ,0 ,0 ,0 ,0.762 ,-2.476 ,0 | 0
0 ,3 ,0 ,0 ,-0.429 ,-0.857 ,-3.857 ,0.429 | 0
0 ,0 ,-0.333 ,0 ,1.857 ,2.381 ,1.381 ,-1.19 | 0
0 ,0 ,0 ,-10.5 ,28.5 ,36 ,15 ,-18 | 0
0 ,0 ,0 ,0 ,-3 ,-4 ,-2 ,3 | 0
0 ,0 ,0 ,0 ,5.571 ,3.143 ,3.143 ,-5.571 | 0
0 ,0 ,0 ,0 ,0.286 ,3.571 ,-0.429 ,-0.286 | 0
0 ,0 ,0 ,0 ,-12.429 ,-9.857 ,-6.857 ,12.429 | 0

R2 --> R2 - 0.143*R5

2 ,0 ,0 ,0 ,0 ,0.762 ,-2.476 ,0 | 0
0 ,3 ,0 ,0 ,0 ,-0.286 ,-3.571 ,0 | 0
0 ,0 ,-0.333 ,0 ,1.857 ,2.381 ,1.381 ,-1.19 | 0
0 ,0 ,0 ,-10.5 ,28.5 ,36 ,15 ,-18 | 0
0 ,0 ,0 ,0 ,-3 ,-4 ,-2 ,3 | 0
0 ,0 ,0 ,0 ,5.571 ,3.143 ,3.143 ,-5.571 | 0
0 ,0 ,0 ,0 ,0.286 ,3.571 ,-0.429 ,-0.286 | 0
0 ,0 ,0 ,0 ,-12.429 ,-9.857 ,-6.857 ,12.429 | 0

R3 --> R3 + 0.619*R5

2 ,0 ,0 ,0 ,0 ,0.762 ,-2.476 ,0 | 0
0 ,3 ,0 ,0 ,0 ,-0.286 ,-3.571 ,0 | 0
0 ,0 ,-0.333 ,0 ,0 ,-0.095 ,0.143 ,0.667 | 0
0 ,0 ,0 ,-10.5 ,28.5 ,36 ,15 ,-18 | 0
0 ,0 ,0 ,0 ,-3 ,-4 ,-2 ,3 | 0
0 ,0 ,0 ,0 ,5.571 ,3.143 ,3.143 ,-5.571 | 0
0 ,0 ,0 ,0 ,0.286 ,3.571 ,-0.429 ,-0.286 | 0
0 ,0 ,0 ,0 ,-12.429 ,-9.857 ,-6.857 ,12.429 | 0

R4 --> R4 + 9.5*R5

2 ,0 ,0 ,0 ,0 ,0.762 ,-2.476 ,0 | 0
0 ,3 ,0 ,0 ,0 ,-0.286 ,-3.571 ,0 | 0
0 ,0 ,-0.333 ,0 ,0 ,-0.095 ,0.143 ,0.667 | 0
0 ,0 ,0 ,-10.5 ,0 ,-2 ,-4 ,10.5 | 0
0 ,0 ,0 ,0 ,-3 ,-4 ,-2 ,3 | 0
0 ,0 ,0 ,0 ,5.571 ,3.143 ,3.143 ,-5.571 | 0
0 ,0 ,0 ,0 ,0.286 ,3.571 ,-0.429 ,-0.286 | 0
0 ,0 ,0 ,0 ,-12.429 ,-9.857 ,-6.857 ,12.429 | 0

R6 --> R6 + 1.857*R5

2 ,0 ,0 ,0 ,0 ,0.762 ,-2.476 ,0 | 0
0 ,3 ,0 ,0 ,0 ,-0.286 ,-3.571 ,0 | 0
0 ,0 ,-0.333 ,0 ,0 ,-0.095 ,0.143 ,0.667 | 0
0 ,0 ,0 ,-10.5 ,0 ,-2 ,-4 ,10.5 | 0
0 ,0 ,0 ,0 ,-3 ,-4 ,-2 ,3 | 0
0 ,0 ,0 ,0 ,0 ,-4.286 ,-0.571 ,0 | 0
0 ,0 ,0 ,0 ,0.286 ,3.571 ,-0.429 ,-0.286 | 0
0 ,0 ,0 ,0 ,-12.429 ,-9.857 ,-6.857 ,12.429 | 0

R7 --> R7 + 0.095*R5

2 ,0 ,0 ,0 ,0 ,0.762 ,-2.476 ,0 | 0
0 ,3 ,0 ,0 ,0 ,-0.286 ,-3.571 ,0 | 0
0 ,0 ,-0.333 ,0 ,0 ,-0.095 ,0.143 ,0.667 | 0
0 ,0 ,0 ,-10.5 ,0 ,-2 ,-4 ,10.5 | 0
0 ,0 ,0 ,0 ,-3 ,-4 ,-2 ,3 | 0
0 ,0 ,0 ,0 ,0 ,-4.286 ,-0.571 ,0 | 0
0 ,0 ,0 ,0 ,0 ,3.19 ,-0.619 ,0 | 0
0 ,0 ,0 ,0 ,-12.429 ,-9.857 ,-6.857 ,12.429 | 0

R8 --> R8 - 4.143*R5

2 ,0 ,0 ,0 ,0 ,0.762 ,-2.476 ,0 | 0
0 ,3 ,0 ,0 ,0 ,-0.286 ,-3.571 ,0 | 0
0 ,0 ,-0.333 ,0 ,0 ,-0.095 ,0.143 ,0.667 | 0
0 ,0 ,0 ,-10.5 ,0 ,-2 ,-4 ,10.5 | 0
0 ,0 ,0 ,0 ,-3 ,-4 ,-2 ,3 | 0
0 ,0 ,0 ,0 ,0 ,-4.286 ,-0.571 ,0 | 0
0 ,0 ,0 ,0 ,0 ,3.19 ,-0.619 ,0 | 0
0 ,0 ,0 ,0 ,0 ,6.714 ,1.429 ,0 | 0

R1 --> R1 + 0.178*R6

2 ,0 ,0 ,0 ,0 ,0 ,-2.578 ,0 | 0
0 ,3 ,0 ,0 ,0 ,-0.286 ,-3.571 ,0 | 0
0 ,0 ,-0.333 ,0 ,0 ,-0.095 ,0.143 ,0.667 | 0
0 ,0 ,0 ,-10.5 ,0 ,-2 ,-4 ,10.5 | 0
0 ,0 ,0 ,0 ,-3 ,-4 ,-2 ,3 | 0
0 ,0 ,0 ,0 ,0 ,-4.286 ,-0.571 ,0 | 0
0 ,0 ,0 ,0 ,0 ,3.19 ,-0.619 ,0 | 0
0 ,0 ,0 ,0 ,0 ,6.714 ,1.429 ,0 | 0

R2 --> R2 - 0.067*R6

2 ,0 ,0 ,0 ,0 ,0 ,-2.578 ,0 | 0
0 ,3 ,0 ,0 ,0 ,0 ,-3.533 ,0 | 0
0 ,0 ,-0.333 ,0 ,0 ,-0.095 ,0.143 ,0.667 | 0
0 ,0 ,0 ,-10.5 ,0 ,-2 ,-4 ,10.5 | 0
0 ,0 ,0 ,0 ,-3 ,-4 ,-2 ,3 | 0
0 ,0 ,0 ,0 ,0 ,-4.286 ,-0.571 ,0 | 0
0 ,0 ,0 ,0 ,0 ,3.19 ,-0.619 ,0 | 0
0 ,0 ,0 ,0 ,0 ,6.714 ,1.429 ,0 | 0

R3 --> R3 - 0.022*R6

2 ,0 ,0 ,0 ,0 ,0 ,-2.578 ,0 | 0
0 ,3 ,0 ,0 ,0 ,0 ,-3.533 ,0 | 0
0 ,0 ,-0.333 ,0 ,0 ,0 ,0.156 ,0.667 | 0
0 ,0 ,0 ,-10.5 ,0 ,-2 ,-4 ,10.5 | 0
0 ,0 ,0 ,0 ,-3 ,-4 ,-2 ,3 | 0
0 ,0 ,0 ,0 ,0 ,-4.286 ,-0.571 ,0 | 0
0 ,0 ,0 ,0 ,0 ,3.19 ,-0.619 ,0 | 0
0 ,0 ,0 ,0 ,0 ,6.714 ,1.429 ,0 | 0

R4 --> R4 - 0.467*R6

2 ,0 ,0 ,0 ,0 ,0 ,-2.578 ,0 | 0
0 ,3 ,0 ,0 ,0 ,0 ,-3.533 ,0 | 0
0 ,0 ,-0.333 ,0 ,0 ,0 ,0.156 ,0.667 | 0
0 ,0 ,0 ,-10.5 ,0 ,0 ,-3.733 ,10.5 | 0
0 ,0 ,0 ,0 ,-3 ,-4 ,-2 ,3 | 0
0 ,0 ,0 ,0 ,0 ,-4.286 ,-0.571 ,0 | 0
0 ,0 ,0 ,0 ,0 ,3.19 ,-0.619 ,0 | 0
0 ,0 ,0 ,0 ,0 ,6.714 ,1.429 ,0 | 0

R5 --> R5 - 0.933*R6

2 ,0 ,0 ,0 ,0 ,0 ,-2.578 ,0 | 0
0 ,3 ,0 ,0 ,0 ,0 ,-3.533 ,0 | 0
0 ,0 ,-0.333 ,0 ,0 ,0 ,0.156 ,0.667 | 0
0 ,0 ,0 ,-10.5 ,0 ,0 ,-3.733 ,10.5 | 0
0 ,0 ,0 ,0 ,-3 ,0 ,-1.467 ,3 | 0
0 ,0 ,0 ,0 ,0 ,-4.286 ,-0.571 ,0 | 0
0 ,0 ,0 ,0 ,0 ,3.19 ,-0.619 ,0 | 0
0 ,0 ,0 ,0 ,0 ,6.714 ,1.429 ,0 | 0

R7 --> R7 + 0.744*R6

2 ,0 ,0 ,0 ,0 ,0 ,-2.578 ,0 | 0
0 ,3 ,0 ,0 ,0 ,0 ,-3.533 ,0 | 0
0 ,0 ,-0.333 ,0 ,0 ,0 ,0.156 ,0.667 | 0
0 ,0 ,0 ,-10.5 ,0 ,0 ,-3.733 ,10.5 | 0
0 ,0 ,0 ,0 ,-3 ,0 ,-1.467 ,3 | 0
0 ,0 ,0 ,0 ,0 ,-4.286 ,-0.571 ,0 | 0
0 ,0 ,0 ,0 ,0 ,0 ,-1.044 ,0 | 0
0 ,0 ,0 ,0 ,0 ,6.714 ,1.429 ,0 | 0

R8 --> R8 + 1.567*R6

2 ,0 ,0 ,0 ,0 ,0 ,-2.578 ,0 | 0
0 ,3 ,0 ,0 ,0 ,0 ,-3.533 ,0 | 0
0 ,0 ,-0.333 ,0 ,0 ,0 ,0.156 ,0.667 | 0
0 ,0 ,0 ,-10.5 ,0 ,0 ,-3.733 ,10.5 | 0
0 ,0 ,0 ,0 ,-3 ,0 ,-1.467 ,3 | 0
0 ,0 ,0 ,0 ,0 ,-4.286 ,-0.571 ,0 | 0
0 ,0 ,0 ,0 ,0 ,0 ,-1.044 ,0 | 0
0 ,0 ,0 ,0 ,0 ,0 ,0.533 ,0 | 0

R8 --> 1.875*R8

2 ,0 ,0 ,0 ,0 ,0 ,-2.578 ,0 | 0
0 ,3 ,0 ,0 ,0 ,0 ,-3.533 ,0 | 0
0 ,0 ,-0.333 ,0 ,0 ,0 ,0.156 ,0.667 | 0
0 ,0 ,0 ,-10.5 ,0 ,0 ,-3.733 ,10.5 | 0
0 ,0 ,0 ,0 ,-3 ,0 ,-1.467 ,3 | 0
0 ,0 ,0 ,0 ,0 ,-4.286 ,-0.571 ,0 | 0
0 ,0 ,0 ,0 ,0 ,0 ,-1.044 ,0 | 0
0 ,0 ,0 ,0 ,0 ,0 ,1 ,0 | 0

R1 --> R1 - 2.468*R7

2 ,0 ,0 ,0 ,0 ,0 ,0 ,0 | 0
0 ,3 ,0 ,0 ,0 ,0 ,-3.533 ,0 | 0
0 ,0 ,-0.333 ,0 ,0 ,0 ,0.156 ,0.667 | 0
0 ,0 ,0 ,-10.5 ,0 ,0 ,-3.733 ,10.5 | 0
0 ,0 ,0 ,0 ,-3 ,0 ,-1.467 ,3 | 0
0 ,0 ,0 ,0 ,0 ,-4.286 ,-0.571 ,0 | 0
0 ,0 ,0 ,0 ,0 ,0 ,-1.044 ,0 | 0
0 ,0 ,0 ,0 ,0 ,0 ,1 ,0 | 0

R2 --> R2 - 3.383*R7

2 ,0 ,0 ,0 ,0 ,0 ,0 ,0 | 0
0 ,3 ,0 ,0 ,0 ,0 ,0 ,0 | 0
0 ,0 ,-0.333 ,0 ,0 ,0 ,0.156 ,0.667 | 0
0 ,0 ,0 ,-10.5 ,0 ,0 ,-3.733 ,10.5 | 0
0 ,0 ,0 ,0 ,-3 ,0 ,-1.467 ,3 | 0
0 ,0 ,0 ,0 ,0 ,-4.286 ,-0.571 ,0 | 0
0 ,0 ,0 ,0 ,0 ,0 ,-1.044 ,0 | 0
0 ,0 ,0 ,0 ,0 ,0 ,1 ,0 | 0

R3 --> R3 + 0.149*R7

2 ,0 ,0 ,0 ,0 ,0 ,0 ,0 | 0
0 ,3 ,0 ,0 ,0 ,0 ,0 ,0 | 0
0 ,0 ,-0.333 ,0 ,0 ,0 ,0 ,0.667 | 0
0 ,0 ,0 ,-10.5 ,0 ,0 ,-3.733 ,10.5 | 0
0 ,0 ,0 ,0 ,-3 ,0 ,-1.467 ,3 | 0
0 ,0 ,0 ,0 ,0 ,-4.286 ,-0.571 ,0 | 0
0 ,0 ,0 ,0 ,0 ,0 ,-1.044 ,0 | 0
0 ,0 ,0 ,0 ,0 ,0 ,1 ,0 | 0

R4 --> R4 - 3.574*R7

2 ,0 ,0 ,0 ,0 ,0 ,0 ,0 | 0
0 ,3 ,0 ,0 ,0 ,0 ,0 ,0 | 0
0 ,0 ,-0.333 ,0 ,0 ,0 ,0 ,0.667 | 0
0 ,0 ,0 ,-10.5 ,0 ,0 ,0 ,10.5 | 0
0 ,0 ,0 ,0 ,-3 ,0 ,-1.467 ,3 | 0
0 ,0 ,0 ,0 ,0 ,-4.286 ,-0.571 ,0 | 0
0 ,0 ,0 ,0 ,0 ,0 ,-1.044 ,0 | 0
0 ,0 ,0 ,0 ,0 ,0 ,1 ,0 | 0

R5 --> R5 - 1.404*R7

2 ,0 ,0 ,0 ,0 ,0 ,0 ,0 | 0
0 ,3 ,0 ,0 ,0 ,0 ,0 ,0 | 0
0 ,0 ,-0.333 ,0 ,0 ,0 ,0 ,0.667 | 0
0 ,0 ,0 ,-10.5 ,0 ,0 ,0 ,10.5 | 0
0 ,0 ,0 ,0 ,-3 ,0 ,0 ,3 | 0
0 ,0 ,0 ,0 ,0 ,-4.286 ,-0.571 ,0 | 0
0 ,0 ,0 ,0 ,0 ,0 ,-1.044 ,0 | 0
0 ,0 ,0 ,0 ,0 ,0 ,1 ,0 | 0

R6 --> R6 - 0.547*R7

2 ,0 ,0 ,0 ,0 ,0 ,0 ,0 | 0
0 ,3 ,0 ,0 ,0 ,0 ,0 ,0 | 0
0 ,0 ,-0.333 ,0 ,0 ,0 ,0 ,0.667 | 0
0 ,0 ,0 ,-10.5 ,0 ,0 ,0 ,10.5 | 0
0 ,0 ,0 ,0 ,-3 ,0 ,0 ,3 | 0
0 ,0 ,0 ,0 ,0 ,-4.286 ,0 ,0 | 0
0 ,0 ,0 ,0 ,0 ,0 ,-1.044 ,0 | 0
0 ,0 ,0 ,0 ,0 ,0 ,1 ,0 | 0

R8 --> R8 + 0.957*R7

2 ,0 ,0 ,0 ,0 ,0 ,0 ,0 | 0
0 ,3 ,0 ,0 ,0 ,0 ,0 ,0 | 0
0 ,0 ,-0.333 ,0 ,0 ,0 ,0 ,0.667 | 0
0 ,0 ,0 ,-10.5 ,0 ,0 ,0 ,10.5 | 0
0 ,0 ,0 ,0 ,-3 ,0 ,0 ,3 | 0
0 ,0 ,0 ,0 ,0 ,-4.286 ,0 ,0 | 0
0 ,0 ,0 ,0 ,0 ,0 ,-1.044 ,0 | 0
0 ,0 ,0 ,0 ,0 ,0 ,0 ,0 | 0

define a new column in the vector b when x8 is a free variable in R8 space:
2 ,0 ,0 ,0 ,0 ,0 ,0 ,0 | 0 ,0
0 ,3 ,0 ,0 ,0 ,0 ,0 ,0 | 0 ,0
0 ,0 ,-0.333 ,0 ,0 ,0 ,0 ,0.667 | 0 ,0
0 ,0 ,0 ,-10.5 ,0 ,0 ,0 ,10.5 | 0 ,0
0 ,0 ,0 ,0 ,-3 ,0 ,0 ,3 | 0 ,0
0 ,0 ,0 ,0 ,0 ,-4.286 ,0 ,0 | 0 ,0
0 ,0 ,0 ,0 ,0 ,0 ,-1.044 ,0 | 0 ,0
0 ,0 ,0 ,0 ,0 ,0 ,0 ,1 | 0 ,1

R1 --> R1 + 0*R8

2 ,0 ,0 ,0 ,0 ,0 ,0 ,0 | 0 ,0
0 ,3 ,0 ,0 ,0 ,0 ,0 ,0 | 0 ,0
0 ,0 ,-0.333 ,0 ,0 ,0 ,0 ,0.667 | 0 ,0
0 ,0 ,0 ,-10.5 ,0 ,0 ,0 ,10.5 | 0 ,0
0 ,0 ,0 ,0 ,-3 ,0 ,0 ,3 | 0 ,0
0 ,0 ,0 ,0 ,0 ,-4.286 ,0 ,0 | 0 ,0
0 ,0 ,0 ,0 ,0 ,0 ,-1.044 ,0 | 0 ,0
0 ,0 ,0 ,0 ,0 ,0 ,0 ,1 | 0 ,1

R1 --> 0.5*R1

1 ,0 ,0 ,0 ,0 ,0 ,0 ,0 | 0 ,0
0 ,3 ,0 ,0 ,0 ,0 ,0 ,0 | 0 ,0
0 ,0 ,-0.333 ,0 ,0 ,0 ,0 ,0.667 | 0 ,0
0 ,0 ,0 ,-10.5 ,0 ,0 ,0 ,10.5 | 0 ,0
0 ,0 ,0 ,0 ,-3 ,0 ,0 ,3 | 0 ,0
0 ,0 ,0 ,0 ,0 ,-4.286 ,0 ,0 | 0 ,0
0 ,0 ,0 ,0 ,0 ,0 ,-1.044 ,0 | 0 ,0
0 ,0 ,0 ,0 ,0 ,0 ,0 ,1 | 0 ,1

R2 --> R2 + 0*R8

1 ,0 ,0 ,0 ,0 ,0 ,0 ,0 | 0 ,0
0 ,3 ,0 ,0 ,0 ,0 ,0 ,0 | 0 ,0
0 ,0 ,-0.333 ,0 ,0 ,0 ,0 ,0.667 | 0 ,0
0 ,0 ,0 ,-10.5 ,0 ,0 ,0 ,10.5 | 0 ,0
0 ,0 ,0 ,0 ,-3 ,0 ,0 ,3 | 0 ,0
0 ,0 ,0 ,0 ,0 ,-4.286 ,0 ,0 | 0 ,0
0 ,0 ,0 ,0 ,0 ,0 ,-1.044 ,0 | 0 ,0
0 ,0 ,0 ,0 ,0 ,0 ,0 ,1 | 0 ,1

R2 --> 0.333*R2

1 ,0 ,0 ,0 ,0 ,0 ,0 ,0 | 0 ,0
0 ,1 ,0 ,0 ,0 ,0 ,0 ,0 | 0 ,0
0 ,0 ,-0.333 ,0 ,0 ,0 ,0 ,0.667 | 0 ,0
0 ,0 ,0 ,-10.5 ,0 ,0 ,0 ,10.5 | 0 ,0
0 ,0 ,0 ,0 ,-3 ,0 ,0 ,3 | 0 ,0
0 ,0 ,0 ,0 ,0 ,-4.286 ,0 ,0 | 0 ,0
0 ,0 ,0 ,0 ,0 ,0 ,-1.044 ,0 | 0 ,0
0 ,0 ,0 ,0 ,0 ,0 ,0 ,1 | 0 ,1

R3 --> R3 - 0.667*R8

1 ,0 ,0 ,0 ,0 ,0 ,0 ,0 | 0 ,0
0 ,1 ,0 ,0 ,0 ,0 ,0 ,0 | 0 ,0
0 ,0 ,-0.333 ,0 ,0 ,0 ,0 ,0 | 0 ,-0.667
0 ,0 ,0 ,-10.5 ,0 ,0 ,0 ,10.5 | 0 ,0
0 ,0 ,0 ,0 ,-3 ,0 ,0 ,3 | 0 ,0
0 ,0 ,0 ,0 ,0 ,-4.286 ,0 ,0 | 0 ,0
0 ,0 ,0 ,0 ,0 ,0 ,-1.044 ,0 | 0 ,0
0 ,0 ,0 ,0 ,0 ,0 ,0 ,1 | 0 ,1

R3 --> -3*R3

1 ,0 ,0 ,0 ,0 ,0 ,0 ,0 | 0 ,0
0 ,1 ,0 ,0 ,0 ,0 ,0 ,0 | 0 ,0
0 ,0 ,1 ,0 ,0 ,0 ,0 ,0 | 0 ,2
0 ,0 ,0 ,-10.5 ,0 ,0 ,0 ,10.5 | 0 ,0
0 ,0 ,0 ,0 ,-3 ,0 ,0 ,3 | 0 ,0
0 ,0 ,0 ,0 ,0 ,-4.286 ,0 ,0 | 0 ,0
0 ,0 ,0 ,0 ,0 ,0 ,-1.044 ,0 | 0 ,0
0 ,0 ,0 ,0 ,0 ,0 ,0 ,1 | 0 ,1

R4 --> R4 - 10.5*R8

1 ,0 ,0 ,0 ,0 ,0 ,0 ,0 | 0 ,0
0 ,1 ,0 ,0 ,0 ,0 ,0 ,0 | 0 ,0
0 ,0 ,1 ,0 ,0 ,0 ,0 ,0 | 0 ,2
0 ,0 ,0 ,-10.5 ,0 ,0 ,0 ,0 | 0 ,-10.5
0 ,0 ,0 ,0 ,-3 ,0 ,0 ,3 | 0 ,0
0 ,0 ,0 ,0 ,0 ,-4.286 ,0 ,0 | 0 ,0
0 ,0 ,0 ,0 ,0 ,0 ,-1.044 ,0 | 0 ,0
0 ,0 ,0 ,0 ,0 ,0 ,0 ,1 | 0 ,1

R4 --> -0.095*R4

1 ,0 ,0 ,0 ,0 ,0 ,0 ,0 | 0 ,0
0 ,1 ,0 ,0 ,0 ,0 ,0 ,0 | 0 ,0
0 ,0 ,1 ,0 ,0 ,0 ,0 ,0 | 0 ,2
0 ,0 ,0 ,1 ,0 ,0 ,0 ,0 | 0 ,1
0 ,0 ,0 ,0 ,-3 ,0 ,0 ,3 | 0 ,0
0 ,0 ,0 ,0 ,0 ,-4.286 ,0 ,0 | 0 ,0
0 ,0 ,0 ,0 ,0 ,0 ,-1.044 ,0 | 0 ,0
0 ,0 ,0 ,0 ,0 ,0 ,0 ,1 | 0 ,1

R5 --> R5 - 3*R8

1 ,0 ,0 ,0 ,0 ,0 ,0 ,0 | 0 ,0
0 ,1 ,0 ,0 ,0 ,0 ,0 ,0 | 0 ,0
0 ,0 ,1 ,0 ,0 ,0 ,0 ,0 | 0 ,2
0 ,0 ,0 ,1 ,0 ,0 ,0 ,0 | 0 ,1
0 ,0 ,0 ,0 ,-3 ,0 ,0 ,0 | 0 ,-3
0 ,0 ,0 ,0 ,0 ,-4.286 ,0 ,0 | 0 ,0
0 ,0 ,0 ,0 ,0 ,0 ,-1.044 ,0 | 0 ,0
0 ,0 ,0 ,0 ,0 ,0 ,0 ,1 | 0 ,1

R5 --> -0.333*R5

1 ,0 ,0 ,0 ,0 ,0 ,0 ,0 | 0 ,0
0 ,1 ,0 ,0 ,0 ,0 ,0 ,0 | 0 ,0
0 ,0 ,1 ,0 ,0 ,0 ,0 ,0 | 0 ,2
0 ,0 ,0 ,1 ,0 ,0 ,0 ,0 | 0 ,1
0 ,0 ,0 ,0 ,1 ,0 ,0 ,0 | 0 ,1
0 ,0 ,0 ,0 ,0 ,-4.286 ,0 ,0 | 0 ,0
0 ,0 ,0 ,0 ,0 ,0 ,-1.044 ,0 | 0 ,0
0 ,0 ,0 ,0 ,0 ,0 ,0 ,1 | 0 ,1

R6 --> R6 + 0*R8

1 ,0 ,0 ,0 ,0 ,0 ,0 ,0 | 0 ,0
0 ,1 ,0 ,0 ,0 ,0 ,0 ,0 | 0 ,0
0 ,0 ,1 ,0 ,0 ,0 ,0 ,0 | 0 ,2
0 ,0 ,0 ,1 ,0 ,0 ,0 ,0 | 0 ,1
0 ,0 ,0 ,0 ,1 ,0 ,0 ,0 | 0 ,1
0 ,0 ,0 ,0 ,0 ,-4.286 ,0 ,0 | 0 ,0
0 ,0 ,0 ,0 ,0 ,0 ,-1.044 ,0 | 0 ,0
0 ,0 ,0 ,0 ,0 ,0 ,0 ,1 | 0 ,1

R6 --> -0.233*R6

1 ,0 ,0 ,0 ,0 ,0 ,0 ,0 | 0 ,0
0 ,1 ,0 ,0 ,0 ,0 ,0 ,0 | 0 ,0
0 ,0 ,1 ,0 ,0 ,0 ,0 ,0 | 0 ,2
0 ,0 ,0 ,1 ,0 ,0 ,0 ,0 | 0 ,1
0 ,0 ,0 ,0 ,1 ,0 ,0 ,0 | 0 ,1
0 ,0 ,0 ,0 ,0 ,1 ,0 ,0 | 0 ,0
0 ,0 ,0 ,0 ,0 ,0 ,-1.044 ,0 | 0 ,0
0 ,0 ,0 ,0 ,0 ,0 ,0 ,1 | 0 ,1

R7 --> R7 + 0*R8

1 ,0 ,0 ,0 ,0 ,0 ,0 ,0 | 0 ,0
0 ,1 ,0 ,0 ,0 ,0 ,0 ,0 | 0 ,0
0 ,0 ,1 ,0 ,0 ,0 ,0 ,0 | 0 ,2
0 ,0 ,0 ,1 ,0 ,0 ,0 ,0 | 0 ,1
0 ,0 ,0 ,0 ,1 ,0 ,0 ,0 | 0 ,1
0 ,0 ,0 ,0 ,0 ,1 ,0 ,0 | 0 ,0
0 ,0 ,0 ,0 ,0 ,0 ,-1.044 ,0 | 0 ,0
0 ,0 ,0 ,0 ,0 ,0 ,0 ,1 | 0 ,1

R7 --> -0.957*R7

1 ,0 ,0 ,0 ,0 ,0 ,0 ,0 | 0 ,0
0 ,1 ,0 ,0 ,0 ,0 ,0 ,0 | 0 ,0
0 ,0 ,1 ,0 ,0 ,0 ,0 ,0 | 0 ,2
0 ,0 ,0 ,1 ,0 ,0 ,0 ,0 | 0 ,1
0 ,0 ,0 ,0 ,1 ,0 ,0 ,0 | 0 ,1
0 ,0 ,0 ,0 ,0 ,1 ,0 ,0 | 0 ,0
0 ,0 ,0 ,0 ,0 ,0 ,1 ,0 | 0 ,0
0 ,0 ,0 ,0 ,0 ,0 ,0 ,1 | 0 ,1

the solution is an infinite set of vectors in R8 space which are linearly dependents in the vector space:
x = λ*(0 ,0 ,2 ,1 ,1 ,0 ,0 ,1) when λ it's a free scalar that belongs to the R set
