solve the next system in R8 space (8 equations)(8 unknowns):
eq1: + 4*x1 + 4*x2 - 4*x3 -   x4 - 4*x5 -   x6 + 4*x7 -   x8  = 0
eq2:        + 4*x2 - 4*x3 + 4*x4        + 3*x6 +   x7 + 4*x8  = 0
eq3: - 4*x1 + 3*x2 - 3*x3               +   x6 - 2*x7 - 2*x8  = 0
eq4:        + 3*x2 - 2*x3 + 2*x4 + 4*x5                       = 0
eq5: +   x1 -   x2 + 2*x3        - 3*x5 + 2*x6 + 2*x7         = 0
eq6: + 3*x1 - 2*x2        -   x4        + 4*x6 - 4*x7 +   x8  = 0
eq7: - 2*x1 + 3*x2 -   x3 + 3*x4 -   x5 +   x6 + 4*x7 + 4*x8  = 0
eq8: - 4*x1 -   x2        - 4*x4 - 4*x5 - 3*x6 -   x7 - 4*x8  = 0

4 ,4 ,-4 ,-1 ,-4 ,-1 ,4 ,-1 | 0
0 ,4 ,-4 ,4 ,0 ,3 ,1 ,4 | 0
-4 ,3 ,-3 ,0 ,0 ,1 ,-2 ,-2 | 0
0 ,3 ,-2 ,2 ,4 ,0 ,0 ,0 | 0
1 ,-1 ,2 ,0 ,-3 ,2 ,2 ,0 | 0
3 ,-2 ,0 ,-1 ,0 ,4 ,-4 ,1 | 0
-2 ,3 ,-1 ,3 ,-1 ,1 ,4 ,4 | 0
-4 ,-1 ,0 ,-4 ,-4 ,-3 ,-1 ,-4 | 0

implement the solution by elementary matrices method:
transform A matrix to I by elementary matrices:
R3 --> R3 + R1

4 ,4 ,-4 ,-1 ,-4 ,-1 ,4 ,-1 | 0
0 ,4 ,-4 ,4 ,0 ,3 ,1 ,4 | 0
0 ,7 ,-7 ,-1 ,-4 ,0 ,2 ,-3 | 0
0 ,3 ,-2 ,2 ,4 ,0 ,0 ,0 | 0
1 ,-1 ,2 ,0 ,-3 ,2 ,2 ,0 | 0
3 ,-2 ,0 ,-1 ,0 ,4 ,-4 ,1 | 0
-2 ,3 ,-1 ,3 ,-1 ,1 ,4 ,4 | 0
-4 ,-1 ,0 ,-4 ,-4 ,-3 ,-1 ,-4 | 0

R5 --> R5 - 0.25*R1

4 ,4 ,-4 ,-1 ,-4 ,-1 ,4 ,-1 | 0
0 ,4 ,-4 ,4 ,0 ,3 ,1 ,4 | 0
0 ,7 ,-7 ,-1 ,-4 ,0 ,2 ,-3 | 0
0 ,3 ,-2 ,2 ,4 ,0 ,0 ,0 | 0
0 ,-2 ,3 ,0.25 ,-2 ,2.25 ,1 ,0.25 | 0
3 ,-2 ,0 ,-1 ,0 ,4 ,-4 ,1 | 0
-2 ,3 ,-1 ,3 ,-1 ,1 ,4 ,4 | 0
-4 ,-1 ,0 ,-4 ,-4 ,-3 ,-1 ,-4 | 0

R6 --> R6 - 0.75*R1

4 ,4 ,-4 ,-1 ,-4 ,-1 ,4 ,-1 | 0
0 ,4 ,-4 ,4 ,0 ,3 ,1 ,4 | 0
0 ,7 ,-7 ,-1 ,-4 ,0 ,2 ,-3 | 0
0 ,3 ,-2 ,2 ,4 ,0 ,0 ,0 | 0
0 ,-2 ,3 ,0.25 ,-2 ,2.25 ,1 ,0.25 | 0
0 ,-5 ,3 ,-0.25 ,3 ,4.75 ,-7 ,1.75 | 0
-2 ,3 ,-1 ,3 ,-1 ,1 ,4 ,4 | 0
-4 ,-1 ,0 ,-4 ,-4 ,-3 ,-1 ,-4 | 0

R7 --> R7 + 0.5*R1

4 ,4 ,-4 ,-1 ,-4 ,-1 ,4 ,-1 | 0
0 ,4 ,-4 ,4 ,0 ,3 ,1 ,4 | 0
0 ,7 ,-7 ,-1 ,-4 ,0 ,2 ,-3 | 0
0 ,3 ,-2 ,2 ,4 ,0 ,0 ,0 | 0
0 ,-2 ,3 ,0.25 ,-2 ,2.25 ,1 ,0.25 | 0
0 ,-5 ,3 ,-0.25 ,3 ,4.75 ,-7 ,1.75 | 0
0 ,5 ,-3 ,2.5 ,-3 ,0.5 ,6 ,3.5 | 0
-4 ,-1 ,0 ,-4 ,-4 ,-3 ,-1 ,-4 | 0

R8 --> R8 + R1

4 ,4 ,-4 ,-1 ,-4 ,-1 ,4 ,-1 | 0
0 ,4 ,-4 ,4 ,0 ,3 ,1 ,4 | 0
0 ,7 ,-7 ,-1 ,-4 ,0 ,2 ,-3 | 0
0 ,3 ,-2 ,2 ,4 ,0 ,0 ,0 | 0
0 ,-2 ,3 ,0.25 ,-2 ,2.25 ,1 ,0.25 | 0
0 ,-5 ,3 ,-0.25 ,3 ,4.75 ,-7 ,1.75 | 0
0 ,5 ,-3 ,2.5 ,-3 ,0.5 ,6 ,3.5 | 0
0 ,3 ,-4 ,-5 ,-8 ,-4 ,3 ,-5 | 0

R1 --> R1 - R2

4 ,0 ,0 ,-5 ,-4 ,-4 ,3 ,-5 | 0
0 ,4 ,-4 ,4 ,0 ,3 ,1 ,4 | 0
0 ,7 ,-7 ,-1 ,-4 ,0 ,2 ,-3 | 0
0 ,3 ,-2 ,2 ,4 ,0 ,0 ,0 | 0
0 ,-2 ,3 ,0.25 ,-2 ,2.25 ,1 ,0.25 | 0
0 ,-5 ,3 ,-0.25 ,3 ,4.75 ,-7 ,1.75 | 0
0 ,5 ,-3 ,2.5 ,-3 ,0.5 ,6 ,3.5 | 0
0 ,3 ,-4 ,-5 ,-8 ,-4 ,3 ,-5 | 0

R3 --> R3 - 1.75*R2

4 ,0 ,0 ,-5 ,-4 ,-4 ,3 ,-5 | 0
0 ,4 ,-4 ,4 ,0 ,3 ,1 ,4 | 0
0 ,0 ,0 ,-8 ,-4 ,-5.25 ,0.25 ,-10 | 0
0 ,3 ,-2 ,2 ,4 ,0 ,0 ,0 | 0
0 ,-2 ,3 ,0.25 ,-2 ,2.25 ,1 ,0.25 | 0
0 ,-5 ,3 ,-0.25 ,3 ,4.75 ,-7 ,1.75 | 0
0 ,5 ,-3 ,2.5 ,-3 ,0.5 ,6 ,3.5 | 0
0 ,3 ,-4 ,-5 ,-8 ,-4 ,3 ,-5 | 0

R4 --> R4 - 0.75*R2

4 ,0 ,0 ,-5 ,-4 ,-4 ,3 ,-5 | 0
0 ,4 ,-4 ,4 ,0 ,3 ,1 ,4 | 0
0 ,0 ,0 ,-8 ,-4 ,-5.25 ,0.25 ,-10 | 0
0 ,0 ,1 ,-1 ,4 ,-2.25 ,-0.75 ,-3 | 0
0 ,-2 ,3 ,0.25 ,-2 ,2.25 ,1 ,0.25 | 0
0 ,-5 ,3 ,-0.25 ,3 ,4.75 ,-7 ,1.75 | 0
0 ,5 ,-3 ,2.5 ,-3 ,0.5 ,6 ,3.5 | 0
0 ,3 ,-4 ,-5 ,-8 ,-4 ,3 ,-5 | 0

R5 --> R5 + 0.5*R2

4 ,0 ,0 ,-5 ,-4 ,-4 ,3 ,-5 | 0
0 ,4 ,-4 ,4 ,0 ,3 ,1 ,4 | 0
0 ,0 ,0 ,-8 ,-4 ,-5.25 ,0.25 ,-10 | 0
0 ,0 ,1 ,-1 ,4 ,-2.25 ,-0.75 ,-3 | 0
0 ,0 ,1 ,2.25 ,-2 ,3.75 ,1.5 ,2.25 | 0
0 ,-5 ,3 ,-0.25 ,3 ,4.75 ,-7 ,1.75 | 0
0 ,5 ,-3 ,2.5 ,-3 ,0.5 ,6 ,3.5 | 0
0 ,3 ,-4 ,-5 ,-8 ,-4 ,3 ,-5 | 0

R6 --> R6 + 1.25*R2

4 ,0 ,0 ,-5 ,-4 ,-4 ,3 ,-5 | 0
0 ,4 ,-4 ,4 ,0 ,3 ,1 ,4 | 0
0 ,0 ,0 ,-8 ,-4 ,-5.25 ,0.25 ,-10 | 0
0 ,0 ,1 ,-1 ,4 ,-2.25 ,-0.75 ,-3 | 0
0 ,0 ,1 ,2.25 ,-2 ,3.75 ,1.5 ,2.25 | 0
0 ,0 ,-2 ,4.75 ,3 ,8.5 ,-5.75 ,6.75 | 0
0 ,5 ,-3 ,2.5 ,-3 ,0.5 ,6 ,3.5 | 0
0 ,3 ,-4 ,-5 ,-8 ,-4 ,3 ,-5 | 0

R7 --> R7 - 1.25*R2

4 ,0 ,0 ,-5 ,-4 ,-4 ,3 ,-5 | 0
0 ,4 ,-4 ,4 ,0 ,3 ,1 ,4 | 0
0 ,0 ,0 ,-8 ,-4 ,-5.25 ,0.25 ,-10 | 0
0 ,0 ,1 ,-1 ,4 ,-2.25 ,-0.75 ,-3 | 0
0 ,0 ,1 ,2.25 ,-2 ,3.75 ,1.5 ,2.25 | 0
0 ,0 ,-2 ,4.75 ,3 ,8.5 ,-5.75 ,6.75 | 0
0 ,0 ,2 ,-2.5 ,-3 ,-3.25 ,4.75 ,-1.5 | 0
0 ,3 ,-4 ,-5 ,-8 ,-4 ,3 ,-5 | 0

R8 --> R8 - 0.75*R2

4 ,0 ,0 ,-5 ,-4 ,-4 ,3 ,-5 | 0
0 ,4 ,-4 ,4 ,0 ,3 ,1 ,4 | 0
0 ,0 ,0 ,-8 ,-4 ,-5.25 ,0.25 ,-10 | 0
0 ,0 ,1 ,-1 ,4 ,-2.25 ,-0.75 ,-3 | 0
0 ,0 ,1 ,2.25 ,-2 ,3.75 ,1.5 ,2.25 | 0
0 ,0 ,-2 ,4.75 ,3 ,8.5 ,-5.75 ,6.75 | 0
0 ,0 ,2 ,-2.5 ,-3 ,-3.25 ,4.75 ,-1.5 | 0
0 ,0 ,-1 ,-8 ,-8 ,-6.25 ,2.25 ,-8 | 0

R3 <--> R4

4 ,0 ,0 ,-5 ,-4 ,-4 ,3 ,-5 | 0
0 ,4 ,-4 ,4 ,0 ,3 ,1 ,4 | 0
0 ,0 ,1 ,-1 ,4 ,-2.25 ,-0.75 ,-3 | 0
0 ,0 ,0 ,-8 ,-4 ,-5.25 ,0.25 ,-10 | 0
0 ,0 ,1 ,2.25 ,-2 ,3.75 ,1.5 ,2.25 | 0
0 ,0 ,-2 ,4.75 ,3 ,8.5 ,-5.75 ,6.75 | 0
0 ,0 ,2 ,-2.5 ,-3 ,-3.25 ,4.75 ,-1.5 | 0
0 ,0 ,-1 ,-8 ,-8 ,-6.25 ,2.25 ,-8 | 0

R2 --> R2 + 4*R3

4 ,0 ,0 ,-5 ,-4 ,-4 ,3 ,-5 | 0
0 ,4 ,0 ,0 ,16 ,-6 ,-2 ,-8 | 0
0 ,0 ,1 ,-1 ,4 ,-2.25 ,-0.75 ,-3 | 0
0 ,0 ,0 ,-8 ,-4 ,-5.25 ,0.25 ,-10 | 0
0 ,0 ,1 ,2.25 ,-2 ,3.75 ,1.5 ,2.25 | 0
0 ,0 ,-2 ,4.75 ,3 ,8.5 ,-5.75 ,6.75 | 0
0 ,0 ,2 ,-2.5 ,-3 ,-3.25 ,4.75 ,-1.5 | 0
0 ,0 ,-1 ,-8 ,-8 ,-6.25 ,2.25 ,-8 | 0

R5 --> R5 - R3

4 ,0 ,0 ,-5 ,-4 ,-4 ,3 ,-5 | 0
0 ,4 ,0 ,0 ,16 ,-6 ,-2 ,-8 | 0
0 ,0 ,1 ,-1 ,4 ,-2.25 ,-0.75 ,-3 | 0
0 ,0 ,0 ,-8 ,-4 ,-5.25 ,0.25 ,-10 | 0
0 ,0 ,0 ,3.25 ,-6 ,6 ,2.25 ,5.25 | 0
0 ,0 ,-2 ,4.75 ,3 ,8.5 ,-5.75 ,6.75 | 0
0 ,0 ,2 ,-2.5 ,-3 ,-3.25 ,4.75 ,-1.5 | 0
0 ,0 ,-1 ,-8 ,-8 ,-6.25 ,2.25 ,-8 | 0

R6 --> R6 + 2*R3

4 ,0 ,0 ,-5 ,-4 ,-4 ,3 ,-5 | 0
0 ,4 ,0 ,0 ,16 ,-6 ,-2 ,-8 | 0
0 ,0 ,1 ,-1 ,4 ,-2.25 ,-0.75 ,-3 | 0
0 ,0 ,0 ,-8 ,-4 ,-5.25 ,0.25 ,-10 | 0
0 ,0 ,0 ,3.25 ,-6 ,6 ,2.25 ,5.25 | 0
0 ,0 ,0 ,2.75 ,11 ,4 ,-7.25 ,0.75 | 0
0 ,0 ,2 ,-2.5 ,-3 ,-3.25 ,4.75 ,-1.5 | 0
0 ,0 ,-1 ,-8 ,-8 ,-6.25 ,2.25 ,-8 | 0

R7 --> R7 - 2*R3

4 ,0 ,0 ,-5 ,-4 ,-4 ,3 ,-5 | 0
0 ,4 ,0 ,0 ,16 ,-6 ,-2 ,-8 | 0
0 ,0 ,1 ,-1 ,4 ,-2.25 ,-0.75 ,-3 | 0
0 ,0 ,0 ,-8 ,-4 ,-5.25 ,0.25 ,-10 | 0
0 ,0 ,0 ,3.25 ,-6 ,6 ,2.25 ,5.25 | 0
0 ,0 ,0 ,2.75 ,11 ,4 ,-7.25 ,0.75 | 0
0 ,0 ,0 ,-0.5 ,-11 ,1.25 ,6.25 ,4.5 | 0
0 ,0 ,-1 ,-8 ,-8 ,-6.25 ,2.25 ,-8 | 0

R8 --> R8 + R3

4 ,0 ,0 ,-5 ,-4 ,-4 ,3 ,-5 | 0
0 ,4 ,0 ,0 ,16 ,-6 ,-2 ,-8 | 0
0 ,0 ,1 ,-1 ,4 ,-2.25 ,-0.75 ,-3 | 0
0 ,0 ,0 ,-8 ,-4 ,-5.25 ,0.25 ,-10 | 0
0 ,0 ,0 ,3.25 ,-6 ,6 ,2.25 ,5.25 | 0
0 ,0 ,0 ,2.75 ,11 ,4 ,-7.25 ,0.75 | 0
0 ,0 ,0 ,-0.5 ,-11 ,1.25 ,6.25 ,4.5 | 0
0 ,0 ,0 ,-9 ,-4 ,-8.5 ,1.5 ,-11 | 0

R1 --> R1 - 0.625*R4

4 ,0 ,0 ,0 ,-1.5 ,-0.719 ,2.844 ,1.25 | 0
0 ,4 ,0 ,0 ,16 ,-6 ,-2 ,-8 | 0
0 ,0 ,1 ,-1 ,4 ,-2.25 ,-0.75 ,-3 | 0
0 ,0 ,0 ,-8 ,-4 ,-5.25 ,0.25 ,-10 | 0
0 ,0 ,0 ,3.25 ,-6 ,6 ,2.25 ,5.25 | 0
0 ,0 ,0 ,2.75 ,11 ,4 ,-7.25 ,0.75 | 0
0 ,0 ,0 ,-0.5 ,-11 ,1.25 ,6.25 ,4.5 | 0
0 ,0 ,0 ,-9 ,-4 ,-8.5 ,1.5 ,-11 | 0

R3 --> R3 - 0.125*R4

4 ,0 ,0 ,0 ,-1.5 ,-0.719 ,2.844 ,1.25 | 0
0 ,4 ,0 ,0 ,16 ,-6 ,-2 ,-8 | 0
0 ,0 ,1 ,0 ,4.5 ,-1.594 ,-0.781 ,-1.75 | 0
0 ,0 ,0 ,-8 ,-4 ,-5.25 ,0.25 ,-10 | 0
0 ,0 ,0 ,3.25 ,-6 ,6 ,2.25 ,5.25 | 0
0 ,0 ,0 ,2.75 ,11 ,4 ,-7.25 ,0.75 | 0
0 ,0 ,0 ,-0.5 ,-11 ,1.25 ,6.25 ,4.5 | 0
0 ,0 ,0 ,-9 ,-4 ,-8.5 ,1.5 ,-11 | 0

R5 --> R5 + 0.406*R4

4 ,0 ,0 ,0 ,-1.5 ,-0.719 ,2.844 ,1.25 | 0
0 ,4 ,0 ,0 ,16 ,-6 ,-2 ,-8 | 0
0 ,0 ,1 ,0 ,4.5 ,-1.594 ,-0.781 ,-1.75 | 0
0 ,0 ,0 ,-8 ,-4 ,-5.25 ,0.25 ,-10 | 0
0 ,0 ,0 ,0 ,-7.625 ,3.867 ,2.352 ,1.188 | 0
0 ,0 ,0 ,2.75 ,11 ,4 ,-7.25 ,0.75 | 0
0 ,0 ,0 ,-0.5 ,-11 ,1.25 ,6.25 ,4.5 | 0
0 ,0 ,0 ,-9 ,-4 ,-8.5 ,1.5 ,-11 | 0

R6 --> R6 + 0.344*R4

4 ,0 ,0 ,0 ,-1.5 ,-0.719 ,2.844 ,1.25 | 0
0 ,4 ,0 ,0 ,16 ,-6 ,-2 ,-8 | 0
0 ,0 ,1 ,0 ,4.5 ,-1.594 ,-0.781 ,-1.75 | 0
0 ,0 ,0 ,-8 ,-4 ,-5.25 ,0.25 ,-10 | 0
0 ,0 ,0 ,0 ,-7.625 ,3.867 ,2.352 ,1.188 | 0
0 ,0 ,0 ,0 ,9.625 ,2.195 ,-7.164 ,-2.687 | 0
0 ,0 ,0 ,-0.5 ,-11 ,1.25 ,6.25 ,4.5 | 0
0 ,0 ,0 ,-9 ,-4 ,-8.5 ,1.5 ,-11 | 0

R7 --> R7 - 0.063*R4

4 ,0 ,0 ,0 ,-1.5 ,-0.719 ,2.844 ,1.25 | 0
0 ,4 ,0 ,0 ,16 ,-6 ,-2 ,-8 | 0
0 ,0 ,1 ,0 ,4.5 ,-1.594 ,-0.781 ,-1.75 | 0
0 ,0 ,0 ,-8 ,-4 ,-5.25 ,0.25 ,-10 | 0
0 ,0 ,0 ,0 ,-7.625 ,3.867 ,2.352 ,1.188 | 0
0 ,0 ,0 ,0 ,9.625 ,2.195 ,-7.164 ,-2.687 | 0
0 ,0 ,0 ,0 ,-10.75 ,1.578 ,6.234 ,5.125 | 0
0 ,0 ,0 ,-9 ,-4 ,-8.5 ,1.5 ,-11 | 0

R8 --> R8 - 1.125*R4

4 ,0 ,0 ,0 ,-1.5 ,-0.719 ,2.844 ,1.25 | 0
0 ,4 ,0 ,0 ,16 ,-6 ,-2 ,-8 | 0
0 ,0 ,1 ,0 ,4.5 ,-1.594 ,-0.781 ,-1.75 | 0
0 ,0 ,0 ,-8 ,-4 ,-5.25 ,0.25 ,-10 | 0
0 ,0 ,0 ,0 ,-7.625 ,3.867 ,2.352 ,1.188 | 0
0 ,0 ,0 ,0 ,9.625 ,2.195 ,-7.164 ,-2.687 | 0
0 ,0 ,0 ,0 ,-10.75 ,1.578 ,6.234 ,5.125 | 0
0 ,0 ,0 ,0 ,0.5 ,-2.594 ,1.219 ,0.25 | 0

R1 --> R1 - 0.197*R5

4 ,0 ,0 ,0 ,0 ,-1.48 ,2.381 ,1.016 | 0
0 ,4 ,0 ,0 ,16 ,-6 ,-2 ,-8 | 0
0 ,0 ,1 ,0 ,4.5 ,-1.594 ,-0.781 ,-1.75 | 0
0 ,0 ,0 ,-8 ,-4 ,-5.25 ,0.25 ,-10 | 0
0 ,0 ,0 ,0 ,-7.625 ,3.867 ,2.352 ,1.188 | 0
0 ,0 ,0 ,0 ,9.625 ,2.195 ,-7.164 ,-2.687 | 0
0 ,0 ,0 ,0 ,-10.75 ,1.578 ,6.234 ,5.125 | 0
0 ,0 ,0 ,0 ,0.5 ,-2.594 ,1.219 ,0.25 | 0

R2 --> R2 + 2.098*R5

4 ,0 ,0 ,0 ,0 ,-1.48 ,2.381 ,1.016 | 0
0 ,4 ,0 ,0 ,0 ,2.115 ,2.934 ,-5.508 | 0
0 ,0 ,1 ,0 ,4.5 ,-1.594 ,-0.781 ,-1.75 | 0
0 ,0 ,0 ,-8 ,-4 ,-5.25 ,0.25 ,-10 | 0
0 ,0 ,0 ,0 ,-7.625 ,3.867 ,2.352 ,1.188 | 0
0 ,0 ,0 ,0 ,9.625 ,2.195 ,-7.164 ,-2.687 | 0
0 ,0 ,0 ,0 ,-10.75 ,1.578 ,6.234 ,5.125 | 0
0 ,0 ,0 ,0 ,0.5 ,-2.594 ,1.219 ,0.25 | 0

R3 --> R3 + 0.59*R5

4 ,0 ,0 ,0 ,0 ,-1.48 ,2.381 ,1.016 | 0
0 ,4 ,0 ,0 ,0 ,2.115 ,2.934 ,-5.508 | 0
0 ,0 ,1 ,0 ,0 ,0.689 ,0.607 ,-1.049 | 0
0 ,0 ,0 ,-8 ,-4 ,-5.25 ,0.25 ,-10 | 0
0 ,0 ,0 ,0 ,-7.625 ,3.867 ,2.352 ,1.188 | 0
0 ,0 ,0 ,0 ,9.625 ,2.195 ,-7.164 ,-2.687 | 0
0 ,0 ,0 ,0 ,-10.75 ,1.578 ,6.234 ,5.125 | 0
0 ,0 ,0 ,0 ,0.5 ,-2.594 ,1.219 ,0.25 | 0

R4 --> R4 - 0.525*R5

4 ,0 ,0 ,0 ,0 ,-1.48 ,2.381 ,1.016 | 0
0 ,4 ,0 ,0 ,0 ,2.115 ,2.934 ,-5.508 | 0
0 ,0 ,1 ,0 ,0 ,0.689 ,0.607 ,-1.049 | 0
0 ,0 ,0 ,-8 ,0 ,-7.279 ,-0.984 ,-10.623 | 0
0 ,0 ,0 ,0 ,-7.625 ,3.867 ,2.352 ,1.188 | 0
0 ,0 ,0 ,0 ,9.625 ,2.195 ,-7.164 ,-2.687 | 0
0 ,0 ,0 ,0 ,-10.75 ,1.578 ,6.234 ,5.125 | 0
0 ,0 ,0 ,0 ,0.5 ,-2.594 ,1.219 ,0.25 | 0

R6 --> R6 + 1.262*R5

4 ,0 ,0 ,0 ,0 ,-1.48 ,2.381 ,1.016 | 0
0 ,4 ,0 ,0 ,0 ,2.115 ,2.934 ,-5.508 | 0
0 ,0 ,1 ,0 ,0 ,0.689 ,0.607 ,-1.049 | 0
0 ,0 ,0 ,-8 ,0 ,-7.279 ,-0.984 ,-10.623 | 0
0 ,0 ,0 ,0 ,-7.625 ,3.867 ,2.352 ,1.188 | 0
0 ,0 ,0 ,0 ,0 ,7.077 ,-4.196 ,-1.189 | 0
0 ,0 ,0 ,0 ,-10.75 ,1.578 ,6.234 ,5.125 | 0
0 ,0 ,0 ,0 ,0.5 ,-2.594 ,1.219 ,0.25 | 0

R7 --> R7 - 1.41*R5

4 ,0 ,0 ,0 ,0 ,-1.48 ,2.381 ,1.016 | 0
0 ,4 ,0 ,0 ,0 ,2.115 ,2.934 ,-5.508 | 0
0 ,0 ,1 ,0 ,0 ,0.689 ,0.607 ,-1.049 | 0
0 ,0 ,0 ,-8 ,0 ,-7.279 ,-0.984 ,-10.623 | 0
0 ,0 ,0 ,0 ,-7.625 ,3.867 ,2.352 ,1.188 | 0
0 ,0 ,0 ,0 ,0 ,7.077 ,-4.196 ,-1.189 | 0
0 ,0 ,0 ,0 ,0 ,-3.874 ,2.919 ,3.451 | 0
0 ,0 ,0 ,0 ,0.5 ,-2.594 ,1.219 ,0.25 | 0

R8 --> R8 + 0.066*R5

4 ,0 ,0 ,0 ,0 ,-1.48 ,2.381 ,1.016 | 0
0 ,4 ,0 ,0 ,0 ,2.115 ,2.934 ,-5.508 | 0
0 ,0 ,1 ,0 ,0 ,0.689 ,0.607 ,-1.049 | 0
0 ,0 ,0 ,-8 ,0 ,-7.279 ,-0.984 ,-10.623 | 0
0 ,0 ,0 ,0 ,-7.625 ,3.867 ,2.352 ,1.188 | 0
0 ,0 ,0 ,0 ,0 ,7.077 ,-4.196 ,-1.189 | 0
0 ,0 ,0 ,0 ,0 ,-3.874 ,2.919 ,3.451 | 0
0 ,0 ,0 ,0 ,0 ,-2.34 ,1.373 ,0.328 | 0

R1 --> R1 + 0.209*R6

4 ,0 ,0 ,0 ,0 ,0 ,1.504 ,0.768 | 0
0 ,4 ,0 ,0 ,0 ,2.115 ,2.934 ,-5.508 | 0
0 ,0 ,1 ,0 ,0 ,0.689 ,0.607 ,-1.049 | 0
0 ,0 ,0 ,-8 ,0 ,-7.279 ,-0.984 ,-10.623 | 0
0 ,0 ,0 ,0 ,-7.625 ,3.867 ,2.352 ,1.188 | 0
0 ,0 ,0 ,0 ,0 ,7.077 ,-4.196 ,-1.189 | 0
0 ,0 ,0 ,0 ,0 ,-3.874 ,2.919 ,3.451 | 0
0 ,0 ,0 ,0 ,0 ,-2.34 ,1.373 ,0.328 | 0

R2 --> R2 - 0.299*R6

4 ,0 ,0 ,0 ,0 ,0 ,1.504 ,0.768 | 0
0 ,4 ,0 ,0 ,0 ,0 ,4.188 ,-5.153 | 0
0 ,0 ,1 ,0 ,0 ,0.689 ,0.607 ,-1.049 | 0
0 ,0 ,0 ,-8 ,0 ,-7.279 ,-0.984 ,-10.623 | 0
0 ,0 ,0 ,0 ,-7.625 ,3.867 ,2.352 ,1.188 | 0
0 ,0 ,0 ,0 ,0 ,7.077 ,-4.196 ,-1.189 | 0
0 ,0 ,0 ,0 ,0 ,-3.874 ,2.919 ,3.451 | 0
0 ,0 ,0 ,0 ,0 ,-2.34 ,1.373 ,0.328 | 0

R3 --> R3 - 0.097*R6

4 ,0 ,0 ,0 ,0 ,0 ,1.504 ,0.768 | 0
0 ,4 ,0 ,0 ,0 ,0 ,4.188 ,-5.153 | 0
0 ,0 ,1 ,0 ,0 ,0 ,1.015 ,-0.934 | 0
0 ,0 ,0 ,-8 ,0 ,-7.279 ,-0.984 ,-10.623 | 0
0 ,0 ,0 ,0 ,-7.625 ,3.867 ,2.352 ,1.188 | 0
0 ,0 ,0 ,0 ,0 ,7.077 ,-4.196 ,-1.189 | 0
0 ,0 ,0 ,0 ,0 ,-3.874 ,2.919 ,3.451 | 0
0 ,0 ,0 ,0 ,0 ,-2.34 ,1.373 ,0.328 | 0

R4 --> R4 + 1.029*R6

4 ,0 ,0 ,0 ,0 ,0 ,1.504 ,0.768 | 0
0 ,4 ,0 ,0 ,0 ,0 ,4.188 ,-5.153 | 0
0 ,0 ,1 ,0 ,0 ,0 ,1.015 ,-0.934 | 0
0 ,0 ,0 ,-8 ,0 ,0 ,-5.299 ,-11.845 | 0
0 ,0 ,0 ,0 ,-7.625 ,3.867 ,2.352 ,1.188 | 0
0 ,0 ,0 ,0 ,0 ,7.077 ,-4.196 ,-1.189 | 0
0 ,0 ,0 ,0 ,0 ,-3.874 ,2.919 ,3.451 | 0
0 ,0 ,0 ,0 ,0 ,-2.34 ,1.373 ,0.328 | 0

R5 --> R5 - 0.546*R6

4 ,0 ,0 ,0 ,0 ,0 ,1.504 ,0.768 | 0
0 ,4 ,0 ,0 ,0 ,0 ,4.188 ,-5.153 | 0
0 ,0 ,1 ,0 ,0 ,0 ,1.015 ,-0.934 | 0
0 ,0 ,0 ,-8 ,0 ,0 ,-5.299 ,-11.845 | 0
0 ,0 ,0 ,0 ,-7.625 ,0 ,4.644 ,1.837 | 0
0 ,0 ,0 ,0 ,0 ,7.077 ,-4.196 ,-1.189 | 0
0 ,0 ,0 ,0 ,0 ,-3.874 ,2.919 ,3.451 | 0
0 ,0 ,0 ,0 ,0 ,-2.34 ,1.373 ,0.328 | 0

R7 --> R7 + 0.547*R6

4 ,0 ,0 ,0 ,0 ,0 ,1.504 ,0.768 | 0
0 ,4 ,0 ,0 ,0 ,0 ,4.188 ,-5.153 | 0
0 ,0 ,1 ,0 ,0 ,0 ,1.015 ,-0.934 | 0
0 ,0 ,0 ,-8 ,0 ,0 ,-5.299 ,-11.845 | 0
0 ,0 ,0 ,0 ,-7.625 ,0 ,4.644 ,1.837 | 0
0 ,0 ,0 ,0 ,0 ,7.077 ,-4.196 ,-1.189 | 0
0 ,0 ,0 ,0 ,0 ,0 ,0.622 ,2.8 | 0
0 ,0 ,0 ,0 ,0 ,-2.34 ,1.373 ,0.328 | 0

R8 --> R8 + 0.331*R6

4 ,0 ,0 ,0 ,0 ,0 ,1.504 ,0.768 | 0
0 ,4 ,0 ,0 ,0 ,0 ,4.188 ,-5.153 | 0
0 ,0 ,1 ,0 ,0 ,0 ,1.015 ,-0.934 | 0
0 ,0 ,0 ,-8 ,0 ,0 ,-5.299 ,-11.845 | 0
0 ,0 ,0 ,0 ,-7.625 ,0 ,4.644 ,1.837 | 0
0 ,0 ,0 ,0 ,0 ,7.077 ,-4.196 ,-1.189 | 0
0 ,0 ,0 ,0 ,0 ,0 ,0.622 ,2.8 | 0
0 ,0 ,0 ,0 ,0 ,0 ,-0.014 ,-0.065 | 0

R1 --> R1 - 2.417*R7

4 ,0 ,0 ,0 ,0 ,0 ,0 ,-6 | 0
0 ,4 ,0 ,0 ,0 ,0 ,4.188 ,-5.153 | 0
0 ,0 ,1 ,0 ,0 ,0 ,1.015 ,-0.934 | 0
0 ,0 ,0 ,-8 ,0 ,0 ,-5.299 ,-11.845 | 0
0 ,0 ,0 ,0 ,-7.625 ,0 ,4.644 ,1.837 | 0
0 ,0 ,0 ,0 ,0 ,7.077 ,-4.196 ,-1.189 | 0
0 ,0 ,0 ,0 ,0 ,0 ,0.622 ,2.8 | 0
0 ,0 ,0 ,0 ,0 ,0 ,-0.014 ,-0.065 | 0

R2 --> R2 - 6.731*R7

4 ,0 ,0 ,0 ,0 ,0 ,0 ,-6 | 0
0 ,4 ,0 ,0 ,0 ,0 ,0 ,-24 | 0
0 ,0 ,1 ,0 ,0 ,0 ,1.015 ,-0.934 | 0
0 ,0 ,0 ,-8 ,0 ,0 ,-5.299 ,-11.845 | 0
0 ,0 ,0 ,0 ,-7.625 ,0 ,4.644 ,1.837 | 0
0 ,0 ,0 ,0 ,0 ,7.077 ,-4.196 ,-1.189 | 0
0 ,0 ,0 ,0 ,0 ,0 ,0.622 ,2.8 | 0
0 ,0 ,0 ,0 ,0 ,0 ,-0.014 ,-0.065 | 0

R3 --> R3 - 1.631*R7

4 ,0 ,0 ,0 ,0 ,0 ,0 ,-6 | 0
0 ,4 ,0 ,0 ,0 ,0 ,0 ,-24 | 0
0 ,0 ,1 ,0 ,0 ,0 ,0 ,-5.5 | 0
0 ,0 ,0 ,-8 ,0 ,0 ,-5.299 ,-11.845 | 0
0 ,0 ,0 ,0 ,-7.625 ,0 ,4.644 ,1.837 | 0
0 ,0 ,0 ,0 ,0 ,7.077 ,-4.196 ,-1.189 | 0
0 ,0 ,0 ,0 ,0 ,0 ,0.622 ,2.8 | 0
0 ,0 ,0 ,0 ,0 ,0 ,-0.014 ,-0.065 | 0

R4 --> R4 + 8.516*R7

4 ,0 ,0 ,0 ,0 ,0 ,0 ,-6 | 0
0 ,4 ,0 ,0 ,0 ,0 ,0 ,-24 | 0
0 ,0 ,1 ,0 ,0 ,0 ,0 ,-5.5 | 0
0 ,0 ,0 ,-8 ,0 ,0 ,0 ,12 | 0
0 ,0 ,0 ,0 ,-7.625 ,0 ,4.644 ,1.837 | 0
0 ,0 ,0 ,0 ,0 ,7.077 ,-4.196 ,-1.189 | 0
0 ,0 ,0 ,0 ,0 ,0 ,0.622 ,2.8 | 0
0 ,0 ,0 ,0 ,0 ,0 ,-0.014 ,-0.065 | 0

R5 --> R5 - 7.464*R7

4 ,0 ,0 ,0 ,0 ,0 ,0 ,-6 | 0
0 ,4 ,0 ,0 ,0 ,0 ,0 ,-24 | 0
0 ,0 ,1 ,0 ,0 ,0 ,0 ,-5.5 | 0
0 ,0 ,0 ,-8 ,0 ,0 ,0 ,12 | 0
0 ,0 ,0 ,0 ,-7.625 ,0 ,0 ,-19.063 | 0
0 ,0 ,0 ,0 ,0 ,7.077 ,-4.196 ,-1.189 | 0
0 ,0 ,0 ,0 ,0 ,0 ,0.622 ,2.8 | 0
0 ,0 ,0 ,0 ,0 ,0 ,-0.014 ,-0.065 | 0

R6 --> R6 + 6.743*R7

4 ,0 ,0 ,0 ,0 ,0 ,0 ,-6 | 0
0 ,4 ,0 ,0 ,0 ,0 ,0 ,-24 | 0
0 ,0 ,1 ,0 ,0 ,0 ,0 ,-5.5 | 0
0 ,0 ,0 ,-8 ,0 ,0 ,0 ,12 | 0
0 ,0 ,0 ,0 ,-7.625 ,0 ,0 ,-19.063 | 0
0 ,0 ,0 ,0 ,0 ,7.077 ,0 ,17.692 | 0
0 ,0 ,0 ,0 ,0 ,0 ,0.622 ,2.8 | 0
0 ,0 ,0 ,0 ,0 ,0 ,-0.014 ,-0.065 | 0

R8 --> R8 + 0.023*R7

4 ,0 ,0 ,0 ,0 ,0 ,0 ,-6 | 0
0 ,4 ,0 ,0 ,0 ,0 ,0 ,-24 | 0
0 ,0 ,1 ,0 ,0 ,0 ,0 ,-5.5 | 0
0 ,0 ,0 ,-8 ,0 ,0 ,0 ,12 | 0
0 ,0 ,0 ,0 ,-7.625 ,0 ,0 ,-19.063 | 0
0 ,0 ,0 ,0 ,0 ,7.077 ,0 ,17.692 | 0
0 ,0 ,0 ,0 ,0 ,0 ,0.622 ,2.8 | 0
0 ,0 ,0 ,0 ,0 ,0 ,0 ,0 | 0

define new column in the vector b when x8 is free variable in R8 space:
4 ,0 ,0 ,0 ,0 ,0 ,0 ,-6 | 0 ,0
0 ,4 ,0 ,0 ,0 ,0 ,0 ,-24 | 0 ,0
0 ,0 ,1 ,0 ,0 ,0 ,0 ,-5.5 | 0 ,0
0 ,0 ,0 ,-8 ,0 ,0 ,0 ,12 | 0 ,0
0 ,0 ,0 ,0 ,-7.625 ,0 ,0 ,-19.063 | 0 ,0
0 ,0 ,0 ,0 ,0 ,7.077 ,0 ,17.692 | 0 ,0
0 ,0 ,0 ,0 ,0 ,0 ,0.622 ,2.8 | 0 ,0
0 ,0 ,0 ,0 ,0 ,0 ,0 ,1 | 0 ,1

R1 --> R1 + 6*R8

4 ,0 ,0 ,0 ,0 ,0 ,0 ,0 | 0 ,6
0 ,4 ,0 ,0 ,0 ,0 ,0 ,-24 | 0 ,0
0 ,0 ,1 ,0 ,0 ,0 ,0 ,-5.5 | 0 ,0
0 ,0 ,0 ,-8 ,0 ,0 ,0 ,12 | 0 ,0
0 ,0 ,0 ,0 ,-7.625 ,0 ,0 ,-19.063 | 0 ,0
0 ,0 ,0 ,0 ,0 ,7.077 ,0 ,17.692 | 0 ,0
0 ,0 ,0 ,0 ,0 ,0 ,0.622 ,2.8 | 0 ,0
0 ,0 ,0 ,0 ,0 ,0 ,0 ,1 | 0 ,1

R1 --> 0.25*R1

1 ,0 ,0 ,0 ,0 ,0 ,0 ,0 | 0 ,1.5
0 ,4 ,0 ,0 ,0 ,0 ,0 ,-24 | 0 ,0
0 ,0 ,1 ,0 ,0 ,0 ,0 ,-5.5 | 0 ,0
0 ,0 ,0 ,-8 ,0 ,0 ,0 ,12 | 0 ,0
0 ,0 ,0 ,0 ,-7.625 ,0 ,0 ,-19.063 | 0 ,0
0 ,0 ,0 ,0 ,0 ,7.077 ,0 ,17.692 | 0 ,0
0 ,0 ,0 ,0 ,0 ,0 ,0.622 ,2.8 | 0 ,0
0 ,0 ,0 ,0 ,0 ,0 ,0 ,1 | 0 ,1

R2 --> R2 + 24*R8

1 ,0 ,0 ,0 ,0 ,0 ,0 ,0 | 0 ,1.5
0 ,4 ,0 ,0 ,0 ,0 ,0 ,0 | 0 ,24
0 ,0 ,1 ,0 ,0 ,0 ,0 ,-5.5 | 0 ,0
0 ,0 ,0 ,-8 ,0 ,0 ,0 ,12 | 0 ,0
0 ,0 ,0 ,0 ,-7.625 ,0 ,0 ,-19.063 | 0 ,0
0 ,0 ,0 ,0 ,0 ,7.077 ,0 ,17.692 | 0 ,0
0 ,0 ,0 ,0 ,0 ,0 ,0.622 ,2.8 | 0 ,0
0 ,0 ,0 ,0 ,0 ,0 ,0 ,1 | 0 ,1

R2 --> 0.25*R2

1 ,0 ,0 ,0 ,0 ,0 ,0 ,0 | 0 ,1.5
0 ,1 ,0 ,0 ,0 ,0 ,0 ,0 | 0 ,6
0 ,0 ,1 ,0 ,0 ,0 ,0 ,-5.5 | 0 ,0
0 ,0 ,0 ,-8 ,0 ,0 ,0 ,12 | 0 ,0
0 ,0 ,0 ,0 ,-7.625 ,0 ,0 ,-19.063 | 0 ,0
0 ,0 ,0 ,0 ,0 ,7.077 ,0 ,17.692 | 0 ,0
0 ,0 ,0 ,0 ,0 ,0 ,0.622 ,2.8 | 0 ,0
0 ,0 ,0 ,0 ,0 ,0 ,0 ,1 | 0 ,1

R3 --> R3 + 5.5*R8

1 ,0 ,0 ,0 ,0 ,0 ,0 ,0 | 0 ,1.5
0 ,1 ,0 ,0 ,0 ,0 ,0 ,0 | 0 ,6
0 ,0 ,1 ,0 ,0 ,0 ,0 ,0 | 0 ,5.5
0 ,0 ,0 ,-8 ,0 ,0 ,0 ,12 | 0 ,0
0 ,0 ,0 ,0 ,-7.625 ,0 ,0 ,-19.063 | 0 ,0
0 ,0 ,0 ,0 ,0 ,7.077 ,0 ,17.692 | 0 ,0
0 ,0 ,0 ,0 ,0 ,0 ,0.622 ,2.8 | 0 ,0
0 ,0 ,0 ,0 ,0 ,0 ,0 ,1 | 0 ,1

R4 --> R4 - 12*R8

1 ,0 ,0 ,0 ,0 ,0 ,0 ,0 | 0 ,1.5
0 ,1 ,0 ,0 ,0 ,0 ,0 ,0 | 0 ,6
0 ,0 ,1 ,0 ,0 ,0 ,0 ,0 | 0 ,5.5
0 ,0 ,0 ,-8 ,0 ,0 ,0 ,0 | 0 ,-12
0 ,0 ,0 ,0 ,-7.625 ,0 ,0 ,-19.063 | 0 ,0
0 ,0 ,0 ,0 ,0 ,7.077 ,0 ,17.692 | 0 ,0
0 ,0 ,0 ,0 ,0 ,0 ,0.622 ,2.8 | 0 ,0
0 ,0 ,0 ,0 ,0 ,0 ,0 ,1 | 0 ,1

R4 --> -0.125*R4

1 ,0 ,0 ,0 ,0 ,0 ,0 ,0 | 0 ,1.5
0 ,1 ,0 ,0 ,0 ,0 ,0 ,0 | 0 ,6
0 ,0 ,1 ,0 ,0 ,0 ,0 ,0 | 0 ,5.5
0 ,0 ,0 ,1 ,0 ,0 ,0 ,0 | 0 ,1.5
0 ,0 ,0 ,0 ,-7.625 ,0 ,0 ,-19.063 | 0 ,0
0 ,0 ,0 ,0 ,0 ,7.077 ,0 ,17.692 | 0 ,0
0 ,0 ,0 ,0 ,0 ,0 ,0.622 ,2.8 | 0 ,0
0 ,0 ,0 ,0 ,0 ,0 ,0 ,1 | 0 ,1

R5 --> R5 + 19.063*R8

1 ,0 ,0 ,0 ,0 ,0 ,0 ,0 | 0 ,1.5
0 ,1 ,0 ,0 ,0 ,0 ,0 ,0 | 0 ,6
0 ,0 ,1 ,0 ,0 ,0 ,0 ,0 | 0 ,5.5
0 ,0 ,0 ,1 ,0 ,0 ,0 ,0 | 0 ,1.5
0 ,0 ,0 ,0 ,-7.625 ,0 ,0 ,0 | 0 ,19.063
0 ,0 ,0 ,0 ,0 ,7.077 ,0 ,17.692 | 0 ,0
0 ,0 ,0 ,0 ,0 ,0 ,0.622 ,2.8 | 0 ,0
0 ,0 ,0 ,0 ,0 ,0 ,0 ,1 | 0 ,1

R5 --> -0.131*R5

1 ,0 ,0 ,0 ,0 ,0 ,0 ,0 | 0 ,1.5
0 ,1 ,0 ,0 ,0 ,0 ,0 ,0 | 0 ,6
0 ,0 ,1 ,0 ,0 ,0 ,0 ,0 | 0 ,5.5
0 ,0 ,0 ,1 ,0 ,0 ,0 ,0 | 0 ,1.5
0 ,0 ,0 ,0 ,1 ,0 ,0 ,0 | 0 ,-2.5
0 ,0 ,0 ,0 ,0 ,7.077 ,0 ,17.692 | 0 ,0
0 ,0 ,0 ,0 ,0 ,0 ,0.622 ,2.8 | 0 ,0
0 ,0 ,0 ,0 ,0 ,0 ,0 ,1 | 0 ,1

R6 --> R6 - 17.692*R8

1 ,0 ,0 ,0 ,0 ,0 ,0 ,0 | 0 ,1.5
0 ,1 ,0 ,0 ,0 ,0 ,0 ,0 | 0 ,6
0 ,0 ,1 ,0 ,0 ,0 ,0 ,0 | 0 ,5.5
0 ,0 ,0 ,1 ,0 ,0 ,0 ,0 | 0 ,1.5
0 ,0 ,0 ,0 ,1 ,0 ,0 ,0 | 0 ,-2.5
0 ,0 ,0 ,0 ,0 ,7.077 ,0 ,0 | 0 ,-17.692
0 ,0 ,0 ,0 ,0 ,0 ,0.622 ,2.8 | 0 ,0
0 ,0 ,0 ,0 ,0 ,0 ,0 ,1 | 0 ,1

R6 --> 0.141*R6

1 ,0 ,0 ,0 ,0 ,0 ,0 ,0 | 0 ,1.5
0 ,1 ,0 ,0 ,0 ,0 ,0 ,0 | 0 ,6
0 ,0 ,1 ,0 ,0 ,0 ,0 ,0 | 0 ,5.5
0 ,0 ,0 ,1 ,0 ,0 ,0 ,0 | 0 ,1.5
0 ,0 ,0 ,0 ,1 ,0 ,0 ,0 | 0 ,-2.5
0 ,0 ,0 ,0 ,0 ,1 ,0 ,0 | 0 ,-2.5
0 ,0 ,0 ,0 ,0 ,0 ,0.622 ,2.8 | 0 ,0
0 ,0 ,0 ,0 ,0 ,0 ,0 ,1 | 0 ,1

R7 --> R7 - 2.8*R8

1 ,0 ,0 ,0 ,0 ,0 ,0 ,0 | 0 ,1.5
0 ,1 ,0 ,0 ,0 ,0 ,0 ,0 | 0 ,6
0 ,0 ,1 ,0 ,0 ,0 ,0 ,0 | 0 ,5.5
0 ,0 ,0 ,1 ,0 ,0 ,0 ,0 | 0 ,1.5
0 ,0 ,0 ,0 ,1 ,0 ,0 ,0 | 0 ,-2.5
0 ,0 ,0 ,0 ,0 ,1 ,0 ,0 | 0 ,-2.5
0 ,0 ,0 ,0 ,0 ,0 ,0.622 ,0 | 0 ,-2.8
0 ,0 ,0 ,0 ,0 ,0 ,0 ,1 | 0 ,1

R7 --> 1.607*R7

1 ,0 ,0 ,0 ,0 ,0 ,0 ,0 | 0 ,1.5
0 ,1 ,0 ,0 ,0 ,0 ,0 ,0 | 0 ,6
0 ,0 ,1 ,0 ,0 ,0 ,0 ,0 | 0 ,5.5
0 ,0 ,0 ,1 ,0 ,0 ,0 ,0 | 0 ,1.5
0 ,0 ,0 ,0 ,1 ,0 ,0 ,0 | 0 ,-2.5
0 ,0 ,0 ,0 ,0 ,1 ,0 ,0 | 0 ,-2.5
0 ,0 ,0 ,0 ,0 ,0 ,1 ,0 | 0 ,-4.5
0 ,0 ,0 ,0 ,0 ,0 ,0 ,1 | 0 ,1

the solution is an infinite set of vectors in R8 space which are linearly dependents in the vector space:
x = λ*(1.5 ,6 ,5.5 ,1.5 ,-2.5 ,-2.5 ,-4.5 ,1) when λ it's a free scalar that belongs to the R set
