solve the next system in R8 space (8 equations)(8 unknowns):
eq1: + 2*x1        + 2*x3        -   x5 +   x6 - 3*x7 + 2*x8  = 0
eq2: -   x1 - 3*x2 -   x3 - 3*x4 - 4*x5        - 2*x7 -   x8  = 0
eq3: + 4*x1 + 3*x2 -   x3 + 2*x4 + 4*x5                       = 0
eq4:        - 3*x2 +   x3               + 2*x6 -   x7 + 4*x8  = 0
eq5: + 2*x1 - 3*x2 - 2*x3 + 4*x4 + 2*x5 -   x6 + 2*x7 - 4*x8  = 0
eq6: - 3*x1 - 2*x2 +   x3 + 2*x4 + 3*x5 +   x6 + 4*x7 - 2*x8  = 0
eq7:               - 4*x3 - 4*x4 + 2*x5 - 3*x6 - 2*x7 + 3*x8  = 0
eq8:        - 3*x2 -   x3 + 3*x4        - 3*x6 +   x7 - 3*x8  = 0

2 ,0 ,2 ,0 ,-1 ,1 ,-3 ,2 | 0
-1 ,-3 ,-1 ,-3 ,-4 ,0 ,-2 ,-1 | 0
4 ,3 ,-1 ,2 ,4 ,0 ,0 ,0 | 0
0 ,-3 ,1 ,0 ,0 ,2 ,-1 ,4 | 0
2 ,-3 ,-2 ,4 ,2 ,-1 ,2 ,-4 | 0
-3 ,-2 ,1 ,2 ,3 ,1 ,4 ,-2 | 0
0 ,0 ,-4 ,-4 ,2 ,-3 ,-2 ,3 | 0
0 ,-3 ,-1 ,3 ,0 ,-3 ,1 ,-3 | 0

implement the solution by elementary matrices method:
transform A matrix to I by an elementary matrices:
R2 --> R2 + 0.5*R1

2 ,0 ,2 ,0 ,-1 ,1 ,-3 ,2 | 0
0 ,-3 ,0 ,-3 ,-4.5 ,0.5 ,-3.5 ,0 | 0
4 ,3 ,-1 ,2 ,4 ,0 ,0 ,0 | 0
0 ,-3 ,1 ,0 ,0 ,2 ,-1 ,4 | 0
2 ,-3 ,-2 ,4 ,2 ,-1 ,2 ,-4 | 0
-3 ,-2 ,1 ,2 ,3 ,1 ,4 ,-2 | 0
0 ,0 ,-4 ,-4 ,2 ,-3 ,-2 ,3 | 0
0 ,-3 ,-1 ,3 ,0 ,-3 ,1 ,-3 | 0

R3 --> R3 - 2*R1

2 ,0 ,2 ,0 ,-1 ,1 ,-3 ,2 | 0
0 ,-3 ,0 ,-3 ,-4.5 ,0.5 ,-3.5 ,0 | 0
0 ,3 ,-5 ,2 ,6 ,-2 ,6 ,-4 | 0
0 ,-3 ,1 ,0 ,0 ,2 ,-1 ,4 | 0
2 ,-3 ,-2 ,4 ,2 ,-1 ,2 ,-4 | 0
-3 ,-2 ,1 ,2 ,3 ,1 ,4 ,-2 | 0
0 ,0 ,-4 ,-4 ,2 ,-3 ,-2 ,3 | 0
0 ,-3 ,-1 ,3 ,0 ,-3 ,1 ,-3 | 0

R5 --> R5 - R1

2 ,0 ,2 ,0 ,-1 ,1 ,-3 ,2 | 0
0 ,-3 ,0 ,-3 ,-4.5 ,0.5 ,-3.5 ,0 | 0
0 ,3 ,-5 ,2 ,6 ,-2 ,6 ,-4 | 0
0 ,-3 ,1 ,0 ,0 ,2 ,-1 ,4 | 0
0 ,-3 ,-4 ,4 ,3 ,-2 ,5 ,-6 | 0
-3 ,-2 ,1 ,2 ,3 ,1 ,4 ,-2 | 0
0 ,0 ,-4 ,-4 ,2 ,-3 ,-2 ,3 | 0
0 ,-3 ,-1 ,3 ,0 ,-3 ,1 ,-3 | 0

R6 --> R6 + 1.5*R1

2 ,0 ,2 ,0 ,-1 ,1 ,-3 ,2 | 0
0 ,-3 ,0 ,-3 ,-4.5 ,0.5 ,-3.5 ,0 | 0
0 ,3 ,-5 ,2 ,6 ,-2 ,6 ,-4 | 0
0 ,-3 ,1 ,0 ,0 ,2 ,-1 ,4 | 0
0 ,-3 ,-4 ,4 ,3 ,-2 ,5 ,-6 | 0
0 ,-2 ,4 ,2 ,1.5 ,2.5 ,-0.5 ,1 | 0
0 ,0 ,-4 ,-4 ,2 ,-3 ,-2 ,3 | 0
0 ,-3 ,-1 ,3 ,0 ,-3 ,1 ,-3 | 0

R3 --> R3 + R2

2 ,0 ,2 ,0 ,-1 ,1 ,-3 ,2 | 0
0 ,-3 ,0 ,-3 ,-4.5 ,0.5 ,-3.5 ,0 | 0
0 ,0 ,-5 ,-1 ,1.5 ,-1.5 ,2.5 ,-4 | 0
0 ,-3 ,1 ,0 ,0 ,2 ,-1 ,4 | 0
0 ,-3 ,-4 ,4 ,3 ,-2 ,5 ,-6 | 0
0 ,-2 ,4 ,2 ,1.5 ,2.5 ,-0.5 ,1 | 0
0 ,0 ,-4 ,-4 ,2 ,-3 ,-2 ,3 | 0
0 ,-3 ,-1 ,3 ,0 ,-3 ,1 ,-3 | 0

R4 --> R4 - R2

2 ,0 ,2 ,0 ,-1 ,1 ,-3 ,2 | 0
0 ,-3 ,0 ,-3 ,-4.5 ,0.5 ,-3.5 ,0 | 0
0 ,0 ,-5 ,-1 ,1.5 ,-1.5 ,2.5 ,-4 | 0
0 ,0 ,1 ,3 ,4.5 ,1.5 ,2.5 ,4 | 0
0 ,-3 ,-4 ,4 ,3 ,-2 ,5 ,-6 | 0
0 ,-2 ,4 ,2 ,1.5 ,2.5 ,-0.5 ,1 | 0
0 ,0 ,-4 ,-4 ,2 ,-3 ,-2 ,3 | 0
0 ,-3 ,-1 ,3 ,0 ,-3 ,1 ,-3 | 0

R5 --> R5 - R2

2 ,0 ,2 ,0 ,-1 ,1 ,-3 ,2 | 0
0 ,-3 ,0 ,-3 ,-4.5 ,0.5 ,-3.5 ,0 | 0
0 ,0 ,-5 ,-1 ,1.5 ,-1.5 ,2.5 ,-4 | 0
0 ,0 ,1 ,3 ,4.5 ,1.5 ,2.5 ,4 | 0
0 ,0 ,-4 ,7 ,7.5 ,-2.5 ,8.5 ,-6 | 0
0 ,-2 ,4 ,2 ,1.5 ,2.5 ,-0.5 ,1 | 0
0 ,0 ,-4 ,-4 ,2 ,-3 ,-2 ,3 | 0
0 ,-3 ,-1 ,3 ,0 ,-3 ,1 ,-3 | 0

R6 --> R6 - 0.667*R2

2 ,0 ,2 ,0 ,-1 ,1 ,-3 ,2 | 0
0 ,-3 ,0 ,-3 ,-4.5 ,0.5 ,-3.5 ,0 | 0
0 ,0 ,-5 ,-1 ,1.5 ,-1.5 ,2.5 ,-4 | 0
0 ,0 ,1 ,3 ,4.5 ,1.5 ,2.5 ,4 | 0
0 ,0 ,-4 ,7 ,7.5 ,-2.5 ,8.5 ,-6 | 0
0 ,0 ,4 ,4 ,4.5 ,2.167 ,1.833 ,1 | 0
0 ,0 ,-4 ,-4 ,2 ,-3 ,-2 ,3 | 0
0 ,-3 ,-1 ,3 ,0 ,-3 ,1 ,-3 | 0

R8 --> R8 - R2

2 ,0 ,2 ,0 ,-1 ,1 ,-3 ,2 | 0
0 ,-3 ,0 ,-3 ,-4.5 ,0.5 ,-3.5 ,0 | 0
0 ,0 ,-5 ,-1 ,1.5 ,-1.5 ,2.5 ,-4 | 0
0 ,0 ,1 ,3 ,4.5 ,1.5 ,2.5 ,4 | 0
0 ,0 ,-4 ,7 ,7.5 ,-2.5 ,8.5 ,-6 | 0
0 ,0 ,4 ,4 ,4.5 ,2.167 ,1.833 ,1 | 0
0 ,0 ,-4 ,-4 ,2 ,-3 ,-2 ,3 | 0
0 ,0 ,-1 ,6 ,4.5 ,-3.5 ,4.5 ,-3 | 0

R1 --> R1 + 0.4*R3

2 ,0 ,0 ,-0.4 ,-0.4 ,0.4 ,-2 ,0.4 | 0
0 ,-3 ,0 ,-3 ,-4.5 ,0.5 ,-3.5 ,0 | 0
0 ,0 ,-5 ,-1 ,1.5 ,-1.5 ,2.5 ,-4 | 0
0 ,0 ,1 ,3 ,4.5 ,1.5 ,2.5 ,4 | 0
0 ,0 ,-4 ,7 ,7.5 ,-2.5 ,8.5 ,-6 | 0
0 ,0 ,4 ,4 ,4.5 ,2.167 ,1.833 ,1 | 0
0 ,0 ,-4 ,-4 ,2 ,-3 ,-2 ,3 | 0
0 ,0 ,-1 ,6 ,4.5 ,-3.5 ,4.5 ,-3 | 0

R4 --> R4 + 0.2*R3

2 ,0 ,0 ,-0.4 ,-0.4 ,0.4 ,-2 ,0.4 | 0
0 ,-3 ,0 ,-3 ,-4.5 ,0.5 ,-3.5 ,0 | 0
0 ,0 ,-5 ,-1 ,1.5 ,-1.5 ,2.5 ,-4 | 0
0 ,0 ,0 ,2.8 ,4.8 ,1.2 ,3 ,3.2 | 0
0 ,0 ,-4 ,7 ,7.5 ,-2.5 ,8.5 ,-6 | 0
0 ,0 ,4 ,4 ,4.5 ,2.167 ,1.833 ,1 | 0
0 ,0 ,-4 ,-4 ,2 ,-3 ,-2 ,3 | 0
0 ,0 ,-1 ,6 ,4.5 ,-3.5 ,4.5 ,-3 | 0

R5 --> R5 - 0.8*R3

2 ,0 ,0 ,-0.4 ,-0.4 ,0.4 ,-2 ,0.4 | 0
0 ,-3 ,0 ,-3 ,-4.5 ,0.5 ,-3.5 ,0 | 0
0 ,0 ,-5 ,-1 ,1.5 ,-1.5 ,2.5 ,-4 | 0
0 ,0 ,0 ,2.8 ,4.8 ,1.2 ,3 ,3.2 | 0
0 ,0 ,0 ,7.8 ,6.3 ,-1.3 ,6.5 ,-2.8 | 0
0 ,0 ,4 ,4 ,4.5 ,2.167 ,1.833 ,1 | 0
0 ,0 ,-4 ,-4 ,2 ,-3 ,-2 ,3 | 0
0 ,0 ,-1 ,6 ,4.5 ,-3.5 ,4.5 ,-3 | 0

R6 --> R6 + 0.8*R3

2 ,0 ,0 ,-0.4 ,-0.4 ,0.4 ,-2 ,0.4 | 0
0 ,-3 ,0 ,-3 ,-4.5 ,0.5 ,-3.5 ,0 | 0
0 ,0 ,-5 ,-1 ,1.5 ,-1.5 ,2.5 ,-4 | 0
0 ,0 ,0 ,2.8 ,4.8 ,1.2 ,3 ,3.2 | 0
0 ,0 ,0 ,7.8 ,6.3 ,-1.3 ,6.5 ,-2.8 | 0
0 ,0 ,0 ,3.2 ,5.7 ,0.967 ,3.833 ,-2.2 | 0
0 ,0 ,-4 ,-4 ,2 ,-3 ,-2 ,3 | 0
0 ,0 ,-1 ,6 ,4.5 ,-3.5 ,4.5 ,-3 | 0

R7 --> R7 - 0.8*R3

2 ,0 ,0 ,-0.4 ,-0.4 ,0.4 ,-2 ,0.4 | 0
0 ,-3 ,0 ,-3 ,-4.5 ,0.5 ,-3.5 ,0 | 0
0 ,0 ,-5 ,-1 ,1.5 ,-1.5 ,2.5 ,-4 | 0
0 ,0 ,0 ,2.8 ,4.8 ,1.2 ,3 ,3.2 | 0
0 ,0 ,0 ,7.8 ,6.3 ,-1.3 ,6.5 ,-2.8 | 0
0 ,0 ,0 ,3.2 ,5.7 ,0.967 ,3.833 ,-2.2 | 0
0 ,0 ,0 ,-3.2 ,0.8 ,-1.8 ,-4 ,6.2 | 0
0 ,0 ,-1 ,6 ,4.5 ,-3.5 ,4.5 ,-3 | 0

R8 --> R8 - 0.2*R3

2 ,0 ,0 ,-0.4 ,-0.4 ,0.4 ,-2 ,0.4 | 0
0 ,-3 ,0 ,-3 ,-4.5 ,0.5 ,-3.5 ,0 | 0
0 ,0 ,-5 ,-1 ,1.5 ,-1.5 ,2.5 ,-4 | 0
0 ,0 ,0 ,2.8 ,4.8 ,1.2 ,3 ,3.2 | 0
0 ,0 ,0 ,7.8 ,6.3 ,-1.3 ,6.5 ,-2.8 | 0
0 ,0 ,0 ,3.2 ,5.7 ,0.967 ,3.833 ,-2.2 | 0
0 ,0 ,0 ,-3.2 ,0.8 ,-1.8 ,-4 ,6.2 | 0
0 ,0 ,0 ,6.2 ,4.2 ,-3.2 ,4 ,-2.2 | 0

R1 --> R1 + 0.143*R4

2 ,0 ,0 ,0 ,0.286 ,0.571 ,-1.571 ,0.857 | 0
0 ,-3 ,0 ,-3 ,-4.5 ,0.5 ,-3.5 ,0 | 0
0 ,0 ,-5 ,-1 ,1.5 ,-1.5 ,2.5 ,-4 | 0
0 ,0 ,0 ,2.8 ,4.8 ,1.2 ,3 ,3.2 | 0
0 ,0 ,0 ,7.8 ,6.3 ,-1.3 ,6.5 ,-2.8 | 0
0 ,0 ,0 ,3.2 ,5.7 ,0.967 ,3.833 ,-2.2 | 0
0 ,0 ,0 ,-3.2 ,0.8 ,-1.8 ,-4 ,6.2 | 0
0 ,0 ,0 ,6.2 ,4.2 ,-3.2 ,4 ,-2.2 | 0

R2 --> R2 + 1.071*R4

2 ,0 ,0 ,0 ,0.286 ,0.571 ,-1.571 ,0.857 | 0
0 ,-3 ,0 ,0 ,0.643 ,1.786 ,-0.286 ,3.429 | 0
0 ,0 ,-5 ,-1 ,1.5 ,-1.5 ,2.5 ,-4 | 0
0 ,0 ,0 ,2.8 ,4.8 ,1.2 ,3 ,3.2 | 0
0 ,0 ,0 ,7.8 ,6.3 ,-1.3 ,6.5 ,-2.8 | 0
0 ,0 ,0 ,3.2 ,5.7 ,0.967 ,3.833 ,-2.2 | 0
0 ,0 ,0 ,-3.2 ,0.8 ,-1.8 ,-4 ,6.2 | 0
0 ,0 ,0 ,6.2 ,4.2 ,-3.2 ,4 ,-2.2 | 0

R3 --> R3 + 0.357*R4

2 ,0 ,0 ,0 ,0.286 ,0.571 ,-1.571 ,0.857 | 0
0 ,-3 ,0 ,0 ,0.643 ,1.786 ,-0.286 ,3.429 | 0
0 ,0 ,-5 ,0 ,3.214 ,-1.071 ,3.571 ,-2.857 | 0
0 ,0 ,0 ,2.8 ,4.8 ,1.2 ,3 ,3.2 | 0
0 ,0 ,0 ,7.8 ,6.3 ,-1.3 ,6.5 ,-2.8 | 0
0 ,0 ,0 ,3.2 ,5.7 ,0.967 ,3.833 ,-2.2 | 0
0 ,0 ,0 ,-3.2 ,0.8 ,-1.8 ,-4 ,6.2 | 0
0 ,0 ,0 ,6.2 ,4.2 ,-3.2 ,4 ,-2.2 | 0

R5 --> R5 - 2.786*R4

2 ,0 ,0 ,0 ,0.286 ,0.571 ,-1.571 ,0.857 | 0
0 ,-3 ,0 ,0 ,0.643 ,1.786 ,-0.286 ,3.429 | 0
0 ,0 ,-5 ,0 ,3.214 ,-1.071 ,3.571 ,-2.857 | 0
0 ,0 ,0 ,2.8 ,4.8 ,1.2 ,3 ,3.2 | 0
0 ,0 ,0 ,0 ,-7.071 ,-4.643 ,-1.857 ,-11.714 | 0
0 ,0 ,0 ,3.2 ,5.7 ,0.967 ,3.833 ,-2.2 | 0
0 ,0 ,0 ,-3.2 ,0.8 ,-1.8 ,-4 ,6.2 | 0
0 ,0 ,0 ,6.2 ,4.2 ,-3.2 ,4 ,-2.2 | 0

R6 --> R6 - 1.143*R4

2 ,0 ,0 ,0 ,0.286 ,0.571 ,-1.571 ,0.857 | 0
0 ,-3 ,0 ,0 ,0.643 ,1.786 ,-0.286 ,3.429 | 0
0 ,0 ,-5 ,0 ,3.214 ,-1.071 ,3.571 ,-2.857 | 0
0 ,0 ,0 ,2.8 ,4.8 ,1.2 ,3 ,3.2 | 0
0 ,0 ,0 ,0 ,-7.071 ,-4.643 ,-1.857 ,-11.714 | 0
0 ,0 ,0 ,0 ,0.214 ,-0.405 ,0.405 ,-5.857 | 0
0 ,0 ,0 ,-3.2 ,0.8 ,-1.8 ,-4 ,6.2 | 0
0 ,0 ,0 ,6.2 ,4.2 ,-3.2 ,4 ,-2.2 | 0

R7 --> R7 + 1.143*R4

2 ,0 ,0 ,0 ,0.286 ,0.571 ,-1.571 ,0.857 | 0
0 ,-3 ,0 ,0 ,0.643 ,1.786 ,-0.286 ,3.429 | 0
0 ,0 ,-5 ,0 ,3.214 ,-1.071 ,3.571 ,-2.857 | 0
0 ,0 ,0 ,2.8 ,4.8 ,1.2 ,3 ,3.2 | 0
0 ,0 ,0 ,0 ,-7.071 ,-4.643 ,-1.857 ,-11.714 | 0
0 ,0 ,0 ,0 ,0.214 ,-0.405 ,0.405 ,-5.857 | 0
0 ,0 ,0 ,0 ,6.286 ,-0.429 ,-0.571 ,9.857 | 0
0 ,0 ,0 ,6.2 ,4.2 ,-3.2 ,4 ,-2.2 | 0

R8 --> R8 - 2.214*R4

2 ,0 ,0 ,0 ,0.286 ,0.571 ,-1.571 ,0.857 | 0
0 ,-3 ,0 ,0 ,0.643 ,1.786 ,-0.286 ,3.429 | 0
0 ,0 ,-5 ,0 ,3.214 ,-1.071 ,3.571 ,-2.857 | 0
0 ,0 ,0 ,2.8 ,4.8 ,1.2 ,3 ,3.2 | 0
0 ,0 ,0 ,0 ,-7.071 ,-4.643 ,-1.857 ,-11.714 | 0
0 ,0 ,0 ,0 ,0.214 ,-0.405 ,0.405 ,-5.857 | 0
0 ,0 ,0 ,0 ,6.286 ,-0.429 ,-0.571 ,9.857 | 0
0 ,0 ,0 ,0 ,-6.429 ,-5.857 ,-2.643 ,-9.286 | 0

R1 --> R1 + 0.04*R5

2 ,0 ,0 ,0 ,0 ,0.384 ,-1.646 ,0.384 | 0
0 ,-3 ,0 ,0 ,0.643 ,1.786 ,-0.286 ,3.429 | 0
0 ,0 ,-5 ,0 ,3.214 ,-1.071 ,3.571 ,-2.857 | 0
0 ,0 ,0 ,2.8 ,4.8 ,1.2 ,3 ,3.2 | 0
0 ,0 ,0 ,0 ,-7.071 ,-4.643 ,-1.857 ,-11.714 | 0
0 ,0 ,0 ,0 ,0.214 ,-0.405 ,0.405 ,-5.857 | 0
0 ,0 ,0 ,0 ,6.286 ,-0.429 ,-0.571 ,9.857 | 0
0 ,0 ,0 ,0 ,-6.429 ,-5.857 ,-2.643 ,-9.286 | 0

R2 --> R2 + 0.091*R5

2 ,0 ,0 ,0 ,0 ,0.384 ,-1.646 ,0.384 | 0
0 ,-3 ,0 ,0 ,0 ,1.364 ,-0.455 ,2.364 | 0
0 ,0 ,-5 ,0 ,3.214 ,-1.071 ,3.571 ,-2.857 | 0
0 ,0 ,0 ,2.8 ,4.8 ,1.2 ,3 ,3.2 | 0
0 ,0 ,0 ,0 ,-7.071 ,-4.643 ,-1.857 ,-11.714 | 0
0 ,0 ,0 ,0 ,0.214 ,-0.405 ,0.405 ,-5.857 | 0
0 ,0 ,0 ,0 ,6.286 ,-0.429 ,-0.571 ,9.857 | 0
0 ,0 ,0 ,0 ,-6.429 ,-5.857 ,-2.643 ,-9.286 | 0

R3 --> R3 + 0.455*R5

2 ,0 ,0 ,0 ,0 ,0.384 ,-1.646 ,0.384 | 0
0 ,-3 ,0 ,0 ,0 ,1.364 ,-0.455 ,2.364 | 0
0 ,0 ,-5 ,0 ,0 ,-3.182 ,2.727 ,-8.182 | 0
0 ,0 ,0 ,2.8 ,4.8 ,1.2 ,3 ,3.2 | 0
0 ,0 ,0 ,0 ,-7.071 ,-4.643 ,-1.857 ,-11.714 | 0
0 ,0 ,0 ,0 ,0.214 ,-0.405 ,0.405 ,-5.857 | 0
0 ,0 ,0 ,0 ,6.286 ,-0.429 ,-0.571 ,9.857 | 0
0 ,0 ,0 ,0 ,-6.429 ,-5.857 ,-2.643 ,-9.286 | 0

R4 --> R4 + 0.679*R5

2 ,0 ,0 ,0 ,0 ,0.384 ,-1.646 ,0.384 | 0
0 ,-3 ,0 ,0 ,0 ,1.364 ,-0.455 ,2.364 | 0
0 ,0 ,-5 ,0 ,0 ,-3.182 ,2.727 ,-8.182 | 0
0 ,0 ,0 ,2.8 ,0 ,-1.952 ,1.739 ,-4.752 | 0
0 ,0 ,0 ,0 ,-7.071 ,-4.643 ,-1.857 ,-11.714 | 0
0 ,0 ,0 ,0 ,0.214 ,-0.405 ,0.405 ,-5.857 | 0
0 ,0 ,0 ,0 ,6.286 ,-0.429 ,-0.571 ,9.857 | 0
0 ,0 ,0 ,0 ,-6.429 ,-5.857 ,-2.643 ,-9.286 | 0

R6 --> R6 + 0.03*R5

2 ,0 ,0 ,0 ,0 ,0.384 ,-1.646 ,0.384 | 0
0 ,-3 ,0 ,0 ,0 ,1.364 ,-0.455 ,2.364 | 0
0 ,0 ,-5 ,0 ,0 ,-3.182 ,2.727 ,-8.182 | 0
0 ,0 ,0 ,2.8 ,0 ,-1.952 ,1.739 ,-4.752 | 0
0 ,0 ,0 ,0 ,-7.071 ,-4.643 ,-1.857 ,-11.714 | 0
0 ,0 ,0 ,0 ,0 ,-0.545 ,0.348 ,-6.212 | 0
0 ,0 ,0 ,0 ,6.286 ,-0.429 ,-0.571 ,9.857 | 0
0 ,0 ,0 ,0 ,-6.429 ,-5.857 ,-2.643 ,-9.286 | 0

R7 --> R7 + 0.889*R5

2 ,0 ,0 ,0 ,0 ,0.384 ,-1.646 ,0.384 | 0
0 ,-3 ,0 ,0 ,0 ,1.364 ,-0.455 ,2.364 | 0
0 ,0 ,-5 ,0 ,0 ,-3.182 ,2.727 ,-8.182 | 0
0 ,0 ,0 ,2.8 ,0 ,-1.952 ,1.739 ,-4.752 | 0
0 ,0 ,0 ,0 ,-7.071 ,-4.643 ,-1.857 ,-11.714 | 0
0 ,0 ,0 ,0 ,0 ,-0.545 ,0.348 ,-6.212 | 0
0 ,0 ,0 ,0 ,0 ,-4.556 ,-2.222 ,-0.556 | 0
0 ,0 ,0 ,0 ,-6.429 ,-5.857 ,-2.643 ,-9.286 | 0

R8 --> R8 - 0.909*R5

2 ,0 ,0 ,0 ,0 ,0.384 ,-1.646 ,0.384 | 0
0 ,-3 ,0 ,0 ,0 ,1.364 ,-0.455 ,2.364 | 0
0 ,0 ,-5 ,0 ,0 ,-3.182 ,2.727 ,-8.182 | 0
0 ,0 ,0 ,2.8 ,0 ,-1.952 ,1.739 ,-4.752 | 0
0 ,0 ,0 ,0 ,-7.071 ,-4.643 ,-1.857 ,-11.714 | 0
0 ,0 ,0 ,0 ,0 ,-0.545 ,0.348 ,-6.212 | 0
0 ,0 ,0 ,0 ,0 ,-4.556 ,-2.222 ,-0.556 | 0
0 ,0 ,0 ,0 ,0 ,-1.636 ,-0.955 ,1.364 | 0

R1 --> R1 + 0.704*R6

2 ,0 ,0 ,0 ,0 ,0 ,-1.401 ,-3.988 | 0
0 ,-3 ,0 ,0 ,0 ,1.364 ,-0.455 ,2.364 | 0
0 ,0 ,-5 ,0 ,0 ,-3.182 ,2.727 ,-8.182 | 0
0 ,0 ,0 ,2.8 ,0 ,-1.952 ,1.739 ,-4.752 | 0
0 ,0 ,0 ,0 ,-7.071 ,-4.643 ,-1.857 ,-11.714 | 0
0 ,0 ,0 ,0 ,0 ,-0.545 ,0.348 ,-6.212 | 0
0 ,0 ,0 ,0 ,0 ,-4.556 ,-2.222 ,-0.556 | 0
0 ,0 ,0 ,0 ,0 ,-1.636 ,-0.955 ,1.364 | 0

R2 --> R2 + 2.5*R6

2 ,0 ,0 ,0 ,0 ,0 ,-1.401 ,-3.988 | 0
0 ,-3 ,0 ,0 ,0 ,0 ,0.417 ,-13.167 | 0
0 ,0 ,-5 ,0 ,0 ,-3.182 ,2.727 ,-8.182 | 0
0 ,0 ,0 ,2.8 ,0 ,-1.952 ,1.739 ,-4.752 | 0
0 ,0 ,0 ,0 ,-7.071 ,-4.643 ,-1.857 ,-11.714 | 0
0 ,0 ,0 ,0 ,0 ,-0.545 ,0.348 ,-6.212 | 0
0 ,0 ,0 ,0 ,0 ,-4.556 ,-2.222 ,-0.556 | 0
0 ,0 ,0 ,0 ,0 ,-1.636 ,-0.955 ,1.364 | 0

R3 --> R3 - 5.833*R6

2 ,0 ,0 ,0 ,0 ,0 ,-1.401 ,-3.988 | 0
0 ,-3 ,0 ,0 ,0 ,0 ,0.417 ,-13.167 | 0
0 ,0 ,-5 ,0 ,0 ,0 ,0.694 ,28.056 | 0
0 ,0 ,0 ,2.8 ,0 ,-1.952 ,1.739 ,-4.752 | 0
0 ,0 ,0 ,0 ,-7.071 ,-4.643 ,-1.857 ,-11.714 | 0
0 ,0 ,0 ,0 ,0 ,-0.545 ,0.348 ,-6.212 | 0
0 ,0 ,0 ,0 ,0 ,-4.556 ,-2.222 ,-0.556 | 0
0 ,0 ,0 ,0 ,0 ,-1.636 ,-0.955 ,1.364 | 0

R4 --> R4 - 3.578*R6

2 ,0 ,0 ,0 ,0 ,0 ,-1.401 ,-3.988 | 0
0 ,-3 ,0 ,0 ,0 ,0 ,0.417 ,-13.167 | 0
0 ,0 ,-5 ,0 ,0 ,0 ,0.694 ,28.056 | 0
0 ,0 ,0 ,2.8 ,0 ,0 ,0.493 ,17.474 | 0
0 ,0 ,0 ,0 ,-7.071 ,-4.643 ,-1.857 ,-11.714 | 0
0 ,0 ,0 ,0 ,0 ,-0.545 ,0.348 ,-6.212 | 0
0 ,0 ,0 ,0 ,0 ,-4.556 ,-2.222 ,-0.556 | 0
0 ,0 ,0 ,0 ,0 ,-1.636 ,-0.955 ,1.364 | 0

R5 --> R5 - 8.512*R6

2 ,0 ,0 ,0 ,0 ,0 ,-1.401 ,-3.988 | 0
0 ,-3 ,0 ,0 ,0 ,0 ,0.417 ,-13.167 | 0
0 ,0 ,-5 ,0 ,0 ,0 ,0.694 ,28.056 | 0
0 ,0 ,0 ,2.8 ,0 ,0 ,0.493 ,17.474 | 0
0 ,0 ,0 ,0 ,-7.071 ,0 ,-4.823 ,41.163 | 0
0 ,0 ,0 ,0 ,0 ,-0.545 ,0.348 ,-6.212 | 0
0 ,0 ,0 ,0 ,0 ,-4.556 ,-2.222 ,-0.556 | 0
0 ,0 ,0 ,0 ,0 ,-1.636 ,-0.955 ,1.364 | 0

R7 --> R7 - 8.352*R6

2 ,0 ,0 ,0 ,0 ,0 ,-1.401 ,-3.988 | 0
0 ,-3 ,0 ,0 ,0 ,0 ,0.417 ,-13.167 | 0
0 ,0 ,-5 ,0 ,0 ,0 ,0.694 ,28.056 | 0
0 ,0 ,0 ,2.8 ,0 ,0 ,0.493 ,17.474 | 0
0 ,0 ,0 ,0 ,-7.071 ,0 ,-4.823 ,41.163 | 0
0 ,0 ,0 ,0 ,0 ,-0.545 ,0.348 ,-6.212 | 0
0 ,0 ,0 ,0 ,0 ,0 ,-5.133 ,51.327 | 0
0 ,0 ,0 ,0 ,0 ,-1.636 ,-0.955 ,1.364 | 0

R8 --> R8 - 3*R6

2 ,0 ,0 ,0 ,0 ,0 ,-1.401 ,-3.988 | 0
0 ,-3 ,0 ,0 ,0 ,0 ,0.417 ,-13.167 | 0
0 ,0 ,-5 ,0 ,0 ,0 ,0.694 ,28.056 | 0
0 ,0 ,0 ,2.8 ,0 ,0 ,0.493 ,17.474 | 0
0 ,0 ,0 ,0 ,-7.071 ,0 ,-4.823 ,41.163 | 0
0 ,0 ,0 ,0 ,0 ,-0.545 ,0.348 ,-6.212 | 0
0 ,0 ,0 ,0 ,0 ,0 ,-5.133 ,51.327 | 0
0 ,0 ,0 ,0 ,0 ,0 ,-2 ,20 | 0

R1 --> R1 - 0.273*R7

2 ,0 ,0 ,0 ,0 ,0 ,0 ,-18 | 0
0 ,-3 ,0 ,0 ,0 ,0 ,0.417 ,-13.167 | 0
0 ,0 ,-5 ,0 ,0 ,0 ,0.694 ,28.056 | 0
0 ,0 ,0 ,2.8 ,0 ,0 ,0.493 ,17.474 | 0
0 ,0 ,0 ,0 ,-7.071 ,0 ,-4.823 ,41.163 | 0
0 ,0 ,0 ,0 ,0 ,-0.545 ,0.348 ,-6.212 | 0
0 ,0 ,0 ,0 ,0 ,0 ,-5.133 ,51.327 | 0
0 ,0 ,0 ,0 ,0 ,0 ,-2 ,20 | 0

R2 --> R2 + 0.081*R7

2 ,0 ,0 ,0 ,0 ,0 ,0 ,-18 | 0
0 ,-3 ,0 ,0 ,0 ,0 ,0 ,-9 | 0
0 ,0 ,-5 ,0 ,0 ,0 ,0.694 ,28.056 | 0
0 ,0 ,0 ,2.8 ,0 ,0 ,0.493 ,17.474 | 0
0 ,0 ,0 ,0 ,-7.071 ,0 ,-4.823 ,41.163 | 0
0 ,0 ,0 ,0 ,0 ,-0.545 ,0.348 ,-6.212 | 0
0 ,0 ,0 ,0 ,0 ,0 ,-5.133 ,51.327 | 0
0 ,0 ,0 ,0 ,0 ,0 ,-2 ,20 | 0

R3 --> R3 + 0.135*R7

2 ,0 ,0 ,0 ,0 ,0 ,0 ,-18 | 0
0 ,-3 ,0 ,0 ,0 ,0 ,0 ,-9 | 0
0 ,0 ,-5 ,0 ,0 ,0 ,0 ,35 | 0
0 ,0 ,0 ,2.8 ,0 ,0 ,0.493 ,17.474 | 0
0 ,0 ,0 ,0 ,-7.071 ,0 ,-4.823 ,41.163 | 0
0 ,0 ,0 ,0 ,0 ,-0.545 ,0.348 ,-6.212 | 0
0 ,0 ,0 ,0 ,0 ,0 ,-5.133 ,51.327 | 0
0 ,0 ,0 ,0 ,0 ,0 ,-2 ,20 | 0

R4 --> R4 + 0.096*R7

2 ,0 ,0 ,0 ,0 ,0 ,0 ,-18 | 0
0 ,-3 ,0 ,0 ,0 ,0 ,0 ,-9 | 0
0 ,0 ,-5 ,0 ,0 ,0 ,0 ,35 | 0
0 ,0 ,0 ,2.8 ,0 ,0 ,0 ,22.4 | 0
0 ,0 ,0 ,0 ,-7.071 ,0 ,-4.823 ,41.163 | 0
0 ,0 ,0 ,0 ,0 ,-0.545 ,0.348 ,-6.212 | 0
0 ,0 ,0 ,0 ,0 ,0 ,-5.133 ,51.327 | 0
0 ,0 ,0 ,0 ,0 ,0 ,-2 ,20 | 0

R5 --> R5 - 0.94*R7

2 ,0 ,0 ,0 ,0 ,0 ,0 ,-18 | 0
0 ,-3 ,0 ,0 ,0 ,0 ,0 ,-9 | 0
0 ,0 ,-5 ,0 ,0 ,0 ,0 ,35 | 0
0 ,0 ,0 ,2.8 ,0 ,0 ,0 ,22.4 | 0
0 ,0 ,0 ,0 ,-7.071 ,0 ,0 ,-7.071 | 0
0 ,0 ,0 ,0 ,0 ,-0.545 ,0.348 ,-6.212 | 0
0 ,0 ,0 ,0 ,0 ,0 ,-5.133 ,51.327 | 0
0 ,0 ,0 ,0 ,0 ,0 ,-2 ,20 | 0

R6 --> R6 + 0.068*R7

2 ,0 ,0 ,0 ,0 ,0 ,0 ,-18 | 0
0 ,-3 ,0 ,0 ,0 ,0 ,0 ,-9 | 0
0 ,0 ,-5 ,0 ,0 ,0 ,0 ,35 | 0
0 ,0 ,0 ,2.8 ,0 ,0 ,0 ,22.4 | 0
0 ,0 ,0 ,0 ,-7.071 ,0 ,0 ,-7.071 | 0
0 ,0 ,0 ,0 ,0 ,-0.545 ,0 ,-2.727 | 0
0 ,0 ,0 ,0 ,0 ,0 ,-5.133 ,51.327 | 0
0 ,0 ,0 ,0 ,0 ,0 ,-2 ,20 | 0

R8 --> R8 - 0.39*R7

2 ,0 ,0 ,0 ,0 ,0 ,0 ,-18 | 0
0 ,-3 ,0 ,0 ,0 ,0 ,0 ,-9 | 0
0 ,0 ,-5 ,0 ,0 ,0 ,0 ,35 | 0
0 ,0 ,0 ,2.8 ,0 ,0 ,0 ,22.4 | 0
0 ,0 ,0 ,0 ,-7.071 ,0 ,0 ,-7.071 | 0
0 ,0 ,0 ,0 ,0 ,-0.545 ,0 ,-2.727 | 0
0 ,0 ,0 ,0 ,0 ,0 ,-5.133 ,51.327 | 0
0 ,0 ,0 ,0 ,0 ,0 ,0 ,0 | 0

define a new column in the vector b when x8 is a free variable in R8 space:
2 ,0 ,0 ,0 ,0 ,0 ,0 ,-18 | 0 ,0
0 ,-3 ,0 ,0 ,0 ,0 ,0 ,-9 | 0 ,0
0 ,0 ,-5 ,0 ,0 ,0 ,0 ,35 | 0 ,0
0 ,0 ,0 ,2.8 ,0 ,0 ,0 ,22.4 | 0 ,0
0 ,0 ,0 ,0 ,-7.071 ,0 ,0 ,-7.071 | 0 ,0
0 ,0 ,0 ,0 ,0 ,-0.545 ,0 ,-2.727 | 0 ,0
0 ,0 ,0 ,0 ,0 ,0 ,-5.133 ,51.327 | 0 ,0
0 ,0 ,0 ,0 ,0 ,0 ,0 ,1 | 0 ,1

R1 --> R1 + 18*R8

2 ,0 ,0 ,0 ,0 ,0 ,0 ,0 | 0 ,18
0 ,-3 ,0 ,0 ,0 ,0 ,0 ,-9 | 0 ,0
0 ,0 ,-5 ,0 ,0 ,0 ,0 ,35 | 0 ,0
0 ,0 ,0 ,2.8 ,0 ,0 ,0 ,22.4 | 0 ,0
0 ,0 ,0 ,0 ,-7.071 ,0 ,0 ,-7.071 | 0 ,0
0 ,0 ,0 ,0 ,0 ,-0.545 ,0 ,-2.727 | 0 ,0
0 ,0 ,0 ,0 ,0 ,0 ,-5.133 ,51.327 | 0 ,0
0 ,0 ,0 ,0 ,0 ,0 ,0 ,1 | 0 ,1

R1 --> 0.5*R1

1 ,0 ,0 ,0 ,0 ,0 ,0 ,0 | 0 ,9
0 ,-3 ,0 ,0 ,0 ,0 ,0 ,-9 | 0 ,0
0 ,0 ,-5 ,0 ,0 ,0 ,0 ,35 | 0 ,0
0 ,0 ,0 ,2.8 ,0 ,0 ,0 ,22.4 | 0 ,0
0 ,0 ,0 ,0 ,-7.071 ,0 ,0 ,-7.071 | 0 ,0
0 ,0 ,0 ,0 ,0 ,-0.545 ,0 ,-2.727 | 0 ,0
0 ,0 ,0 ,0 ,0 ,0 ,-5.133 ,51.327 | 0 ,0
0 ,0 ,0 ,0 ,0 ,0 ,0 ,1 | 0 ,1

R2 --> R2 + 9*R8

1 ,0 ,0 ,0 ,0 ,0 ,0 ,0 | 0 ,9
0 ,-3 ,0 ,0 ,0 ,0 ,0 ,0 | 0 ,9
0 ,0 ,-5 ,0 ,0 ,0 ,0 ,35 | 0 ,0
0 ,0 ,0 ,2.8 ,0 ,0 ,0 ,22.4 | 0 ,0
0 ,0 ,0 ,0 ,-7.071 ,0 ,0 ,-7.071 | 0 ,0
0 ,0 ,0 ,0 ,0 ,-0.545 ,0 ,-2.727 | 0 ,0
0 ,0 ,0 ,0 ,0 ,0 ,-5.133 ,51.327 | 0 ,0
0 ,0 ,0 ,0 ,0 ,0 ,0 ,1 | 0 ,1

R2 --> -0.333*R2

1 ,0 ,0 ,0 ,0 ,0 ,0 ,0 | 0 ,9
0 ,1 ,0 ,0 ,0 ,0 ,0 ,0 | 0 ,-3
0 ,0 ,-5 ,0 ,0 ,0 ,0 ,35 | 0 ,0
0 ,0 ,0 ,2.8 ,0 ,0 ,0 ,22.4 | 0 ,0
0 ,0 ,0 ,0 ,-7.071 ,0 ,0 ,-7.071 | 0 ,0
0 ,0 ,0 ,0 ,0 ,-0.545 ,0 ,-2.727 | 0 ,0
0 ,0 ,0 ,0 ,0 ,0 ,-5.133 ,51.327 | 0 ,0
0 ,0 ,0 ,0 ,0 ,0 ,0 ,1 | 0 ,1

R3 --> R3 - 35*R8

1 ,0 ,0 ,0 ,0 ,0 ,0 ,0 | 0 ,9
0 ,1 ,0 ,0 ,0 ,0 ,0 ,0 | 0 ,-3
0 ,0 ,-5 ,0 ,0 ,0 ,0 ,0 | 0 ,-35
0 ,0 ,0 ,2.8 ,0 ,0 ,0 ,22.4 | 0 ,0
0 ,0 ,0 ,0 ,-7.071 ,0 ,0 ,-7.071 | 0 ,0
0 ,0 ,0 ,0 ,0 ,-0.545 ,0 ,-2.727 | 0 ,0
0 ,0 ,0 ,0 ,0 ,0 ,-5.133 ,51.327 | 0 ,0
0 ,0 ,0 ,0 ,0 ,0 ,0 ,1 | 0 ,1

R3 --> -0.2*R3

1 ,0 ,0 ,0 ,0 ,0 ,0 ,0 | 0 ,9
0 ,1 ,0 ,0 ,0 ,0 ,0 ,0 | 0 ,-3
0 ,0 ,1 ,0 ,0 ,0 ,0 ,0 | 0 ,7
0 ,0 ,0 ,2.8 ,0 ,0 ,0 ,22.4 | 0 ,0
0 ,0 ,0 ,0 ,-7.071 ,0 ,0 ,-7.071 | 0 ,0
0 ,0 ,0 ,0 ,0 ,-0.545 ,0 ,-2.727 | 0 ,0
0 ,0 ,0 ,0 ,0 ,0 ,-5.133 ,51.327 | 0 ,0
0 ,0 ,0 ,0 ,0 ,0 ,0 ,1 | 0 ,1

R4 --> R4 - 22.4*R8

1 ,0 ,0 ,0 ,0 ,0 ,0 ,0 | 0 ,9
0 ,1 ,0 ,0 ,0 ,0 ,0 ,0 | 0 ,-3
0 ,0 ,1 ,0 ,0 ,0 ,0 ,0 | 0 ,7
0 ,0 ,0 ,2.8 ,0 ,0 ,0 ,0 | 0 ,-22.4
0 ,0 ,0 ,0 ,-7.071 ,0 ,0 ,-7.071 | 0 ,0
0 ,0 ,0 ,0 ,0 ,-0.545 ,0 ,-2.727 | 0 ,0
0 ,0 ,0 ,0 ,0 ,0 ,-5.133 ,51.327 | 0 ,0
0 ,0 ,0 ,0 ,0 ,0 ,0 ,1 | 0 ,1

R4 --> 0.357*R4

1 ,0 ,0 ,0 ,0 ,0 ,0 ,0 | 0 ,9
0 ,1 ,0 ,0 ,0 ,0 ,0 ,0 | 0 ,-3
0 ,0 ,1 ,0 ,0 ,0 ,0 ,0 | 0 ,7
0 ,0 ,0 ,1 ,0 ,0 ,0 ,0 | 0 ,-8
0 ,0 ,0 ,0 ,-7.071 ,0 ,0 ,-7.071 | 0 ,0
0 ,0 ,0 ,0 ,0 ,-0.545 ,0 ,-2.727 | 0 ,0
0 ,0 ,0 ,0 ,0 ,0 ,-5.133 ,51.327 | 0 ,0
0 ,0 ,0 ,0 ,0 ,0 ,0 ,1 | 0 ,1

R5 --> R5 + 7.071*R8

1 ,0 ,0 ,0 ,0 ,0 ,0 ,0 | 0 ,9
0 ,1 ,0 ,0 ,0 ,0 ,0 ,0 | 0 ,-3
0 ,0 ,1 ,0 ,0 ,0 ,0 ,0 | 0 ,7
0 ,0 ,0 ,1 ,0 ,0 ,0 ,0 | 0 ,-8
0 ,0 ,0 ,0 ,-7.071 ,0 ,0 ,0 | 0 ,7.071
0 ,0 ,0 ,0 ,0 ,-0.545 ,0 ,-2.727 | 0 ,0
0 ,0 ,0 ,0 ,0 ,0 ,-5.133 ,51.327 | 0 ,0
0 ,0 ,0 ,0 ,0 ,0 ,0 ,1 | 0 ,1

R5 --> -0.141*R5

1 ,0 ,0 ,0 ,0 ,0 ,0 ,0 | 0 ,9
0 ,1 ,0 ,0 ,0 ,0 ,0 ,0 | 0 ,-3
0 ,0 ,1 ,0 ,0 ,0 ,0 ,0 | 0 ,7
0 ,0 ,0 ,1 ,0 ,0 ,0 ,0 | 0 ,-8
0 ,0 ,0 ,0 ,1 ,0 ,0 ,0 | 0 ,-1
0 ,0 ,0 ,0 ,0 ,-0.545 ,0 ,-2.727 | 0 ,0
0 ,0 ,0 ,0 ,0 ,0 ,-5.133 ,51.327 | 0 ,0
0 ,0 ,0 ,0 ,0 ,0 ,0 ,1 | 0 ,1

R6 --> R6 + 2.727*R8

1 ,0 ,0 ,0 ,0 ,0 ,0 ,0 | 0 ,9
0 ,1 ,0 ,0 ,0 ,0 ,0 ,0 | 0 ,-3
0 ,0 ,1 ,0 ,0 ,0 ,0 ,0 | 0 ,7
0 ,0 ,0 ,1 ,0 ,0 ,0 ,0 | 0 ,-8
0 ,0 ,0 ,0 ,1 ,0 ,0 ,0 | 0 ,-1
0 ,0 ,0 ,0 ,0 ,-0.545 ,0 ,0 | 0 ,2.727
0 ,0 ,0 ,0 ,0 ,0 ,-5.133 ,51.327 | 0 ,0
0 ,0 ,0 ,0 ,0 ,0 ,0 ,1 | 0 ,1

R6 --> -1.833*R6

1 ,0 ,0 ,0 ,0 ,0 ,0 ,0 | 0 ,9
0 ,1 ,0 ,0 ,0 ,0 ,0 ,0 | 0 ,-3
0 ,0 ,1 ,0 ,0 ,0 ,0 ,0 | 0 ,7
0 ,0 ,0 ,1 ,0 ,0 ,0 ,0 | 0 ,-8
0 ,0 ,0 ,0 ,1 ,0 ,0 ,0 | 0 ,-1
0 ,0 ,0 ,0 ,0 ,1 ,0 ,0 | 0 ,-5
0 ,0 ,0 ,0 ,0 ,0 ,-5.133 ,51.327 | 0 ,0
0 ,0 ,0 ,0 ,0 ,0 ,0 ,1 | 0 ,1

R7 --> R7 - 51.327*R8

1 ,0 ,0 ,0 ,0 ,0 ,0 ,0 | 0 ,9
0 ,1 ,0 ,0 ,0 ,0 ,0 ,0 | 0 ,-3
0 ,0 ,1 ,0 ,0 ,0 ,0 ,0 | 0 ,7
0 ,0 ,0 ,1 ,0 ,0 ,0 ,0 | 0 ,-8
0 ,0 ,0 ,0 ,1 ,0 ,0 ,0 | 0 ,-1
0 ,0 ,0 ,0 ,0 ,1 ,0 ,0 | 0 ,-5
0 ,0 ,0 ,0 ,0 ,0 ,-5.133 ,0 | 0 ,-51.327
0 ,0 ,0 ,0 ,0 ,0 ,0 ,1 | 0 ,1

R7 --> -0.195*R7

1 ,0 ,0 ,0 ,0 ,0 ,0 ,0 | 0 ,9
0 ,1 ,0 ,0 ,0 ,0 ,0 ,0 | 0 ,-3
0 ,0 ,1 ,0 ,0 ,0 ,0 ,0 | 0 ,7
0 ,0 ,0 ,1 ,0 ,0 ,0 ,0 | 0 ,-8
0 ,0 ,0 ,0 ,1 ,0 ,0 ,0 | 0 ,-1
0 ,0 ,0 ,0 ,0 ,1 ,0 ,0 | 0 ,-5
0 ,0 ,0 ,0 ,0 ,0 ,1 ,0 | 0 ,10
0 ,0 ,0 ,0 ,0 ,0 ,0 ,1 | 0 ,1

the solution is an infinite set of vectors in R8 space which are linearly dependents in the vector space:
x = λ*(9 ,-3 ,7 ,-8 ,-1 ,-5 ,10 ,1) when λ it's a free scalar that belongs to the R set
