solve the next system in R8 space (8 equations)(8 unknowns):
eq1: - 2*x1 - 3*x2        + 3*x4 - 3*x5        + 4*x7         = 0
eq2: - 2*x1 - 3*x2 - 2*x3 - 3*x4               - 3*x7         = 0
eq3: + 4*x1 - 4*x2 + 2*x3 - 4*x4 - 4*x5        - 4*x7 - 3*x8  = 0
eq4: - 2*x1 + 3*x2        + 2*x4 - 2*x5        - 4*x7 +   x8  = 0
eq5:        - 3*x2 -   x3 + 3*x4 -   x5        + 3*x7 - 4*x8  = 0
eq6:               - 3*x3 + 2*x4 + 3*x5        + 2*x7 - 2*x8  = 0
eq7: + 2*x1 + 3*x2 +   x3 -   x4               - 2*x7         = 0
eq8: +   x1 - 4*x2 + 3*x3        - 2*x5        + 3*x7 -   x8  = 0

-2 ,-3 ,0 ,3 ,-3 ,0 ,4 ,0 | 0
-2 ,-3 ,-2 ,-3 ,0 ,0 ,-3 ,0 | 0
4 ,-4 ,2 ,-4 ,-4 ,0 ,-4 ,-3 | 0
-2 ,3 ,0 ,2 ,-2 ,0 ,-4 ,1 | 0
0 ,-3 ,-1 ,3 ,-1 ,0 ,3 ,-4 | 0
0 ,0 ,-3 ,2 ,3 ,0 ,2 ,-2 | 0
2 ,3 ,1 ,-1 ,0 ,0 ,-2 ,0 | 0
1 ,-4 ,3 ,0 ,-2 ,0 ,3 ,-1 | 0

implement the solution by elementary matrices method:
transform A matrix to I by elementary matrices:
R2 --> R2 - R1

-2 ,-3 ,0 ,3 ,-3 ,0 ,4 ,0 | 0
0 ,0 ,-2 ,-6 ,3 ,0 ,-7 ,0 | 0
4 ,-4 ,2 ,-4 ,-4 ,0 ,-4 ,-3 | 0
-2 ,3 ,0 ,2 ,-2 ,0 ,-4 ,1 | 0
0 ,-3 ,-1 ,3 ,-1 ,0 ,3 ,-4 | 0
0 ,0 ,-3 ,2 ,3 ,0 ,2 ,-2 | 0
2 ,3 ,1 ,-1 ,0 ,0 ,-2 ,0 | 0
1 ,-4 ,3 ,0 ,-2 ,0 ,3 ,-1 | 0

R3 --> R3 + 2*R1

-2 ,-3 ,0 ,3 ,-3 ,0 ,4 ,0 | 0
0 ,0 ,-2 ,-6 ,3 ,0 ,-7 ,0 | 0
0 ,-10 ,2 ,2 ,-10 ,0 ,4 ,-3 | 0
-2 ,3 ,0 ,2 ,-2 ,0 ,-4 ,1 | 0
0 ,-3 ,-1 ,3 ,-1 ,0 ,3 ,-4 | 0
0 ,0 ,-3 ,2 ,3 ,0 ,2 ,-2 | 0
2 ,3 ,1 ,-1 ,0 ,0 ,-2 ,0 | 0
1 ,-4 ,3 ,0 ,-2 ,0 ,3 ,-1 | 0

R4 --> R4 - R1

-2 ,-3 ,0 ,3 ,-3 ,0 ,4 ,0 | 0
0 ,0 ,-2 ,-6 ,3 ,0 ,-7 ,0 | 0
0 ,-10 ,2 ,2 ,-10 ,0 ,4 ,-3 | 0
0 ,6 ,0 ,-1 ,1 ,0 ,-8 ,1 | 0
0 ,-3 ,-1 ,3 ,-1 ,0 ,3 ,-4 | 0
0 ,0 ,-3 ,2 ,3 ,0 ,2 ,-2 | 0
2 ,3 ,1 ,-1 ,0 ,0 ,-2 ,0 | 0
1 ,-4 ,3 ,0 ,-2 ,0 ,3 ,-1 | 0

R7 --> R7 + R1

-2 ,-3 ,0 ,3 ,-3 ,0 ,4 ,0 | 0
0 ,0 ,-2 ,-6 ,3 ,0 ,-7 ,0 | 0
0 ,-10 ,2 ,2 ,-10 ,0 ,4 ,-3 | 0
0 ,6 ,0 ,-1 ,1 ,0 ,-8 ,1 | 0
0 ,-3 ,-1 ,3 ,-1 ,0 ,3 ,-4 | 0
0 ,0 ,-3 ,2 ,3 ,0 ,2 ,-2 | 0
0 ,0 ,1 ,2 ,-3 ,0 ,2 ,0 | 0
1 ,-4 ,3 ,0 ,-2 ,0 ,3 ,-1 | 0

R8 --> R8 + 0.5*R1

-2 ,-3 ,0 ,3 ,-3 ,0 ,4 ,0 | 0
0 ,0 ,-2 ,-6 ,3 ,0 ,-7 ,0 | 0
0 ,-10 ,2 ,2 ,-10 ,0 ,4 ,-3 | 0
0 ,6 ,0 ,-1 ,1 ,0 ,-8 ,1 | 0
0 ,-3 ,-1 ,3 ,-1 ,0 ,3 ,-4 | 0
0 ,0 ,-3 ,2 ,3 ,0 ,2 ,-2 | 0
0 ,0 ,1 ,2 ,-3 ,0 ,2 ,0 | 0
0 ,-5.5 ,3 ,1.5 ,-3.5 ,0 ,5 ,-1 | 0

R2 <--> R3

-2 ,-3 ,0 ,3 ,-3 ,0 ,4 ,0 | 0
0 ,-10 ,2 ,2 ,-10 ,0 ,4 ,-3 | 0
0 ,0 ,-2 ,-6 ,3 ,0 ,-7 ,0 | 0
0 ,6 ,0 ,-1 ,1 ,0 ,-8 ,1 | 0
0 ,-3 ,-1 ,3 ,-1 ,0 ,3 ,-4 | 0
0 ,0 ,-3 ,2 ,3 ,0 ,2 ,-2 | 0
0 ,0 ,1 ,2 ,-3 ,0 ,2 ,0 | 0
0 ,-5.5 ,3 ,1.5 ,-3.5 ,0 ,5 ,-1 | 0

R1 --> R1 - 0.3*R2

-2 ,0 ,-0.6 ,2.4 ,0 ,0 ,2.8 ,0.9 | 0
0 ,-10 ,2 ,2 ,-10 ,0 ,4 ,-3 | 0
0 ,0 ,-2 ,-6 ,3 ,0 ,-7 ,0 | 0
0 ,6 ,0 ,-1 ,1 ,0 ,-8 ,1 | 0
0 ,-3 ,-1 ,3 ,-1 ,0 ,3 ,-4 | 0
0 ,0 ,-3 ,2 ,3 ,0 ,2 ,-2 | 0
0 ,0 ,1 ,2 ,-3 ,0 ,2 ,0 | 0
0 ,-5.5 ,3 ,1.5 ,-3.5 ,0 ,5 ,-1 | 0

R4 --> R4 + 0.6*R2

-2 ,0 ,-0.6 ,2.4 ,0 ,0 ,2.8 ,0.9 | 0
0 ,-10 ,2 ,2 ,-10 ,0 ,4 ,-3 | 0
0 ,0 ,-2 ,-6 ,3 ,0 ,-7 ,0 | 0
0 ,0 ,1.2 ,0.2 ,-5 ,0 ,-5.6 ,-0.8 | 0
0 ,-3 ,-1 ,3 ,-1 ,0 ,3 ,-4 | 0
0 ,0 ,-3 ,2 ,3 ,0 ,2 ,-2 | 0
0 ,0 ,1 ,2 ,-3 ,0 ,2 ,0 | 0
0 ,-5.5 ,3 ,1.5 ,-3.5 ,0 ,5 ,-1 | 0

R5 --> R5 - 0.3*R2

-2 ,0 ,-0.6 ,2.4 ,0 ,0 ,2.8 ,0.9 | 0
0 ,-10 ,2 ,2 ,-10 ,0 ,4 ,-3 | 0
0 ,0 ,-2 ,-6 ,3 ,0 ,-7 ,0 | 0
0 ,0 ,1.2 ,0.2 ,-5 ,0 ,-5.6 ,-0.8 | 0
0 ,0 ,-1.6 ,2.4 ,2 ,0 ,1.8 ,-3.1 | 0
0 ,0 ,-3 ,2 ,3 ,0 ,2 ,-2 | 0
0 ,0 ,1 ,2 ,-3 ,0 ,2 ,0 | 0
0 ,-5.5 ,3 ,1.5 ,-3.5 ,0 ,5 ,-1 | 0

R8 --> R8 - 0.55*R2

-2 ,0 ,-0.6 ,2.4 ,0 ,0 ,2.8 ,0.9 | 0
0 ,-10 ,2 ,2 ,-10 ,0 ,4 ,-3 | 0
0 ,0 ,-2 ,-6 ,3 ,0 ,-7 ,0 | 0
0 ,0 ,1.2 ,0.2 ,-5 ,0 ,-5.6 ,-0.8 | 0
0 ,0 ,-1.6 ,2.4 ,2 ,0 ,1.8 ,-3.1 | 0
0 ,0 ,-3 ,2 ,3 ,0 ,2 ,-2 | 0
0 ,0 ,1 ,2 ,-3 ,0 ,2 ,0 | 0
0 ,0 ,1.9 ,0.4 ,2 ,0 ,2.8 ,0.65 | 0

R1 --> R1 - 0.3*R3

-2 ,0 ,0 ,4.2 ,-0.9 ,0 ,4.9 ,0.9 | 0
0 ,-10 ,2 ,2 ,-10 ,0 ,4 ,-3 | 0
0 ,0 ,-2 ,-6 ,3 ,0 ,-7 ,0 | 0
0 ,0 ,1.2 ,0.2 ,-5 ,0 ,-5.6 ,-0.8 | 0
0 ,0 ,-1.6 ,2.4 ,2 ,0 ,1.8 ,-3.1 | 0
0 ,0 ,-3 ,2 ,3 ,0 ,2 ,-2 | 0
0 ,0 ,1 ,2 ,-3 ,0 ,2 ,0 | 0
0 ,0 ,1.9 ,0.4 ,2 ,0 ,2.8 ,0.65 | 0

R2 --> R2 + R3

-2 ,0 ,0 ,4.2 ,-0.9 ,0 ,4.9 ,0.9 | 0
0 ,-10 ,0 ,-4 ,-7 ,0 ,-3 ,-3 | 0
0 ,0 ,-2 ,-6 ,3 ,0 ,-7 ,0 | 0
0 ,0 ,1.2 ,0.2 ,-5 ,0 ,-5.6 ,-0.8 | 0
0 ,0 ,-1.6 ,2.4 ,2 ,0 ,1.8 ,-3.1 | 0
0 ,0 ,-3 ,2 ,3 ,0 ,2 ,-2 | 0
0 ,0 ,1 ,2 ,-3 ,0 ,2 ,0 | 0
0 ,0 ,1.9 ,0.4 ,2 ,0 ,2.8 ,0.65 | 0

R4 --> R4 + 0.6*R3

-2 ,0 ,0 ,4.2 ,-0.9 ,0 ,4.9 ,0.9 | 0
0 ,-10 ,0 ,-4 ,-7 ,0 ,-3 ,-3 | 0
0 ,0 ,-2 ,-6 ,3 ,0 ,-7 ,0 | 0
0 ,0 ,0 ,-3.4 ,-3.2 ,0 ,-9.8 ,-0.8 | 0
0 ,0 ,-1.6 ,2.4 ,2 ,0 ,1.8 ,-3.1 | 0
0 ,0 ,-3 ,2 ,3 ,0 ,2 ,-2 | 0
0 ,0 ,1 ,2 ,-3 ,0 ,2 ,0 | 0
0 ,0 ,1.9 ,0.4 ,2 ,0 ,2.8 ,0.65 | 0

R5 --> R5 - 0.8*R3

-2 ,0 ,0 ,4.2 ,-0.9 ,0 ,4.9 ,0.9 | 0
0 ,-10 ,0 ,-4 ,-7 ,0 ,-3 ,-3 | 0
0 ,0 ,-2 ,-6 ,3 ,0 ,-7 ,0 | 0
0 ,0 ,0 ,-3.4 ,-3.2 ,0 ,-9.8 ,-0.8 | 0
0 ,0 ,0 ,7.2 ,-0.4 ,0 ,7.4 ,-3.1 | 0
0 ,0 ,-3 ,2 ,3 ,0 ,2 ,-2 | 0
0 ,0 ,1 ,2 ,-3 ,0 ,2 ,0 | 0
0 ,0 ,1.9 ,0.4 ,2 ,0 ,2.8 ,0.65 | 0

R6 --> R6 - 1.5*R3

-2 ,0 ,0 ,4.2 ,-0.9 ,0 ,4.9 ,0.9 | 0
0 ,-10 ,0 ,-4 ,-7 ,0 ,-3 ,-3 | 0
0 ,0 ,-2 ,-6 ,3 ,0 ,-7 ,0 | 0
0 ,0 ,0 ,-3.4 ,-3.2 ,0 ,-9.8 ,-0.8 | 0
0 ,0 ,0 ,7.2 ,-0.4 ,0 ,7.4 ,-3.1 | 0
0 ,0 ,0 ,11 ,-1.5 ,0 ,12.5 ,-2 | 0
0 ,0 ,1 ,2 ,-3 ,0 ,2 ,0 | 0
0 ,0 ,1.9 ,0.4 ,2 ,0 ,2.8 ,0.65 | 0

R7 --> R7 + 0.5*R3

-2 ,0 ,0 ,4.2 ,-0.9 ,0 ,4.9 ,0.9 | 0
0 ,-10 ,0 ,-4 ,-7 ,0 ,-3 ,-3 | 0
0 ,0 ,-2 ,-6 ,3 ,0 ,-7 ,0 | 0
0 ,0 ,0 ,-3.4 ,-3.2 ,0 ,-9.8 ,-0.8 | 0
0 ,0 ,0 ,7.2 ,-0.4 ,0 ,7.4 ,-3.1 | 0
0 ,0 ,0 ,11 ,-1.5 ,0 ,12.5 ,-2 | 0
0 ,0 ,0 ,-1 ,-1.5 ,0 ,-1.5 ,0 | 0
0 ,0 ,1.9 ,0.4 ,2 ,0 ,2.8 ,0.65 | 0

R8 --> R8 + 0.95*R3

-2 ,0 ,0 ,4.2 ,-0.9 ,0 ,4.9 ,0.9 | 0
0 ,-10 ,0 ,-4 ,-7 ,0 ,-3 ,-3 | 0
0 ,0 ,-2 ,-6 ,3 ,0 ,-7 ,0 | 0
0 ,0 ,0 ,-3.4 ,-3.2 ,0 ,-9.8 ,-0.8 | 0
0 ,0 ,0 ,7.2 ,-0.4 ,0 ,7.4 ,-3.1 | 0
0 ,0 ,0 ,11 ,-1.5 ,0 ,12.5 ,-2 | 0
0 ,0 ,0 ,-1 ,-1.5 ,0 ,-1.5 ,0 | 0
0 ,0 ,0 ,-5.3 ,4.85 ,0 ,-3.85 ,0.65 | 0

R1 --> R1 + 1.235*R4

-2 ,0 ,0 ,0 ,-4.853 ,0 ,-7.206 ,-0.088 | 0
0 ,-10 ,0 ,-4 ,-7 ,0 ,-3 ,-3 | 0
0 ,0 ,-2 ,-6 ,3 ,0 ,-7 ,0 | 0
0 ,0 ,0 ,-3.4 ,-3.2 ,0 ,-9.8 ,-0.8 | 0
0 ,0 ,0 ,7.2 ,-0.4 ,0 ,7.4 ,-3.1 | 0
0 ,0 ,0 ,11 ,-1.5 ,0 ,12.5 ,-2 | 0
0 ,0 ,0 ,-1 ,-1.5 ,0 ,-1.5 ,0 | 0
0 ,0 ,0 ,-5.3 ,4.85 ,0 ,-3.85 ,0.65 | 0

R2 --> R2 - 1.176*R4

-2 ,0 ,0 ,0 ,-4.853 ,0 ,-7.206 ,-0.088 | 0
0 ,-10 ,0 ,0 ,-3.235 ,0 ,8.529 ,-2.059 | 0
0 ,0 ,-2 ,-6 ,3 ,0 ,-7 ,0 | 0
0 ,0 ,0 ,-3.4 ,-3.2 ,0 ,-9.8 ,-0.8 | 0
0 ,0 ,0 ,7.2 ,-0.4 ,0 ,7.4 ,-3.1 | 0
0 ,0 ,0 ,11 ,-1.5 ,0 ,12.5 ,-2 | 0
0 ,0 ,0 ,-1 ,-1.5 ,0 ,-1.5 ,0 | 0
0 ,0 ,0 ,-5.3 ,4.85 ,0 ,-3.85 ,0.65 | 0

R3 --> R3 - 1.765*R4

-2 ,0 ,0 ,0 ,-4.853 ,0 ,-7.206 ,-0.088 | 0
0 ,-10 ,0 ,0 ,-3.235 ,0 ,8.529 ,-2.059 | 0
0 ,0 ,-2 ,0 ,8.647 ,0 ,10.294 ,1.412 | 0
0 ,0 ,0 ,-3.4 ,-3.2 ,0 ,-9.8 ,-0.8 | 0
0 ,0 ,0 ,7.2 ,-0.4 ,0 ,7.4 ,-3.1 | 0
0 ,0 ,0 ,11 ,-1.5 ,0 ,12.5 ,-2 | 0
0 ,0 ,0 ,-1 ,-1.5 ,0 ,-1.5 ,0 | 0
0 ,0 ,0 ,-5.3 ,4.85 ,0 ,-3.85 ,0.65 | 0

R5 --> R5 + 2.118*R4

-2 ,0 ,0 ,0 ,-4.853 ,0 ,-7.206 ,-0.088 | 0
0 ,-10 ,0 ,0 ,-3.235 ,0 ,8.529 ,-2.059 | 0
0 ,0 ,-2 ,0 ,8.647 ,0 ,10.294 ,1.412 | 0
0 ,0 ,0 ,-3.4 ,-3.2 ,0 ,-9.8 ,-0.8 | 0
0 ,0 ,0 ,0 ,-7.176 ,0 ,-13.353 ,-4.794 | 0
0 ,0 ,0 ,11 ,-1.5 ,0 ,12.5 ,-2 | 0
0 ,0 ,0 ,-1 ,-1.5 ,0 ,-1.5 ,0 | 0
0 ,0 ,0 ,-5.3 ,4.85 ,0 ,-3.85 ,0.65 | 0

R6 --> R6 + 3.235*R4

-2 ,0 ,0 ,0 ,-4.853 ,0 ,-7.206 ,-0.088 | 0
0 ,-10 ,0 ,0 ,-3.235 ,0 ,8.529 ,-2.059 | 0
0 ,0 ,-2 ,0 ,8.647 ,0 ,10.294 ,1.412 | 0
0 ,0 ,0 ,-3.4 ,-3.2 ,0 ,-9.8 ,-0.8 | 0
0 ,0 ,0 ,0 ,-7.176 ,0 ,-13.353 ,-4.794 | 0
0 ,0 ,0 ,0 ,-11.853 ,0 ,-19.206 ,-4.588 | 0
0 ,0 ,0 ,-1 ,-1.5 ,0 ,-1.5 ,0 | 0
0 ,0 ,0 ,-5.3 ,4.85 ,0 ,-3.85 ,0.65 | 0

R7 --> R7 - 0.294*R4

-2 ,0 ,0 ,0 ,-4.853 ,0 ,-7.206 ,-0.088 | 0
0 ,-10 ,0 ,0 ,-3.235 ,0 ,8.529 ,-2.059 | 0
0 ,0 ,-2 ,0 ,8.647 ,0 ,10.294 ,1.412 | 0
0 ,0 ,0 ,-3.4 ,-3.2 ,0 ,-9.8 ,-0.8 | 0
0 ,0 ,0 ,0 ,-7.176 ,0 ,-13.353 ,-4.794 | 0
0 ,0 ,0 ,0 ,-11.853 ,0 ,-19.206 ,-4.588 | 0
0 ,0 ,0 ,0 ,-0.559 ,0 ,1.382 ,0.235 | 0
0 ,0 ,0 ,-5.3 ,4.85 ,0 ,-3.85 ,0.65 | 0

R8 --> R8 - 1.559*R4

-2 ,0 ,0 ,0 ,-4.853 ,0 ,-7.206 ,-0.088 | 0
0 ,-10 ,0 ,0 ,-3.235 ,0 ,8.529 ,-2.059 | 0
0 ,0 ,-2 ,0 ,8.647 ,0 ,10.294 ,1.412 | 0
0 ,0 ,0 ,-3.4 ,-3.2 ,0 ,-9.8 ,-0.8 | 0
0 ,0 ,0 ,0 ,-7.176 ,0 ,-13.353 ,-4.794 | 0
0 ,0 ,0 ,0 ,-11.853 ,0 ,-19.206 ,-4.588 | 0
0 ,0 ,0 ,0 ,-0.559 ,0 ,1.382 ,0.235 | 0
0 ,0 ,0 ,0 ,9.838 ,0 ,11.426 ,1.897 | 0

R1 --> R1 - 0.676*R5

-2 ,0 ,0 ,0 ,0 ,0 ,1.824 ,3.154 | 0
0 ,-10 ,0 ,0 ,-3.235 ,0 ,8.529 ,-2.059 | 0
0 ,0 ,-2 ,0 ,8.647 ,0 ,10.294 ,1.412 | 0
0 ,0 ,0 ,-3.4 ,-3.2 ,0 ,-9.8 ,-0.8 | 0
0 ,0 ,0 ,0 ,-7.176 ,0 ,-13.353 ,-4.794 | 0
0 ,0 ,0 ,0 ,-11.853 ,0 ,-19.206 ,-4.588 | 0
0 ,0 ,0 ,0 ,-0.559 ,0 ,1.382 ,0.235 | 0
0 ,0 ,0 ,0 ,9.838 ,0 ,11.426 ,1.897 | 0

R2 --> R2 - 0.451*R5

-2 ,0 ,0 ,0 ,0 ,0 ,1.824 ,3.154 | 0
0 ,-10 ,0 ,0 ,0 ,0 ,14.549 ,0.102 | 0
0 ,0 ,-2 ,0 ,8.647 ,0 ,10.294 ,1.412 | 0
0 ,0 ,0 ,-3.4 ,-3.2 ,0 ,-9.8 ,-0.8 | 0
0 ,0 ,0 ,0 ,-7.176 ,0 ,-13.353 ,-4.794 | 0
0 ,0 ,0 ,0 ,-11.853 ,0 ,-19.206 ,-4.588 | 0
0 ,0 ,0 ,0 ,-0.559 ,0 ,1.382 ,0.235 | 0
0 ,0 ,0 ,0 ,9.838 ,0 ,11.426 ,1.897 | 0

R3 --> R3 + 1.205*R5

-2 ,0 ,0 ,0 ,0 ,0 ,1.824 ,3.154 | 0
0 ,-10 ,0 ,0 ,0 ,0 ,14.549 ,0.102 | 0
0 ,0 ,-2 ,0 ,0 ,0 ,-5.795 ,-4.365 | 0
0 ,0 ,0 ,-3.4 ,-3.2 ,0 ,-9.8 ,-0.8 | 0
0 ,0 ,0 ,0 ,-7.176 ,0 ,-13.353 ,-4.794 | 0
0 ,0 ,0 ,0 ,-11.853 ,0 ,-19.206 ,-4.588 | 0
0 ,0 ,0 ,0 ,-0.559 ,0 ,1.382 ,0.235 | 0
0 ,0 ,0 ,0 ,9.838 ,0 ,11.426 ,1.897 | 0

R4 --> R4 - 0.446*R5

-2 ,0 ,0 ,0 ,0 ,0 ,1.824 ,3.154 | 0
0 ,-10 ,0 ,0 ,0 ,0 ,14.549 ,0.102 | 0
0 ,0 ,-2 ,0 ,0 ,0 ,-5.795 ,-4.365 | 0
0 ,0 ,0 ,-3.4 ,0 ,0 ,-3.846 ,1.338 | 0
0 ,0 ,0 ,0 ,-7.176 ,0 ,-13.353 ,-4.794 | 0
0 ,0 ,0 ,0 ,-11.853 ,0 ,-19.206 ,-4.588 | 0
0 ,0 ,0 ,0 ,-0.559 ,0 ,1.382 ,0.235 | 0
0 ,0 ,0 ,0 ,9.838 ,0 ,11.426 ,1.897 | 0

R6 --> R6 - 1.652*R5

-2 ,0 ,0 ,0 ,0 ,0 ,1.824 ,3.154 | 0
0 ,-10 ,0 ,0 ,0 ,0 ,14.549 ,0.102 | 0
0 ,0 ,-2 ,0 ,0 ,0 ,-5.795 ,-4.365 | 0
0 ,0 ,0 ,-3.4 ,0 ,0 ,-3.846 ,1.338 | 0
0 ,0 ,0 ,0 ,-7.176 ,0 ,-13.353 ,-4.794 | 0
0 ,0 ,0 ,0 ,0 ,0 ,2.848 ,3.33 | 0
0 ,0 ,0 ,0 ,-0.559 ,0 ,1.382 ,0.235 | 0
0 ,0 ,0 ,0 ,9.838 ,0 ,11.426 ,1.897 | 0

R7 --> R7 - 0.078*R5

-2 ,0 ,0 ,0 ,0 ,0 ,1.824 ,3.154 | 0
0 ,-10 ,0 ,0 ,0 ,0 ,14.549 ,0.102 | 0
0 ,0 ,-2 ,0 ,0 ,0 ,-5.795 ,-4.365 | 0
0 ,0 ,0 ,-3.4 ,0 ,0 ,-3.846 ,1.338 | 0
0 ,0 ,0 ,0 ,-7.176 ,0 ,-13.353 ,-4.794 | 0
0 ,0 ,0 ,0 ,0 ,0 ,2.848 ,3.33 | 0
0 ,0 ,0 ,0 ,0 ,0 ,2.422 ,0.609 | 0
0 ,0 ,0 ,0 ,9.838 ,0 ,11.426 ,1.897 | 0

R8 --> R8 + 1.371*R5

-2 ,0 ,0 ,0 ,0 ,0 ,1.824 ,3.154 | 0
0 ,-10 ,0 ,0 ,0 ,0 ,14.549 ,0.102 | 0
0 ,0 ,-2 ,0 ,0 ,0 ,-5.795 ,-4.365 | 0
0 ,0 ,0 ,-3.4 ,0 ,0 ,-3.846 ,1.338 | 0
0 ,0 ,0 ,0 ,-7.176 ,0 ,-13.353 ,-4.794 | 0
0 ,0 ,0 ,0 ,0 ,0 ,2.848 ,3.33 | 0
0 ,0 ,0 ,0 ,0 ,0 ,2.422 ,0.609 | 0
0 ,0 ,0 ,0 ,0 ,0 ,-6.879 ,-4.675 | 0

R1 --> R1 - 0.753*R7

-2 ,0 ,0 ,0 ,0 ,0 ,0 ,2.695 | 0
0 ,-10 ,0 ,0 ,0 ,0 ,14.549 ,0.102 | 0
0 ,0 ,-2 ,0 ,0 ,0 ,-5.795 ,-4.365 | 0
0 ,0 ,0 ,-3.4 ,0 ,0 ,-3.846 ,1.338 | 0
0 ,0 ,0 ,0 ,-7.176 ,0 ,-13.353 ,-4.794 | 0
0 ,0 ,0 ,0 ,0 ,0 ,2.848 ,3.33 | 0
0 ,0 ,0 ,0 ,0 ,0 ,2.422 ,0.609 | 0
0 ,0 ,0 ,0 ,0 ,0 ,-6.879 ,-4.675 | 0

R2 --> R2 - 6.007*R7

-2 ,0 ,0 ,0 ,0 ,0 ,0 ,2.695 | 0
0 ,-10 ,0 ,0 ,0 ,0 ,0 ,-3.553 | 0
0 ,0 ,-2 ,0 ,0 ,0 ,-5.795 ,-4.365 | 0
0 ,0 ,0 ,-3.4 ,0 ,0 ,-3.846 ,1.338 | 0
0 ,0 ,0 ,0 ,-7.176 ,0 ,-13.353 ,-4.794 | 0
0 ,0 ,0 ,0 ,0 ,0 ,2.848 ,3.33 | 0
0 ,0 ,0 ,0 ,0 ,0 ,2.422 ,0.609 | 0
0 ,0 ,0 ,0 ,0 ,0 ,-6.879 ,-4.675 | 0

R3 --> R3 + 2.393*R7

-2 ,0 ,0 ,0 ,0 ,0 ,0 ,2.695 | 0
0 ,-10 ,0 ,0 ,0 ,0 ,0 ,-3.553 | 0
0 ,0 ,-2 ,0 ,0 ,0 ,0 ,-2.909 | 0
0 ,0 ,0 ,-3.4 ,0 ,0 ,-3.846 ,1.338 | 0
0 ,0 ,0 ,0 ,-7.176 ,0 ,-13.353 ,-4.794 | 0
0 ,0 ,0 ,0 ,0 ,0 ,2.848 ,3.33 | 0
0 ,0 ,0 ,0 ,0 ,0 ,2.422 ,0.609 | 0
0 ,0 ,0 ,0 ,0 ,0 ,-6.879 ,-4.675 | 0

R4 --> R4 + 1.588*R7

-2 ,0 ,0 ,0 ,0 ,0 ,0 ,2.695 | 0
0 ,-10 ,0 ,0 ,0 ,0 ,0 ,-3.553 | 0
0 ,0 ,-2 ,0 ,0 ,0 ,0 ,-2.909 | 0
0 ,0 ,0 ,-3.4 ,0 ,0 ,0 ,2.304 | 0
0 ,0 ,0 ,0 ,-7.176 ,0 ,-13.353 ,-4.794 | 0
0 ,0 ,0 ,0 ,0 ,0 ,2.848 ,3.33 | 0
0 ,0 ,0 ,0 ,0 ,0 ,2.422 ,0.609 | 0
0 ,0 ,0 ,0 ,0 ,0 ,-6.879 ,-4.675 | 0

R5 --> R5 + 5.513*R7

-2 ,0 ,0 ,0 ,0 ,0 ,0 ,2.695 | 0
0 ,-10 ,0 ,0 ,0 ,0 ,0 ,-3.553 | 0
0 ,0 ,-2 ,0 ,0 ,0 ,0 ,-2.909 | 0
0 ,0 ,0 ,-3.4 ,0 ,0 ,0 ,2.304 | 0
0 ,0 ,0 ,0 ,-7.176 ,0 ,0 ,-1.439 | 0
0 ,0 ,0 ,0 ,0 ,0 ,2.848 ,3.33 | 0
0 ,0 ,0 ,0 ,0 ,0 ,2.422 ,0.609 | 0
0 ,0 ,0 ,0 ,0 ,0 ,-6.879 ,-4.675 | 0

R6 --> R6 - 1.176*R7

-2 ,0 ,0 ,0 ,0 ,0 ,0 ,2.695 | 0
0 ,-10 ,0 ,0 ,0 ,0 ,0 ,-3.553 | 0
0 ,0 ,-2 ,0 ,0 ,0 ,0 ,-2.909 | 0
0 ,0 ,0 ,-3.4 ,0 ,0 ,0 ,2.304 | 0
0 ,0 ,0 ,0 ,-7.176 ,0 ,0 ,-1.439 | 0
0 ,0 ,0 ,0 ,0 ,0 ,0 ,2.614 | 0
0 ,0 ,0 ,0 ,0 ,0 ,2.422 ,0.609 | 0
0 ,0 ,0 ,0 ,0 ,0 ,-6.879 ,-4.675 | 0

R6 --> 0.383*R6

-2 ,0 ,0 ,0 ,0 ,0 ,0 ,2.695 | 0
0 ,-10 ,0 ,0 ,0 ,0 ,0 ,-3.553 | 0
0 ,0 ,-2 ,0 ,0 ,0 ,0 ,-2.909 | 0
0 ,0 ,0 ,-3.4 ,0 ,0 ,0 ,2.304 | 0
0 ,0 ,0 ,0 ,-7.176 ,0 ,0 ,-1.439 | 0
0 ,0 ,0 ,0 ,0 ,0 ,0 ,1 | 0
0 ,0 ,0 ,0 ,0 ,0 ,2.422 ,0.609 | 0
0 ,0 ,0 ,0 ,0 ,0 ,-6.879 ,-4.675 | 0

R8 --> R8 + 2.84*R7

-2 ,0 ,0 ,0 ,0 ,0 ,0 ,2.695 | 0
0 ,-10 ,0 ,0 ,0 ,0 ,0 ,-3.553 | 0
0 ,0 ,-2 ,0 ,0 ,0 ,0 ,-2.909 | 0
0 ,0 ,0 ,-3.4 ,0 ,0 ,0 ,2.304 | 0
0 ,0 ,0 ,0 ,-7.176 ,0 ,0 ,-1.439 | 0
0 ,0 ,0 ,0 ,0 ,0 ,0 ,1 | 0
0 ,0 ,0 ,0 ,0 ,0 ,2.422 ,0.609 | 0
0 ,0 ,0 ,0 ,0 ,0 ,0 ,-2.947 | 0

R8 --> -0.339*R8

-2 ,0 ,0 ,0 ,0 ,0 ,0 ,2.695 | 0
0 ,-10 ,0 ,0 ,0 ,0 ,0 ,-3.553 | 0
0 ,0 ,-2 ,0 ,0 ,0 ,0 ,-2.909 | 0
0 ,0 ,0 ,-3.4 ,0 ,0 ,0 ,2.304 | 0
0 ,0 ,0 ,0 ,-7.176 ,0 ,0 ,-1.439 | 0
0 ,0 ,0 ,0 ,0 ,0 ,0 ,1 | 0
0 ,0 ,0 ,0 ,0 ,0 ,2.422 ,0.609 | 0
0 ,0 ,0 ,0 ,0 ,0 ,0 ,1 | 0

R1 --> R1 - 2.695*R8

-2 ,0 ,0 ,0 ,0 ,0 ,0 ,0 | 0
0 ,-10 ,0 ,0 ,0 ,0 ,0 ,-3.553 | 0
0 ,0 ,-2 ,0 ,0 ,0 ,0 ,-2.909 | 0
0 ,0 ,0 ,-3.4 ,0 ,0 ,0 ,2.304 | 0
0 ,0 ,0 ,0 ,-7.176 ,0 ,0 ,-1.439 | 0
0 ,0 ,0 ,0 ,0 ,0 ,0 ,1 | 0
0 ,0 ,0 ,0 ,0 ,0 ,2.422 ,0.609 | 0
0 ,0 ,0 ,0 ,0 ,0 ,0 ,1 | 0

R1 --> -0.5*R1

1 ,0 ,0 ,0 ,0 ,0 ,0 ,0 | 0
0 ,-10 ,0 ,0 ,0 ,0 ,0 ,-3.553 | 0
0 ,0 ,-2 ,0 ,0 ,0 ,0 ,-2.909 | 0
0 ,0 ,0 ,-3.4 ,0 ,0 ,0 ,2.304 | 0
0 ,0 ,0 ,0 ,-7.176 ,0 ,0 ,-1.439 | 0
0 ,0 ,0 ,0 ,0 ,0 ,0 ,1 | 0
0 ,0 ,0 ,0 ,0 ,0 ,2.422 ,0.609 | 0
0 ,0 ,0 ,0 ,0 ,0 ,0 ,1 | 0

R2 --> R2 + 3.553*R8

1 ,0 ,0 ,0 ,0 ,0 ,0 ,0 | 0
0 ,-10 ,0 ,0 ,0 ,0 ,0 ,0 | 0
0 ,0 ,-2 ,0 ,0 ,0 ,0 ,-2.909 | 0
0 ,0 ,0 ,-3.4 ,0 ,0 ,0 ,2.304 | 0
0 ,0 ,0 ,0 ,-7.176 ,0 ,0 ,-1.439 | 0
0 ,0 ,0 ,0 ,0 ,0 ,0 ,1 | 0
0 ,0 ,0 ,0 ,0 ,0 ,2.422 ,0.609 | 0
0 ,0 ,0 ,0 ,0 ,0 ,0 ,1 | 0

R2 --> -0.1*R2

1 ,0 ,0 ,0 ,0 ,0 ,0 ,0 | 0
0 ,1 ,0 ,0 ,0 ,0 ,0 ,0 | 0
0 ,0 ,-2 ,0 ,0 ,0 ,0 ,-2.909 | 0
0 ,0 ,0 ,-3.4 ,0 ,0 ,0 ,2.304 | 0
0 ,0 ,0 ,0 ,-7.176 ,0 ,0 ,-1.439 | 0
0 ,0 ,0 ,0 ,0 ,0 ,0 ,1 | 0
0 ,0 ,0 ,0 ,0 ,0 ,2.422 ,0.609 | 0
0 ,0 ,0 ,0 ,0 ,0 ,0 ,1 | 0

R3 --> R3 + 2.909*R8

1 ,0 ,0 ,0 ,0 ,0 ,0 ,0 | 0
0 ,1 ,0 ,0 ,0 ,0 ,0 ,0 | 0
0 ,0 ,-2 ,0 ,0 ,0 ,0 ,0 | 0
0 ,0 ,0 ,-3.4 ,0 ,0 ,0 ,2.304 | 0
0 ,0 ,0 ,0 ,-7.176 ,0 ,0 ,-1.439 | 0
0 ,0 ,0 ,0 ,0 ,0 ,0 ,1 | 0
0 ,0 ,0 ,0 ,0 ,0 ,2.422 ,0.609 | 0
0 ,0 ,0 ,0 ,0 ,0 ,0 ,1 | 0

R3 --> -0.5*R3

1 ,0 ,0 ,0 ,0 ,0 ,0 ,0 | 0
0 ,1 ,0 ,0 ,0 ,0 ,0 ,0 | 0
0 ,0 ,1 ,0 ,0 ,0 ,0 ,0 | 0
0 ,0 ,0 ,-3.4 ,0 ,0 ,0 ,2.304 | 0
0 ,0 ,0 ,0 ,-7.176 ,0 ,0 ,-1.439 | 0
0 ,0 ,0 ,0 ,0 ,0 ,0 ,1 | 0
0 ,0 ,0 ,0 ,0 ,0 ,2.422 ,0.609 | 0
0 ,0 ,0 ,0 ,0 ,0 ,0 ,1 | 0

R4 --> R4 - 2.304*R8

1 ,0 ,0 ,0 ,0 ,0 ,0 ,0 | 0
0 ,1 ,0 ,0 ,0 ,0 ,0 ,0 | 0
0 ,0 ,1 ,0 ,0 ,0 ,0 ,0 | 0
0 ,0 ,0 ,-3.4 ,0 ,0 ,0 ,0 | 0
0 ,0 ,0 ,0 ,-7.176 ,0 ,0 ,-1.439 | 0
0 ,0 ,0 ,0 ,0 ,0 ,0 ,1 | 0
0 ,0 ,0 ,0 ,0 ,0 ,2.422 ,0.609 | 0
0 ,0 ,0 ,0 ,0 ,0 ,0 ,1 | 0

R4 --> -0.294*R4

1 ,0 ,0 ,0 ,0 ,0 ,0 ,0 | 0
0 ,1 ,0 ,0 ,0 ,0 ,0 ,0 | 0
0 ,0 ,1 ,0 ,0 ,0 ,0 ,0 | 0
0 ,0 ,0 ,1 ,0 ,0 ,0 ,0 | 0
0 ,0 ,0 ,0 ,-7.176 ,0 ,0 ,-1.439 | 0
0 ,0 ,0 ,0 ,0 ,0 ,0 ,1 | 0
0 ,0 ,0 ,0 ,0 ,0 ,2.422 ,0.609 | 0
0 ,0 ,0 ,0 ,0 ,0 ,0 ,1 | 0

R5 --> R5 + 1.439*R8

1 ,0 ,0 ,0 ,0 ,0 ,0 ,0 | 0
0 ,1 ,0 ,0 ,0 ,0 ,0 ,0 | 0
0 ,0 ,1 ,0 ,0 ,0 ,0 ,0 | 0
0 ,0 ,0 ,1 ,0 ,0 ,0 ,0 | 0
0 ,0 ,0 ,0 ,-7.176 ,0 ,0 ,0 | 0
0 ,0 ,0 ,0 ,0 ,0 ,0 ,1 | 0
0 ,0 ,0 ,0 ,0 ,0 ,2.422 ,0.609 | 0
0 ,0 ,0 ,0 ,0 ,0 ,0 ,1 | 0

R5 --> -0.139*R5

1 ,0 ,0 ,0 ,0 ,0 ,0 ,0 | 0
0 ,1 ,0 ,0 ,0 ,0 ,0 ,0 | 0
0 ,0 ,1 ,0 ,0 ,0 ,0 ,0 | 0
0 ,0 ,0 ,1 ,0 ,0 ,0 ,0 | 0
0 ,0 ,0 ,0 ,1 ,0 ,0 ,0 | 0
0 ,0 ,0 ,0 ,0 ,0 ,0 ,1 | 0
0 ,0 ,0 ,0 ,0 ,0 ,2.422 ,0.609 | 0
0 ,0 ,0 ,0 ,0 ,0 ,0 ,1 | 0

R6 --> R6 - R8

1 ,0 ,0 ,0 ,0 ,0 ,0 ,0 | 0
0 ,1 ,0 ,0 ,0 ,0 ,0 ,0 | 0
0 ,0 ,1 ,0 ,0 ,0 ,0 ,0 | 0
0 ,0 ,0 ,1 ,0 ,0 ,0 ,0 | 0
0 ,0 ,0 ,0 ,1 ,0 ,0 ,0 | 0
0 ,0 ,0 ,0 ,0 ,0 ,0 ,0 | 0
0 ,0 ,0 ,0 ,0 ,0 ,2.422 ,0.609 | 0
0 ,0 ,0 ,0 ,0 ,0 ,0 ,1 | 0

R7 --> R7 - 0.609*R8

1 ,0 ,0 ,0 ,0 ,0 ,0 ,0 | 0
0 ,1 ,0 ,0 ,0 ,0 ,0 ,0 | 0
0 ,0 ,1 ,0 ,0 ,0 ,0 ,0 | 0
0 ,0 ,0 ,1 ,0 ,0 ,0 ,0 | 0
0 ,0 ,0 ,0 ,1 ,0 ,0 ,0 | 0
0 ,0 ,0 ,0 ,0 ,0 ,0 ,0 | 0
0 ,0 ,0 ,0 ,0 ,0 ,2.422 ,0 | 0
0 ,0 ,0 ,0 ,0 ,0 ,0 ,1 | 0

R7 --> 0.413*R7

1 ,0 ,0 ,0 ,0 ,0 ,0 ,0 | 0
0 ,1 ,0 ,0 ,0 ,0 ,0 ,0 | 0
0 ,0 ,1 ,0 ,0 ,0 ,0 ,0 | 0
0 ,0 ,0 ,1 ,0 ,0 ,0 ,0 | 0
0 ,0 ,0 ,0 ,1 ,0 ,0 ,0 | 0
0 ,0 ,0 ,0 ,0 ,0 ,0 ,0 | 0
0 ,0 ,0 ,0 ,0 ,0 ,1 ,0 | 0
0 ,0 ,0 ,0 ,0 ,0 ,0 ,1 | 0

define new column in the vector b when x6 is free variable in R8 space:
1 ,0 ,0 ,0 ,0 ,0 ,0 ,0 | 0 ,0
0 ,1 ,0 ,0 ,0 ,0 ,0 ,0 | 0 ,0
0 ,0 ,1 ,0 ,0 ,0 ,0 ,0 | 0 ,0
0 ,0 ,0 ,1 ,0 ,0 ,0 ,0 | 0 ,0
0 ,0 ,0 ,0 ,1 ,0 ,0 ,0 | 0 ,0
0 ,0 ,0 ,0 ,0 ,1 ,0 ,0 | 0 ,1
0 ,0 ,0 ,0 ,0 ,0 ,1 ,0 | 0 ,0
0 ,0 ,0 ,0 ,0 ,0 ,0 ,1 | 0 ,0

the solution is an infinite set of vectors in R8 space which are linearly dependents in the vector space:
x = λ*(0 ,0 ,0 ,0 ,0 ,1 ,0 ,0) when λ it's a free scalar that belongs to the R set
