solve the next system in R8 space (8 equations)(8 unknowns):
eq1: -   x1 + 2*x2 + 3*x3 -   x4 + 2*x5 + 2*x6 + 3*x7 - 3*x8  = 0
eq2: - 3*x1 - 2*x2 + 2*x3 +   x4        +   x6 + 2*x7 + 2*x8  = 0
eq3: - 4*x1 + 4*x2 +   x3 + 4*x4        + 4*x6 +   x7         = 0
eq4:        -   x2        - 4*x4 -   x5 - 2*x6        + 3*x8  = 0
eq5: + 4*x1               -   x4 + 2*x5 -   x6        + 4*x8  = 0
eq6: + 3*x1 + 2*x2 - 3*x3 - 4*x4               - 3*x7 +   x8  = 0
eq7: + 2*x1        + 4*x3 + 3*x4        -   x6 + 4*x7         = 0
eq8: + 2*x1 -   x2 - 3*x3        + 4*x5 - 4*x6 - 3*x7         = 0

-1 ,2 ,3 ,-1 ,2 ,2 ,3 ,-3 | 0
-3 ,-2 ,2 ,1 ,0 ,1 ,2 ,2 | 0
-4 ,4 ,1 ,4 ,0 ,4 ,1 ,0 | 0
0 ,-1 ,0 ,-4 ,-1 ,-2 ,0 ,3 | 0
4 ,0 ,0 ,-1 ,2 ,-1 ,0 ,4 | 0
3 ,2 ,-3 ,-4 ,0 ,0 ,-3 ,1 | 0
2 ,0 ,4 ,3 ,0 ,-1 ,4 ,0 | 0
2 ,-1 ,-3 ,0 ,4 ,-4 ,-3 ,0 | 0

implement the solution by elementary matrices method:
transform A matrix to I by an elementary matrices:
R2 --> R2 - 3*R1

-1 ,2 ,3 ,-1 ,2 ,2 ,3 ,-3 | 0
0 ,-8 ,-7 ,4 ,-6 ,-5 ,-7 ,11 | 0
-4 ,4 ,1 ,4 ,0 ,4 ,1 ,0 | 0
0 ,-1 ,0 ,-4 ,-1 ,-2 ,0 ,3 | 0
4 ,0 ,0 ,-1 ,2 ,-1 ,0 ,4 | 0
3 ,2 ,-3 ,-4 ,0 ,0 ,-3 ,1 | 0
2 ,0 ,4 ,3 ,0 ,-1 ,4 ,0 | 0
2 ,-1 ,-3 ,0 ,4 ,-4 ,-3 ,0 | 0

R3 --> R3 - 4*R1

-1 ,2 ,3 ,-1 ,2 ,2 ,3 ,-3 | 0
0 ,-8 ,-7 ,4 ,-6 ,-5 ,-7 ,11 | 0
0 ,-4 ,-11 ,8 ,-8 ,-4 ,-11 ,12 | 0
0 ,-1 ,0 ,-4 ,-1 ,-2 ,0 ,3 | 0
4 ,0 ,0 ,-1 ,2 ,-1 ,0 ,4 | 0
3 ,2 ,-3 ,-4 ,0 ,0 ,-3 ,1 | 0
2 ,0 ,4 ,3 ,0 ,-1 ,4 ,0 | 0
2 ,-1 ,-3 ,0 ,4 ,-4 ,-3 ,0 | 0

R5 --> R5 + 4*R1

-1 ,2 ,3 ,-1 ,2 ,2 ,3 ,-3 | 0
0 ,-8 ,-7 ,4 ,-6 ,-5 ,-7 ,11 | 0
0 ,-4 ,-11 ,8 ,-8 ,-4 ,-11 ,12 | 0
0 ,-1 ,0 ,-4 ,-1 ,-2 ,0 ,3 | 0
0 ,8 ,12 ,-5 ,10 ,7 ,12 ,-8 | 0
3 ,2 ,-3 ,-4 ,0 ,0 ,-3 ,1 | 0
2 ,0 ,4 ,3 ,0 ,-1 ,4 ,0 | 0
2 ,-1 ,-3 ,0 ,4 ,-4 ,-3 ,0 | 0

R6 --> R6 + 3*R1

-1 ,2 ,3 ,-1 ,2 ,2 ,3 ,-3 | 0
0 ,-8 ,-7 ,4 ,-6 ,-5 ,-7 ,11 | 0
0 ,-4 ,-11 ,8 ,-8 ,-4 ,-11 ,12 | 0
0 ,-1 ,0 ,-4 ,-1 ,-2 ,0 ,3 | 0
0 ,8 ,12 ,-5 ,10 ,7 ,12 ,-8 | 0
0 ,8 ,6 ,-7 ,6 ,6 ,6 ,-8 | 0
2 ,0 ,4 ,3 ,0 ,-1 ,4 ,0 | 0
2 ,-1 ,-3 ,0 ,4 ,-4 ,-3 ,0 | 0

R7 --> R7 + 2*R1

-1 ,2 ,3 ,-1 ,2 ,2 ,3 ,-3 | 0
0 ,-8 ,-7 ,4 ,-6 ,-5 ,-7 ,11 | 0
0 ,-4 ,-11 ,8 ,-8 ,-4 ,-11 ,12 | 0
0 ,-1 ,0 ,-4 ,-1 ,-2 ,0 ,3 | 0
0 ,8 ,12 ,-5 ,10 ,7 ,12 ,-8 | 0
0 ,8 ,6 ,-7 ,6 ,6 ,6 ,-8 | 0
0 ,4 ,10 ,1 ,4 ,3 ,10 ,-6 | 0
2 ,-1 ,-3 ,0 ,4 ,-4 ,-3 ,0 | 0

R8 --> R8 + 2*R1

-1 ,2 ,3 ,-1 ,2 ,2 ,3 ,-3 | 0
0 ,-8 ,-7 ,4 ,-6 ,-5 ,-7 ,11 | 0
0 ,-4 ,-11 ,8 ,-8 ,-4 ,-11 ,12 | 0
0 ,-1 ,0 ,-4 ,-1 ,-2 ,0 ,3 | 0
0 ,8 ,12 ,-5 ,10 ,7 ,12 ,-8 | 0
0 ,8 ,6 ,-7 ,6 ,6 ,6 ,-8 | 0
0 ,4 ,10 ,1 ,4 ,3 ,10 ,-6 | 0
0 ,3 ,3 ,-2 ,8 ,0 ,3 ,-6 | 0

R1 --> R1 + 0.25*R2

-1 ,0 ,1.25 ,0 ,0.5 ,0.75 ,1.25 ,-0.25 | 0
0 ,-8 ,-7 ,4 ,-6 ,-5 ,-7 ,11 | 0
0 ,-4 ,-11 ,8 ,-8 ,-4 ,-11 ,12 | 0
0 ,-1 ,0 ,-4 ,-1 ,-2 ,0 ,3 | 0
0 ,8 ,12 ,-5 ,10 ,7 ,12 ,-8 | 0
0 ,8 ,6 ,-7 ,6 ,6 ,6 ,-8 | 0
0 ,4 ,10 ,1 ,4 ,3 ,10 ,-6 | 0
0 ,3 ,3 ,-2 ,8 ,0 ,3 ,-6 | 0

R3 --> R3 - 0.5*R2

-1 ,0 ,1.25 ,0 ,0.5 ,0.75 ,1.25 ,-0.25 | 0
0 ,-8 ,-7 ,4 ,-6 ,-5 ,-7 ,11 | 0
0 ,0 ,-7.5 ,6 ,-5 ,-1.5 ,-7.5 ,6.5 | 0
0 ,-1 ,0 ,-4 ,-1 ,-2 ,0 ,3 | 0
0 ,8 ,12 ,-5 ,10 ,7 ,12 ,-8 | 0
0 ,8 ,6 ,-7 ,6 ,6 ,6 ,-8 | 0
0 ,4 ,10 ,1 ,4 ,3 ,10 ,-6 | 0
0 ,3 ,3 ,-2 ,8 ,0 ,3 ,-6 | 0

R4 --> R4 - 0.125*R2

-1 ,0 ,1.25 ,0 ,0.5 ,0.75 ,1.25 ,-0.25 | 0
0 ,-8 ,-7 ,4 ,-6 ,-5 ,-7 ,11 | 0
0 ,0 ,-7.5 ,6 ,-5 ,-1.5 ,-7.5 ,6.5 | 0
0 ,0 ,0.875 ,-4.5 ,-0.25 ,-1.375 ,0.875 ,1.625 | 0
0 ,8 ,12 ,-5 ,10 ,7 ,12 ,-8 | 0
0 ,8 ,6 ,-7 ,6 ,6 ,6 ,-8 | 0
0 ,4 ,10 ,1 ,4 ,3 ,10 ,-6 | 0
0 ,3 ,3 ,-2 ,8 ,0 ,3 ,-6 | 0

R5 --> R5 + R2

-1 ,0 ,1.25 ,0 ,0.5 ,0.75 ,1.25 ,-0.25 | 0
0 ,-8 ,-7 ,4 ,-6 ,-5 ,-7 ,11 | 0
0 ,0 ,-7.5 ,6 ,-5 ,-1.5 ,-7.5 ,6.5 | 0
0 ,0 ,0.875 ,-4.5 ,-0.25 ,-1.375 ,0.875 ,1.625 | 0
0 ,0 ,5 ,-1 ,4 ,2 ,5 ,3 | 0
0 ,8 ,6 ,-7 ,6 ,6 ,6 ,-8 | 0
0 ,4 ,10 ,1 ,4 ,3 ,10 ,-6 | 0
0 ,3 ,3 ,-2 ,8 ,0 ,3 ,-6 | 0

R6 --> R6 + R2

-1 ,0 ,1.25 ,0 ,0.5 ,0.75 ,1.25 ,-0.25 | 0
0 ,-8 ,-7 ,4 ,-6 ,-5 ,-7 ,11 | 0
0 ,0 ,-7.5 ,6 ,-5 ,-1.5 ,-7.5 ,6.5 | 0
0 ,0 ,0.875 ,-4.5 ,-0.25 ,-1.375 ,0.875 ,1.625 | 0
0 ,0 ,5 ,-1 ,4 ,2 ,5 ,3 | 0
0 ,0 ,-1 ,-3 ,0 ,1 ,-1 ,3 | 0
0 ,4 ,10 ,1 ,4 ,3 ,10 ,-6 | 0
0 ,3 ,3 ,-2 ,8 ,0 ,3 ,-6 | 0

R7 --> R7 + 0.5*R2

-1 ,0 ,1.25 ,0 ,0.5 ,0.75 ,1.25 ,-0.25 | 0
0 ,-8 ,-7 ,4 ,-6 ,-5 ,-7 ,11 | 0
0 ,0 ,-7.5 ,6 ,-5 ,-1.5 ,-7.5 ,6.5 | 0
0 ,0 ,0.875 ,-4.5 ,-0.25 ,-1.375 ,0.875 ,1.625 | 0
0 ,0 ,5 ,-1 ,4 ,2 ,5 ,3 | 0
0 ,0 ,-1 ,-3 ,0 ,1 ,-1 ,3 | 0
0 ,0 ,6.5 ,3 ,1 ,0.5 ,6.5 ,-0.5 | 0
0 ,3 ,3 ,-2 ,8 ,0 ,3 ,-6 | 0

R8 --> R8 + 0.375*R2

-1 ,0 ,1.25 ,0 ,0.5 ,0.75 ,1.25 ,-0.25 | 0
0 ,-8 ,-7 ,4 ,-6 ,-5 ,-7 ,11 | 0
0 ,0 ,-7.5 ,6 ,-5 ,-1.5 ,-7.5 ,6.5 | 0
0 ,0 ,0.875 ,-4.5 ,-0.25 ,-1.375 ,0.875 ,1.625 | 0
0 ,0 ,5 ,-1 ,4 ,2 ,5 ,3 | 0
0 ,0 ,-1 ,-3 ,0 ,1 ,-1 ,3 | 0
0 ,0 ,6.5 ,3 ,1 ,0.5 ,6.5 ,-0.5 | 0
0 ,0 ,0.375 ,-0.5 ,5.75 ,-1.875 ,0.375 ,-1.875 | 0

R1 --> R1 + 0.167*R3

-1 ,0 ,0 ,1 ,-0.333 ,0.5 ,0 ,0.833 | 0
0 ,-8 ,-7 ,4 ,-6 ,-5 ,-7 ,11 | 0
0 ,0 ,-7.5 ,6 ,-5 ,-1.5 ,-7.5 ,6.5 | 0
0 ,0 ,0.875 ,-4.5 ,-0.25 ,-1.375 ,0.875 ,1.625 | 0
0 ,0 ,5 ,-1 ,4 ,2 ,5 ,3 | 0
0 ,0 ,-1 ,-3 ,0 ,1 ,-1 ,3 | 0
0 ,0 ,6.5 ,3 ,1 ,0.5 ,6.5 ,-0.5 | 0
0 ,0 ,0.375 ,-0.5 ,5.75 ,-1.875 ,0.375 ,-1.875 | 0

R2 --> R2 - 0.933*R3

-1 ,0 ,0 ,1 ,-0.333 ,0.5 ,0 ,0.833 | 0
0 ,-8 ,0 ,-1.6 ,-1.333 ,-3.6 ,0 ,4.933 | 0
0 ,0 ,-7.5 ,6 ,-5 ,-1.5 ,-7.5 ,6.5 | 0
0 ,0 ,0.875 ,-4.5 ,-0.25 ,-1.375 ,0.875 ,1.625 | 0
0 ,0 ,5 ,-1 ,4 ,2 ,5 ,3 | 0
0 ,0 ,-1 ,-3 ,0 ,1 ,-1 ,3 | 0
0 ,0 ,6.5 ,3 ,1 ,0.5 ,6.5 ,-0.5 | 0
0 ,0 ,0.375 ,-0.5 ,5.75 ,-1.875 ,0.375 ,-1.875 | 0

R4 --> R4 + 0.117*R3

-1 ,0 ,0 ,1 ,-0.333 ,0.5 ,0 ,0.833 | 0
0 ,-8 ,0 ,-1.6 ,-1.333 ,-3.6 ,0 ,4.933 | 0
0 ,0 ,-7.5 ,6 ,-5 ,-1.5 ,-7.5 ,6.5 | 0
0 ,0 ,0 ,-3.8 ,-0.833 ,-1.55 ,0 ,2.383 | 0
0 ,0 ,5 ,-1 ,4 ,2 ,5 ,3 | 0
0 ,0 ,-1 ,-3 ,0 ,1 ,-1 ,3 | 0
0 ,0 ,6.5 ,3 ,1 ,0.5 ,6.5 ,-0.5 | 0
0 ,0 ,0.375 ,-0.5 ,5.75 ,-1.875 ,0.375 ,-1.875 | 0

R5 --> R5 + 0.667*R3

-1 ,0 ,0 ,1 ,-0.333 ,0.5 ,0 ,0.833 | 0
0 ,-8 ,0 ,-1.6 ,-1.333 ,-3.6 ,0 ,4.933 | 0
0 ,0 ,-7.5 ,6 ,-5 ,-1.5 ,-7.5 ,6.5 | 0
0 ,0 ,0 ,-3.8 ,-0.833 ,-1.55 ,0 ,2.383 | 0
0 ,0 ,0 ,3 ,0.667 ,1 ,0 ,7.333 | 0
0 ,0 ,-1 ,-3 ,0 ,1 ,-1 ,3 | 0
0 ,0 ,6.5 ,3 ,1 ,0.5 ,6.5 ,-0.5 | 0
0 ,0 ,0.375 ,-0.5 ,5.75 ,-1.875 ,0.375 ,-1.875 | 0

R6 --> R6 - 0.133*R3

-1 ,0 ,0 ,1 ,-0.333 ,0.5 ,0 ,0.833 | 0
0 ,-8 ,0 ,-1.6 ,-1.333 ,-3.6 ,0 ,4.933 | 0
0 ,0 ,-7.5 ,6 ,-5 ,-1.5 ,-7.5 ,6.5 | 0
0 ,0 ,0 ,-3.8 ,-0.833 ,-1.55 ,0 ,2.383 | 0
0 ,0 ,0 ,3 ,0.667 ,1 ,0 ,7.333 | 0
0 ,0 ,0 ,-3.8 ,0.667 ,1.2 ,0 ,2.133 | 0
0 ,0 ,6.5 ,3 ,1 ,0.5 ,6.5 ,-0.5 | 0
0 ,0 ,0.375 ,-0.5 ,5.75 ,-1.875 ,0.375 ,-1.875 | 0

R7 --> R7 + 0.867*R3

-1 ,0 ,0 ,1 ,-0.333 ,0.5 ,0 ,0.833 | 0
0 ,-8 ,0 ,-1.6 ,-1.333 ,-3.6 ,0 ,4.933 | 0
0 ,0 ,-7.5 ,6 ,-5 ,-1.5 ,-7.5 ,6.5 | 0
0 ,0 ,0 ,-3.8 ,-0.833 ,-1.55 ,0 ,2.383 | 0
0 ,0 ,0 ,3 ,0.667 ,1 ,0 ,7.333 | 0
0 ,0 ,0 ,-3.8 ,0.667 ,1.2 ,0 ,2.133 | 0
0 ,0 ,0 ,8.2 ,-3.333 ,-0.8 ,0 ,5.133 | 0
0 ,0 ,0.375 ,-0.5 ,5.75 ,-1.875 ,0.375 ,-1.875 | 0

R8 --> R8 + 0.05*R3

-1 ,0 ,0 ,1 ,-0.333 ,0.5 ,0 ,0.833 | 0
0 ,-8 ,0 ,-1.6 ,-1.333 ,-3.6 ,0 ,4.933 | 0
0 ,0 ,-7.5 ,6 ,-5 ,-1.5 ,-7.5 ,6.5 | 0
0 ,0 ,0 ,-3.8 ,-0.833 ,-1.55 ,0 ,2.383 | 0
0 ,0 ,0 ,3 ,0.667 ,1 ,0 ,7.333 | 0
0 ,0 ,0 ,-3.8 ,0.667 ,1.2 ,0 ,2.133 | 0
0 ,0 ,0 ,8.2 ,-3.333 ,-0.8 ,0 ,5.133 | 0
0 ,0 ,0 ,-0.2 ,5.5 ,-1.95 ,0 ,-1.55 | 0

R1 --> R1 + 0.263*R4

-1 ,0 ,0 ,0 ,-0.553 ,0.092 ,0 ,1.461 | 0
0 ,-8 ,0 ,-1.6 ,-1.333 ,-3.6 ,0 ,4.933 | 0
0 ,0 ,-7.5 ,6 ,-5 ,-1.5 ,-7.5 ,6.5 | 0
0 ,0 ,0 ,-3.8 ,-0.833 ,-1.55 ,0 ,2.383 | 0
0 ,0 ,0 ,3 ,0.667 ,1 ,0 ,7.333 | 0
0 ,0 ,0 ,-3.8 ,0.667 ,1.2 ,0 ,2.133 | 0
0 ,0 ,0 ,8.2 ,-3.333 ,-0.8 ,0 ,5.133 | 0
0 ,0 ,0 ,-0.2 ,5.5 ,-1.95 ,0 ,-1.55 | 0

R2 --> R2 - 0.421*R4

-1 ,0 ,0 ,0 ,-0.553 ,0.092 ,0 ,1.461 | 0
0 ,-8 ,0 ,0 ,-0.982 ,-2.947 ,0 ,3.93 | 0
0 ,0 ,-7.5 ,6 ,-5 ,-1.5 ,-7.5 ,6.5 | 0
0 ,0 ,0 ,-3.8 ,-0.833 ,-1.55 ,0 ,2.383 | 0
0 ,0 ,0 ,3 ,0.667 ,1 ,0 ,7.333 | 0
0 ,0 ,0 ,-3.8 ,0.667 ,1.2 ,0 ,2.133 | 0
0 ,0 ,0 ,8.2 ,-3.333 ,-0.8 ,0 ,5.133 | 0
0 ,0 ,0 ,-0.2 ,5.5 ,-1.95 ,0 ,-1.55 | 0

R3 --> R3 + 1.579*R4

-1 ,0 ,0 ,0 ,-0.553 ,0.092 ,0 ,1.461 | 0
0 ,-8 ,0 ,0 ,-0.982 ,-2.947 ,0 ,3.93 | 0
0 ,0 ,-7.5 ,0 ,-6.316 ,-3.947 ,-7.5 ,10.263 | 0
0 ,0 ,0 ,-3.8 ,-0.833 ,-1.55 ,0 ,2.383 | 0
0 ,0 ,0 ,3 ,0.667 ,1 ,0 ,7.333 | 0
0 ,0 ,0 ,-3.8 ,0.667 ,1.2 ,0 ,2.133 | 0
0 ,0 ,0 ,8.2 ,-3.333 ,-0.8 ,0 ,5.133 | 0
0 ,0 ,0 ,-0.2 ,5.5 ,-1.95 ,0 ,-1.55 | 0

R5 --> R5 + 0.789*R4

-1 ,0 ,0 ,0 ,-0.553 ,0.092 ,0 ,1.461 | 0
0 ,-8 ,0 ,0 ,-0.982 ,-2.947 ,0 ,3.93 | 0
0 ,0 ,-7.5 ,0 ,-6.316 ,-3.947 ,-7.5 ,10.263 | 0
0 ,0 ,0 ,-3.8 ,-0.833 ,-1.55 ,0 ,2.383 | 0
0 ,0 ,0 ,0 ,0.009 ,-0.224 ,0 ,9.215 | 0
0 ,0 ,0 ,-3.8 ,0.667 ,1.2 ,0 ,2.133 | 0
0 ,0 ,0 ,8.2 ,-3.333 ,-0.8 ,0 ,5.133 | 0
0 ,0 ,0 ,-0.2 ,5.5 ,-1.95 ,0 ,-1.55 | 0

R6 --> R6 - R4

-1 ,0 ,0 ,0 ,-0.553 ,0.092 ,0 ,1.461 | 0
0 ,-8 ,0 ,0 ,-0.982 ,-2.947 ,0 ,3.93 | 0
0 ,0 ,-7.5 ,0 ,-6.316 ,-3.947 ,-7.5 ,10.263 | 0
0 ,0 ,0 ,-3.8 ,-0.833 ,-1.55 ,0 ,2.383 | 0
0 ,0 ,0 ,0 ,0.009 ,-0.224 ,0 ,9.215 | 0
0 ,0 ,0 ,0 ,1.5 ,2.75 ,0 ,-0.25 | 0
0 ,0 ,0 ,8.2 ,-3.333 ,-0.8 ,0 ,5.133 | 0
0 ,0 ,0 ,-0.2 ,5.5 ,-1.95 ,0 ,-1.55 | 0

R7 --> R7 + 2.158*R4

-1 ,0 ,0 ,0 ,-0.553 ,0.092 ,0 ,1.461 | 0
0 ,-8 ,0 ,0 ,-0.982 ,-2.947 ,0 ,3.93 | 0
0 ,0 ,-7.5 ,0 ,-6.316 ,-3.947 ,-7.5 ,10.263 | 0
0 ,0 ,0 ,-3.8 ,-0.833 ,-1.55 ,0 ,2.383 | 0
0 ,0 ,0 ,0 ,0.009 ,-0.224 ,0 ,9.215 | 0
0 ,0 ,0 ,0 ,1.5 ,2.75 ,0 ,-0.25 | 0
0 ,0 ,0 ,0 ,-5.132 ,-4.145 ,0 ,10.276 | 0
0 ,0 ,0 ,-0.2 ,5.5 ,-1.95 ,0 ,-1.55 | 0

R8 --> R8 - 0.053*R4

-1 ,0 ,0 ,0 ,-0.553 ,0.092 ,0 ,1.461 | 0
0 ,-8 ,0 ,0 ,-0.982 ,-2.947 ,0 ,3.93 | 0
0 ,0 ,-7.5 ,0 ,-6.316 ,-3.947 ,-7.5 ,10.263 | 0
0 ,0 ,0 ,-3.8 ,-0.833 ,-1.55 ,0 ,2.383 | 0
0 ,0 ,0 ,0 ,0.009 ,-0.224 ,0 ,9.215 | 0
0 ,0 ,0 ,0 ,1.5 ,2.75 ,0 ,-0.25 | 0
0 ,0 ,0 ,0 ,-5.132 ,-4.145 ,0 ,10.276 | 0
0 ,0 ,0 ,0 ,5.544 ,-1.868 ,0 ,-1.675 | 0

R1 --> R1 + 63.001*R5

-1 ,0 ,0 ,0 ,0 ,-14 ,0 ,582.01 | 0
0 ,-8 ,0 ,0 ,-0.982 ,-2.947 ,0 ,3.93 | 0
0 ,0 ,-7.5 ,0 ,-6.316 ,-3.947 ,-7.5 ,10.263 | 0
0 ,0 ,0 ,-3.8 ,-0.833 ,-1.55 ,0 ,2.383 | 0
0 ,0 ,0 ,0 ,0.009 ,-0.224 ,0 ,9.215 | 0
0 ,0 ,0 ,0 ,1.5 ,2.75 ,0 ,-0.25 | 0
0 ,0 ,0 ,0 ,-5.132 ,-4.145 ,0 ,10.276 | 0
0 ,0 ,0 ,0 ,5.544 ,-1.868 ,0 ,-1.675 | 0

R2 --> R2 + 112.002*R5

-1 ,0 ,0 ,0 ,0 ,-14 ,0 ,582.01 | 0
0 ,-8 ,0 ,0 ,0 ,-28 ,0 ,1036.018 | 0
0 ,0 ,-7.5 ,0 ,-6.316 ,-3.947 ,-7.5 ,10.263 | 0
0 ,0 ,0 ,-3.8 ,-0.833 ,-1.55 ,0 ,2.383 | 0
0 ,0 ,0 ,0 ,0.009 ,-0.224 ,0 ,9.215 | 0
0 ,0 ,0 ,0 ,1.5 ,2.75 ,0 ,-0.25 | 0
0 ,0 ,0 ,0 ,-5.132 ,-4.145 ,0 ,10.276 | 0
0 ,0 ,0 ,0 ,5.544 ,-1.868 ,0 ,-1.675 | 0

R3 --> R3 + 720.013*R5

-1 ,0 ,0 ,0 ,0 ,-14 ,0 ,582.01 | 0
0 ,-8 ,0 ,0 ,0 ,-28 ,0 ,1036.018 | 0
0 ,0 ,-7.5 ,0 ,0 ,-165.003 ,-7.5 ,6645.115 | 0
0 ,0 ,0 ,-3.8 ,-0.833 ,-1.55 ,0 ,2.383 | 0
0 ,0 ,0 ,0 ,0.009 ,-0.224 ,0 ,9.215 | 0
0 ,0 ,0 ,0 ,1.5 ,2.75 ,0 ,-0.25 | 0
0 ,0 ,0 ,0 ,-5.132 ,-4.145 ,0 ,10.276 | 0
0 ,0 ,0 ,0 ,5.544 ,-1.868 ,0 ,-1.675 | 0

R4 --> R4 + 95.002*R5

-1 ,0 ,0 ,0 ,0 ,-14 ,0 ,582.01 | 0
0 ,-8 ,0 ,0 ,0 ,-28 ,0 ,1036.018 | 0
0 ,0 ,-7.5 ,0 ,0 ,-165.003 ,-7.5 ,6645.115 | 0
0 ,0 ,0 ,-3.8 ,0 ,-22.8 ,0 ,877.815 | 0
0 ,0 ,0 ,0 ,0.009 ,-0.224 ,0 ,9.215 | 0
0 ,0 ,0 ,0 ,1.5 ,2.75 ,0 ,-0.25 | 0
0 ,0 ,0 ,0 ,-5.132 ,-4.145 ,0 ,10.276 | 0
0 ,0 ,0 ,0 ,5.544 ,-1.868 ,0 ,-1.675 | 0

R6 --> R6 - 171.003*R5

-1 ,0 ,0 ,0 ,0 ,-14 ,0 ,582.01 | 0
0 ,-8 ,0 ,0 ,0 ,-28 ,0 ,1036.018 | 0
0 ,0 ,-7.5 ,0 ,0 ,-165.003 ,-7.5 ,6645.115 | 0
0 ,0 ,0 ,-3.8 ,0 ,-22.8 ,0 ,877.815 | 0
0 ,0 ,0 ,0 ,0.009 ,-0.224 ,0 ,9.215 | 0
0 ,0 ,0 ,0 ,0 ,41.001 ,0 ,-1576.028 | 0
0 ,0 ,0 ,0 ,-5.132 ,-4.145 ,0 ,10.276 | 0
0 ,0 ,0 ,0 ,5.544 ,-1.868 ,0 ,-1.675 | 0

R7 --> R7 + 585.01*R5

-1 ,0 ,0 ,0 ,0 ,-14 ,0 ,582.01 | 0
0 ,-8 ,0 ,0 ,0 ,-28 ,0 ,1036.018 | 0
0 ,0 ,-7.5 ,0 ,0 ,-165.003 ,-7.5 ,6645.115 | 0
0 ,0 ,0 ,-3.8 ,0 ,-22.8 ,0 ,877.815 | 0
0 ,0 ,0 ,0 ,0.009 ,-0.224 ,0 ,9.215 | 0
0 ,0 ,0 ,0 ,0 ,41.001 ,0 ,-1576.028 | 0
0 ,0 ,0 ,0 ,0 ,-135.002 ,0 ,5401.094 | 0
0 ,0 ,0 ,0 ,5.544 ,-1.868 ,0 ,-1.675 | 0

R8 --> R8 - 632.011*R5

-1 ,0 ,0 ,0 ,0 ,-14 ,0 ,582.01 | 0
0 ,-8 ,0 ,0 ,0 ,-28 ,0 ,1036.018 | 0
0 ,0 ,-7.5 ,0 ,0 ,-165.003 ,-7.5 ,6645.115 | 0
0 ,0 ,0 ,-3.8 ,0 ,-22.8 ,0 ,877.815 | 0
0 ,0 ,0 ,0 ,0.009 ,-0.224 ,0 ,9.215 | 0
0 ,0 ,0 ,0 ,0 ,41.001 ,0 ,-1576.028 | 0
0 ,0 ,0 ,0 ,0 ,-135.002 ,0 ,5401.094 | 0
0 ,0 ,0 ,0 ,0 ,139.502 ,0 ,-5825.601 | 0

R1 --> R1 + 0.341*R6

-1 ,0 ,0 ,0 ,0 ,0 ,0 ,43.854 | 0
0 ,-8 ,0 ,0 ,0 ,-28 ,0 ,1036.018 | 0
0 ,0 ,-7.5 ,0 ,0 ,-165.003 ,-7.5 ,6645.115 | 0
0 ,0 ,0 ,-3.8 ,0 ,-22.8 ,0 ,877.815 | 0
0 ,0 ,0 ,0 ,0.009 ,-0.224 ,0 ,9.215 | 0
0 ,0 ,0 ,0 ,0 ,41.001 ,0 ,-1576.028 | 0
0 ,0 ,0 ,0 ,0 ,-135.002 ,0 ,5401.094 | 0
0 ,0 ,0 ,0 ,0 ,139.502 ,0 ,-5825.601 | 0

R2 --> R2 + 0.683*R6

-1 ,0 ,0 ,0 ,0 ,0 ,0 ,43.854 | 0
0 ,-8 ,0 ,0 ,0 ,0 ,0 ,-40.293 | 0
0 ,0 ,-7.5 ,0 ,0 ,-165.003 ,-7.5 ,6645.115 | 0
0 ,0 ,0 ,-3.8 ,0 ,-22.8 ,0 ,877.815 | 0
0 ,0 ,0 ,0 ,0.009 ,-0.224 ,0 ,9.215 | 0
0 ,0 ,0 ,0 ,0 ,41.001 ,0 ,-1576.028 | 0
0 ,0 ,0 ,0 ,0 ,-135.002 ,0 ,5401.094 | 0
0 ,0 ,0 ,0 ,0 ,139.502 ,0 ,-5825.601 | 0

R3 --> R3 + 4.024*R6

-1 ,0 ,0 ,0 ,0 ,0 ,0 ,43.854 | 0
0 ,-8 ,0 ,0 ,0 ,0 ,0 ,-40.293 | 0
0 ,0 ,-7.5 ,0 ,0 ,0 ,-7.5 ,302.562 | 0
0 ,0 ,0 ,-3.8 ,0 ,-22.8 ,0 ,877.815 | 0
0 ,0 ,0 ,0 ,0.009 ,-0.224 ,0 ,9.215 | 0
0 ,0 ,0 ,0 ,0 ,41.001 ,0 ,-1576.028 | 0
0 ,0 ,0 ,0 ,0 ,-135.002 ,0 ,5401.094 | 0
0 ,0 ,0 ,0 ,0 ,139.502 ,0 ,-5825.601 | 0

R4 --> R4 + 0.556*R6

-1 ,0 ,0 ,0 ,0 ,0 ,0 ,43.854 | 0
0 ,-8 ,0 ,0 ,0 ,0 ,0 ,-40.293 | 0
0 ,0 ,-7.5 ,0 ,0 ,0 ,-7.5 ,302.562 | 0
0 ,0 ,0 ,-3.8 ,0 ,0 ,0 ,1.39 | 0
0 ,0 ,0 ,0 ,0.009 ,-0.224 ,0 ,9.215 | 0
0 ,0 ,0 ,0 ,0 ,41.001 ,0 ,-1576.028 | 0
0 ,0 ,0 ,0 ,0 ,-135.002 ,0 ,5401.094 | 0
0 ,0 ,0 ,0 ,0 ,139.502 ,0 ,-5825.601 | 0

R5 --> R5 + 0.005*R6

-1 ,0 ,0 ,0 ,0 ,0 ,0 ,43.854 | 0
0 ,-8 ,0 ,0 ,0 ,0 ,0 ,-40.293 | 0
0 ,0 ,-7.5 ,0 ,0 ,0 ,-7.5 ,302.562 | 0
0 ,0 ,0 ,-3.8 ,0 ,0 ,0 ,1.39 | 0
0 ,0 ,0 ,0 ,0.009 ,0 ,0 ,0.617 | 0
0 ,0 ,0 ,0 ,0 ,41.001 ,0 ,-1576.028 | 0
0 ,0 ,0 ,0 ,0 ,-135.002 ,0 ,5401.094 | 0
0 ,0 ,0 ,0 ,0 ,139.502 ,0 ,-5825.601 | 0

R7 --> R7 + 3.293*R6

-1 ,0 ,0 ,0 ,0 ,0 ,0 ,43.854 | 0
0 ,-8 ,0 ,0 ,0 ,0 ,0 ,-40.293 | 0
0 ,0 ,-7.5 ,0 ,0 ,0 ,-7.5 ,302.562 | 0
0 ,0 ,0 ,-3.8 ,0 ,0 ,0 ,1.39 | 0
0 ,0 ,0 ,0 ,0.009 ,0 ,0 ,0.617 | 0
0 ,0 ,0 ,0 ,0 ,41.001 ,0 ,-1576.028 | 0
0 ,0 ,0 ,0 ,0 ,0 ,0 ,211.733 | 0
0 ,0 ,0 ,0 ,0 ,139.502 ,0 ,-5825.601 | 0

R7 --> 0.005*R7

-1 ,0 ,0 ,0 ,0 ,0 ,0 ,43.854 | 0
0 ,-8 ,0 ,0 ,0 ,0 ,0 ,-40.293 | 0
0 ,0 ,-7.5 ,0 ,0 ,0 ,-7.5 ,302.562 | 0
0 ,0 ,0 ,-3.8 ,0 ,0 ,0 ,1.39 | 0
0 ,0 ,0 ,0 ,0.009 ,0 ,0 ,0.617 | 0
0 ,0 ,0 ,0 ,0 ,41.001 ,0 ,-1576.028 | 0
0 ,0 ,0 ,0 ,0 ,0 ,0 ,1 | 0
0 ,0 ,0 ,0 ,0 ,139.502 ,0 ,-5825.601 | 0

R8 --> R8 - 3.402*R6

-1 ,0 ,0 ,0 ,0 ,0 ,0 ,43.854 | 0
0 ,-8 ,0 ,0 ,0 ,0 ,0 ,-40.293 | 0
0 ,0 ,-7.5 ,0 ,0 ,0 ,-7.5 ,302.562 | 0
0 ,0 ,0 ,-3.8 ,0 ,0 ,0 ,1.39 | 0
0 ,0 ,0 ,0 ,0.009 ,0 ,0 ,0.617 | 0
0 ,0 ,0 ,0 ,0 ,41.001 ,0 ,-1576.028 | 0
0 ,0 ,0 ,0 ,0 ,0 ,0 ,1 | 0
0 ,0 ,0 ,0 ,0 ,0 ,0 ,-463.257 | 0

R8 --> -0.002*R8

-1 ,0 ,0 ,0 ,0 ,0 ,0 ,43.854 | 0
0 ,-8 ,0 ,0 ,0 ,0 ,0 ,-40.293 | 0
0 ,0 ,-7.5 ,0 ,0 ,0 ,-7.5 ,302.562 | 0
0 ,0 ,0 ,-3.8 ,0 ,0 ,0 ,1.39 | 0
0 ,0 ,0 ,0 ,0.009 ,0 ,0 ,0.617 | 0
0 ,0 ,0 ,0 ,0 ,41.001 ,0 ,-1576.028 | 0
0 ,0 ,0 ,0 ,0 ,0 ,0 ,1 | 0
0 ,0 ,0 ,0 ,0 ,0 ,0 ,1 | 0

R3 <--> R7

-1 ,0 ,0 ,0 ,0 ,0 ,0 ,43.854 | 0
0 ,-8 ,0 ,0 ,0 ,0 ,0 ,-40.293 | 0
0 ,0 ,0 ,0 ,0 ,0 ,0 ,1 | 0
0 ,0 ,0 ,-3.8 ,0 ,0 ,0 ,1.39 | 0
0 ,0 ,0 ,0 ,0.009 ,0 ,0 ,0.617 | 0
0 ,0 ,0 ,0 ,0 ,41.001 ,0 ,-1576.028 | 0
0 ,0 ,-7.5 ,0 ,0 ,0 ,-7.5 ,302.562 | 0
0 ,0 ,0 ,0 ,0 ,0 ,0 ,1 | 0

R1 --> R1 - 43.854*R8

-1 ,0 ,0 ,0 ,0 ,0 ,0 ,0 | 0
0 ,-8 ,0 ,0 ,0 ,0 ,0 ,-40.293 | 0
0 ,0 ,0 ,0 ,0 ,0 ,0 ,1 | 0
0 ,0 ,0 ,-3.8 ,0 ,0 ,0 ,1.39 | 0
0 ,0 ,0 ,0 ,0.009 ,0 ,0 ,0.617 | 0
0 ,0 ,0 ,0 ,0 ,41.001 ,0 ,-1576.028 | 0
0 ,0 ,-7.5 ,0 ,0 ,0 ,-7.5 ,302.562 | 0
0 ,0 ,0 ,0 ,0 ,0 ,0 ,1 | 0

R1 --> - R1

1 ,0 ,0 ,0 ,0 ,0 ,0 ,0 | 0
0 ,-8 ,0 ,0 ,0 ,0 ,0 ,-40.293 | 0
0 ,0 ,0 ,0 ,0 ,0 ,0 ,1 | 0
0 ,0 ,0 ,-3.8 ,0 ,0 ,0 ,1.39 | 0
0 ,0 ,0 ,0 ,0.009 ,0 ,0 ,0.617 | 0
0 ,0 ,0 ,0 ,0 ,41.001 ,0 ,-1576.028 | 0
0 ,0 ,-7.5 ,0 ,0 ,0 ,-7.5 ,302.562 | 0
0 ,0 ,0 ,0 ,0 ,0 ,0 ,1 | 0

R2 --> R2 + 40.293*R8

1 ,0 ,0 ,0 ,0 ,0 ,0 ,0 | 0
0 ,-8 ,0 ,0 ,0 ,0 ,0 ,0 | 0
0 ,0 ,0 ,0 ,0 ,0 ,0 ,1 | 0
0 ,0 ,0 ,-3.8 ,0 ,0 ,0 ,1.39 | 0
0 ,0 ,0 ,0 ,0.009 ,0 ,0 ,0.617 | 0
0 ,0 ,0 ,0 ,0 ,41.001 ,0 ,-1576.028 | 0
0 ,0 ,-7.5 ,0 ,0 ,0 ,-7.5 ,302.562 | 0
0 ,0 ,0 ,0 ,0 ,0 ,0 ,1 | 0

R2 --> -0.125*R2

1 ,0 ,0 ,0 ,0 ,0 ,0 ,0 | 0
0 ,1 ,0 ,0 ,0 ,0 ,0 ,0 | 0
0 ,0 ,0 ,0 ,0 ,0 ,0 ,1 | 0
0 ,0 ,0 ,-3.8 ,0 ,0 ,0 ,1.39 | 0
0 ,0 ,0 ,0 ,0.009 ,0 ,0 ,0.617 | 0
0 ,0 ,0 ,0 ,0 ,41.001 ,0 ,-1576.028 | 0
0 ,0 ,-7.5 ,0 ,0 ,0 ,-7.5 ,302.562 | 0
0 ,0 ,0 ,0 ,0 ,0 ,0 ,1 | 0

R3 --> R3 - R8

1 ,0 ,0 ,0 ,0 ,0 ,0 ,0 | 0
0 ,1 ,0 ,0 ,0 ,0 ,0 ,0 | 0
0 ,0 ,0 ,0 ,0 ,0 ,0 ,0 | 0
0 ,0 ,0 ,-3.8 ,0 ,0 ,0 ,1.39 | 0
0 ,0 ,0 ,0 ,0.009 ,0 ,0 ,0.617 | 0
0 ,0 ,0 ,0 ,0 ,41.001 ,0 ,-1576.028 | 0
0 ,0 ,-7.5 ,0 ,0 ,0 ,-7.5 ,302.562 | 0
0 ,0 ,0 ,0 ,0 ,0 ,0 ,1 | 0

R4 --> R4 - 1.39*R8

1 ,0 ,0 ,0 ,0 ,0 ,0 ,0 | 0
0 ,1 ,0 ,0 ,0 ,0 ,0 ,0 | 0
0 ,0 ,0 ,0 ,0 ,0 ,0 ,0 | 0
0 ,0 ,0 ,-3.8 ,0 ,0 ,0 ,0 | 0
0 ,0 ,0 ,0 ,0.009 ,0 ,0 ,0.617 | 0
0 ,0 ,0 ,0 ,0 ,41.001 ,0 ,-1576.028 | 0
0 ,0 ,-7.5 ,0 ,0 ,0 ,-7.5 ,302.562 | 0
0 ,0 ,0 ,0 ,0 ,0 ,0 ,1 | 0

R4 --> -0.263*R4

1 ,0 ,0 ,0 ,0 ,0 ,0 ,0 | 0
0 ,1 ,0 ,0 ,0 ,0 ,0 ,0 | 0
0 ,0 ,0 ,0 ,0 ,0 ,0 ,0 | 0
0 ,0 ,0 ,1 ,0 ,0 ,0 ,0 | 0
0 ,0 ,0 ,0 ,0.009 ,0 ,0 ,0.617 | 0
0 ,0 ,0 ,0 ,0 ,41.001 ,0 ,-1576.028 | 0
0 ,0 ,-7.5 ,0 ,0 ,0 ,-7.5 ,302.562 | 0
0 ,0 ,0 ,0 ,0 ,0 ,0 ,1 | 0

R5 --> R5 - 0.617*R8

1 ,0 ,0 ,0 ,0 ,0 ,0 ,0 | 0
0 ,1 ,0 ,0 ,0 ,0 ,0 ,0 | 0
0 ,0 ,0 ,0 ,0 ,0 ,0 ,0 | 0
0 ,0 ,0 ,1 ,0 ,0 ,0 ,0 | 0
0 ,0 ,0 ,0 ,0.009 ,0 ,0 ,0 | 0
0 ,0 ,0 ,0 ,0 ,41.001 ,0 ,-1576.028 | 0
0 ,0 ,-7.5 ,0 ,0 ,0 ,-7.5 ,302.562 | 0
0 ,0 ,0 ,0 ,0 ,0 ,0 ,1 | 0

R5 --> 114.002*R5

1 ,0 ,0 ,0 ,0 ,0 ,0 ,0 | 0
0 ,1 ,0 ,0 ,0 ,0 ,0 ,0 | 0
0 ,0 ,0 ,0 ,0 ,0 ,0 ,0 | 0
0 ,0 ,0 ,1 ,0 ,0 ,0 ,0 | 0
0 ,0 ,0 ,0 ,1 ,0 ,0 ,0 | 0
0 ,0 ,0 ,0 ,0 ,41.001 ,0 ,-1576.028 | 0
0 ,0 ,-7.5 ,0 ,0 ,0 ,-7.5 ,302.562 | 0
0 ,0 ,0 ,0 ,0 ,0 ,0 ,1 | 0

R6 --> R6 + 1576.028*R8

1 ,0 ,0 ,0 ,0 ,0 ,0 ,0 | 0
0 ,1 ,0 ,0 ,0 ,0 ,0 ,0 | 0
0 ,0 ,0 ,0 ,0 ,0 ,0 ,0 | 0
0 ,0 ,0 ,1 ,0 ,0 ,0 ,0 | 0
0 ,0 ,0 ,0 ,1 ,0 ,0 ,0 | 0
0 ,0 ,0 ,0 ,0 ,41.001 ,0 ,0 | 0
0 ,0 ,-7.5 ,0 ,0 ,0 ,-7.5 ,302.562 | 0
0 ,0 ,0 ,0 ,0 ,0 ,0 ,1 | 0

R6 --> 0.024*R6

1 ,0 ,0 ,0 ,0 ,0 ,0 ,0 | 0
0 ,1 ,0 ,0 ,0 ,0 ,0 ,0 | 0
0 ,0 ,0 ,0 ,0 ,0 ,0 ,0 | 0
0 ,0 ,0 ,1 ,0 ,0 ,0 ,0 | 0
0 ,0 ,0 ,0 ,1 ,0 ,0 ,0 | 0
0 ,0 ,0 ,0 ,0 ,1 ,0 ,0 | 0
0 ,0 ,-7.5 ,0 ,0 ,0 ,-7.5 ,302.562 | 0
0 ,0 ,0 ,0 ,0 ,0 ,0 ,1 | 0

R7 --> R7 - 302.562*R8

1 ,0 ,0 ,0 ,0 ,0 ,0 ,0 | 0
0 ,1 ,0 ,0 ,0 ,0 ,0 ,0 | 0
0 ,0 ,0 ,0 ,0 ,0 ,0 ,0 | 0
0 ,0 ,0 ,1 ,0 ,0 ,0 ,0 | 0
0 ,0 ,0 ,0 ,1 ,0 ,0 ,0 | 0
0 ,0 ,0 ,0 ,0 ,1 ,0 ,0 | 0
0 ,0 ,-7.5 ,0 ,0 ,0 ,-7.5 ,0 | 0
0 ,0 ,0 ,0 ,0 ,0 ,0 ,1 | 0

define a new column in the vector b when x3 is a free variable in R8 space:
1 ,0 ,0 ,0 ,0 ,0 ,0 ,0 | 0 ,0
0 ,1 ,0 ,0 ,0 ,0 ,0 ,0 | 0 ,0
0 ,0 ,1 ,0 ,0 ,0 ,0 ,0 | 0 ,1
0 ,0 ,0 ,1 ,0 ,0 ,0 ,0 | 0 ,0
0 ,0 ,0 ,0 ,1 ,0 ,0 ,0 | 0 ,0
0 ,0 ,0 ,0 ,0 ,1 ,0 ,0 | 0 ,0
0 ,0 ,-7.5 ,0 ,0 ,0 ,-7.5 ,0 | 0 ,0
0 ,0 ,0 ,0 ,0 ,0 ,0 ,1 | 0 ,0

R7 --> R7 + 7.5*R3

1 ,0 ,0 ,0 ,0 ,0 ,0 ,0 | 0 ,0
0 ,1 ,0 ,0 ,0 ,0 ,0 ,0 | 0 ,0
0 ,0 ,1 ,0 ,0 ,0 ,0 ,0 | 0 ,1
0 ,0 ,0 ,1 ,0 ,0 ,0 ,0 | 0 ,0
0 ,0 ,0 ,0 ,1 ,0 ,0 ,0 | 0 ,0
0 ,0 ,0 ,0 ,0 ,1 ,0 ,0 | 0 ,0
0 ,0 ,0 ,0 ,0 ,0 ,-7.5 ,0 | 0 ,7.5
0 ,0 ,0 ,0 ,0 ,0 ,0 ,1 | 0 ,0

R7 --> -0.133*R7

1 ,0 ,0 ,0 ,0 ,0 ,0 ,0 | 0 ,0
0 ,1 ,0 ,0 ,0 ,0 ,0 ,0 | 0 ,0
0 ,0 ,1 ,0 ,0 ,0 ,0 ,0 | 0 ,1
0 ,0 ,0 ,1 ,0 ,0 ,0 ,0 | 0 ,0
0 ,0 ,0 ,0 ,1 ,0 ,0 ,0 | 0 ,0
0 ,0 ,0 ,0 ,0 ,1 ,0 ,0 | 0 ,0
0 ,0 ,0 ,0 ,0 ,0 ,1 ,0 | 0 ,-1
0 ,0 ,0 ,0 ,0 ,0 ,0 ,1 | 0 ,0

the solution is an infinite set of vectors in R8 space which are linearly dependents in the vector space:
x = λ*(0 ,0 ,1 ,0 ,0 ,0 ,-1 ,0) when λ it's a free scalar that belongs to the R set
