solve the next system in R8 space (8 equations)(8 unknowns):
eq1: - 3*x1 - 3*x2 - 2*x3 + 2*x4 -   x5               + 3*x8  = 0
eq2: - 3*x1        - 3*x3        +   x5               + 2*x8  = 0
eq3: +   x1 + 2*x2 +   x3 -   x4 + 3*x5 + 2*x6 +   x7         = 0
eq4: - 2*x1                      - 2*x5 -   x6 + 2*x7 - 2*x8  = 0
eq5: +   x1 + 2*x2                             + 3*x7 - 3*x8  = 0
eq6: + 3*x1 + 2*x2                      - 3*x6 + 3*x7 - 2*x8  = 0
eq7:               - 2*x3 + 2*x4        - 2*x6        + 3*x8  = 0
eq8: + 2*x1        +   x3 + 3*x4 - 3*x5 - 3*x6 + 3*x7 -   x8  = 0

-3 ,-3 ,-2 ,2 ,-1 ,0 ,0 ,3 | 0
-3 ,0 ,-3 ,0 ,1 ,0 ,0 ,2 | 0
1 ,2 ,1 ,-1 ,3 ,2 ,1 ,0 | 0
-2 ,0 ,0 ,0 ,-2 ,-1 ,2 ,-2 | 0
1 ,2 ,0 ,0 ,0 ,0 ,3 ,-3 | 0
3 ,2 ,0 ,0 ,0 ,-3 ,3 ,-2 | 0
0 ,0 ,-2 ,2 ,0 ,-2 ,0 ,3 | 0
2 ,0 ,1 ,3 ,-3 ,-3 ,3 ,-1 | 0

implement the solution by elementary matrices method:
transform A matrix to I by elementary matrices:
R2 --> R2 - R1

-3 ,-3 ,-2 ,2 ,-1 ,0 ,0 ,3 | 0
0 ,3 ,-1 ,-2 ,2 ,0 ,0 ,-1 | 0
1 ,2 ,1 ,-1 ,3 ,2 ,1 ,0 | 0
-2 ,0 ,0 ,0 ,-2 ,-1 ,2 ,-2 | 0
1 ,2 ,0 ,0 ,0 ,0 ,3 ,-3 | 0
3 ,2 ,0 ,0 ,0 ,-3 ,3 ,-2 | 0
0 ,0 ,-2 ,2 ,0 ,-2 ,0 ,3 | 0
2 ,0 ,1 ,3 ,-3 ,-3 ,3 ,-1 | 0

R3 --> R3 + 0.333*R1

-3 ,-3 ,-2 ,2 ,-1 ,0 ,0 ,3 | 0
0 ,3 ,-1 ,-2 ,2 ,0 ,0 ,-1 | 0
0 ,1 ,0.333 ,-0.333 ,2.667 ,2 ,1 ,1 | 0
-2 ,0 ,0 ,0 ,-2 ,-1 ,2 ,-2 | 0
1 ,2 ,0 ,0 ,0 ,0 ,3 ,-3 | 0
3 ,2 ,0 ,0 ,0 ,-3 ,3 ,-2 | 0
0 ,0 ,-2 ,2 ,0 ,-2 ,0 ,3 | 0
2 ,0 ,1 ,3 ,-3 ,-3 ,3 ,-1 | 0

R4 --> R4 - 0.667*R1

-3 ,-3 ,-2 ,2 ,-1 ,0 ,0 ,3 | 0
0 ,3 ,-1 ,-2 ,2 ,0 ,0 ,-1 | 0
0 ,1 ,0.333 ,-0.333 ,2.667 ,2 ,1 ,1 | 0
0 ,2 ,1.333 ,-1.333 ,-1.333 ,-1 ,2 ,-4 | 0
1 ,2 ,0 ,0 ,0 ,0 ,3 ,-3 | 0
3 ,2 ,0 ,0 ,0 ,-3 ,3 ,-2 | 0
0 ,0 ,-2 ,2 ,0 ,-2 ,0 ,3 | 0
2 ,0 ,1 ,3 ,-3 ,-3 ,3 ,-1 | 0

R5 --> R5 + 0.333*R1

-3 ,-3 ,-2 ,2 ,-1 ,0 ,0 ,3 | 0
0 ,3 ,-1 ,-2 ,2 ,0 ,0 ,-1 | 0
0 ,1 ,0.333 ,-0.333 ,2.667 ,2 ,1 ,1 | 0
0 ,2 ,1.333 ,-1.333 ,-1.333 ,-1 ,2 ,-4 | 0
0 ,1 ,-0.667 ,0.667 ,-0.333 ,0 ,3 ,-2 | 0
3 ,2 ,0 ,0 ,0 ,-3 ,3 ,-2 | 0
0 ,0 ,-2 ,2 ,0 ,-2 ,0 ,3 | 0
2 ,0 ,1 ,3 ,-3 ,-3 ,3 ,-1 | 0

R6 --> R6 + R1

-3 ,-3 ,-2 ,2 ,-1 ,0 ,0 ,3 | 0
0 ,3 ,-1 ,-2 ,2 ,0 ,0 ,-1 | 0
0 ,1 ,0.333 ,-0.333 ,2.667 ,2 ,1 ,1 | 0
0 ,2 ,1.333 ,-1.333 ,-1.333 ,-1 ,2 ,-4 | 0
0 ,1 ,-0.667 ,0.667 ,-0.333 ,0 ,3 ,-2 | 0
0 ,-1 ,-2 ,2 ,-1 ,-3 ,3 ,1 | 0
0 ,0 ,-2 ,2 ,0 ,-2 ,0 ,3 | 0
2 ,0 ,1 ,3 ,-3 ,-3 ,3 ,-1 | 0

R8 --> R8 + 0.667*R1

-3 ,-3 ,-2 ,2 ,-1 ,0 ,0 ,3 | 0
0 ,3 ,-1 ,-2 ,2 ,0 ,0 ,-1 | 0
0 ,1 ,0.333 ,-0.333 ,2.667 ,2 ,1 ,1 | 0
0 ,2 ,1.333 ,-1.333 ,-1.333 ,-1 ,2 ,-4 | 0
0 ,1 ,-0.667 ,0.667 ,-0.333 ,0 ,3 ,-2 | 0
0 ,-1 ,-2 ,2 ,-1 ,-3 ,3 ,1 | 0
0 ,0 ,-2 ,2 ,0 ,-2 ,0 ,3 | 0
0 ,-2 ,-0.333 ,4.333 ,-3.667 ,-3 ,3 ,1 | 0

R1 --> R1 + R2

-3 ,0 ,-3 ,0 ,1 ,0 ,0 ,2 | 0
0 ,3 ,-1 ,-2 ,2 ,0 ,0 ,-1 | 0
0 ,1 ,0.333 ,-0.333 ,2.667 ,2 ,1 ,1 | 0
0 ,2 ,1.333 ,-1.333 ,-1.333 ,-1 ,2 ,-4 | 0
0 ,1 ,-0.667 ,0.667 ,-0.333 ,0 ,3 ,-2 | 0
0 ,-1 ,-2 ,2 ,-1 ,-3 ,3 ,1 | 0
0 ,0 ,-2 ,2 ,0 ,-2 ,0 ,3 | 0
0 ,-2 ,-0.333 ,4.333 ,-3.667 ,-3 ,3 ,1 | 0

R3 --> R3 - 0.333*R2

-3 ,0 ,-3 ,0 ,1 ,0 ,0 ,2 | 0
0 ,3 ,-1 ,-2 ,2 ,0 ,0 ,-1 | 0
0 ,0 ,0.667 ,0.333 ,2 ,2 ,1 ,1.333 | 0
0 ,2 ,1.333 ,-1.333 ,-1.333 ,-1 ,2 ,-4 | 0
0 ,1 ,-0.667 ,0.667 ,-0.333 ,0 ,3 ,-2 | 0
0 ,-1 ,-2 ,2 ,-1 ,-3 ,3 ,1 | 0
0 ,0 ,-2 ,2 ,0 ,-2 ,0 ,3 | 0
0 ,-2 ,-0.333 ,4.333 ,-3.667 ,-3 ,3 ,1 | 0

R4 --> R4 - 0.667*R2

-3 ,0 ,-3 ,0 ,1 ,0 ,0 ,2 | 0
0 ,3 ,-1 ,-2 ,2 ,0 ,0 ,-1 | 0
0 ,0 ,0.667 ,0.333 ,2 ,2 ,1 ,1.333 | 0
0 ,0 ,2 ,0 ,-2.667 ,-1 ,2 ,-3.333 | 0
0 ,1 ,-0.667 ,0.667 ,-0.333 ,0 ,3 ,-2 | 0
0 ,-1 ,-2 ,2 ,-1 ,-3 ,3 ,1 | 0
0 ,0 ,-2 ,2 ,0 ,-2 ,0 ,3 | 0
0 ,-2 ,-0.333 ,4.333 ,-3.667 ,-3 ,3 ,1 | 0

R5 --> R5 - 0.333*R2

-3 ,0 ,-3 ,0 ,1 ,0 ,0 ,2 | 0
0 ,3 ,-1 ,-2 ,2 ,0 ,0 ,-1 | 0
0 ,0 ,0.667 ,0.333 ,2 ,2 ,1 ,1.333 | 0
0 ,0 ,2 ,0 ,-2.667 ,-1 ,2 ,-3.333 | 0
0 ,0 ,-0.333 ,1.333 ,-1 ,0 ,3 ,-1.667 | 0
0 ,-1 ,-2 ,2 ,-1 ,-3 ,3 ,1 | 0
0 ,0 ,-2 ,2 ,0 ,-2 ,0 ,3 | 0
0 ,-2 ,-0.333 ,4.333 ,-3.667 ,-3 ,3 ,1 | 0

R6 --> R6 + 0.333*R2

-3 ,0 ,-3 ,0 ,1 ,0 ,0 ,2 | 0
0 ,3 ,-1 ,-2 ,2 ,0 ,0 ,-1 | 0
0 ,0 ,0.667 ,0.333 ,2 ,2 ,1 ,1.333 | 0
0 ,0 ,2 ,0 ,-2.667 ,-1 ,2 ,-3.333 | 0
0 ,0 ,-0.333 ,1.333 ,-1 ,0 ,3 ,-1.667 | 0
0 ,0 ,-2.333 ,1.333 ,-0.333 ,-3 ,3 ,0.667 | 0
0 ,0 ,-2 ,2 ,0 ,-2 ,0 ,3 | 0
0 ,-2 ,-0.333 ,4.333 ,-3.667 ,-3 ,3 ,1 | 0

R8 --> R8 + 0.667*R2

-3 ,0 ,-3 ,0 ,1 ,0 ,0 ,2 | 0
0 ,3 ,-1 ,-2 ,2 ,0 ,0 ,-1 | 0
0 ,0 ,0.667 ,0.333 ,2 ,2 ,1 ,1.333 | 0
0 ,0 ,2 ,0 ,-2.667 ,-1 ,2 ,-3.333 | 0
0 ,0 ,-0.333 ,1.333 ,-1 ,0 ,3 ,-1.667 | 0
0 ,0 ,-2.333 ,1.333 ,-0.333 ,-3 ,3 ,0.667 | 0
0 ,0 ,-2 ,2 ,0 ,-2 ,0 ,3 | 0
0 ,0 ,-1 ,3 ,-2.333 ,-3 ,3 ,0.333 | 0

R1 --> R1 + 4.5*R3

-3 ,0 ,0 ,1.5 ,10 ,9 ,4.5 ,8 | 0
0 ,3 ,-1 ,-2 ,2 ,0 ,0 ,-1 | 0
0 ,0 ,0.667 ,0.333 ,2 ,2 ,1 ,1.333 | 0
0 ,0 ,2 ,0 ,-2.667 ,-1 ,2 ,-3.333 | 0
0 ,0 ,-0.333 ,1.333 ,-1 ,0 ,3 ,-1.667 | 0
0 ,0 ,-2.333 ,1.333 ,-0.333 ,-3 ,3 ,0.667 | 0
0 ,0 ,-2 ,2 ,0 ,-2 ,0 ,3 | 0
0 ,0 ,-1 ,3 ,-2.333 ,-3 ,3 ,0.333 | 0

R2 --> R2 + 1.5*R3

-3 ,0 ,0 ,1.5 ,10 ,9 ,4.5 ,8 | 0
0 ,3 ,0 ,-1.5 ,5 ,3 ,1.5 ,1 | 0
0 ,0 ,0.667 ,0.333 ,2 ,2 ,1 ,1.333 | 0
0 ,0 ,2 ,0 ,-2.667 ,-1 ,2 ,-3.333 | 0
0 ,0 ,-0.333 ,1.333 ,-1 ,0 ,3 ,-1.667 | 0
0 ,0 ,-2.333 ,1.333 ,-0.333 ,-3 ,3 ,0.667 | 0
0 ,0 ,-2 ,2 ,0 ,-2 ,0 ,3 | 0
0 ,0 ,-1 ,3 ,-2.333 ,-3 ,3 ,0.333 | 0

R4 --> R4 - 3*R3

-3 ,0 ,0 ,1.5 ,10 ,9 ,4.5 ,8 | 0
0 ,3 ,0 ,-1.5 ,5 ,3 ,1.5 ,1 | 0
0 ,0 ,0.667 ,0.333 ,2 ,2 ,1 ,1.333 | 0
0 ,0 ,0 ,-1 ,-8.667 ,-7 ,-1 ,-7.333 | 0
0 ,0 ,-0.333 ,1.333 ,-1 ,0 ,3 ,-1.667 | 0
0 ,0 ,-2.333 ,1.333 ,-0.333 ,-3 ,3 ,0.667 | 0
0 ,0 ,-2 ,2 ,0 ,-2 ,0 ,3 | 0
0 ,0 ,-1 ,3 ,-2.333 ,-3 ,3 ,0.333 | 0

R5 --> R5 + 0.5*R3

-3 ,0 ,0 ,1.5 ,10 ,9 ,4.5 ,8 | 0
0 ,3 ,0 ,-1.5 ,5 ,3 ,1.5 ,1 | 0
0 ,0 ,0.667 ,0.333 ,2 ,2 ,1 ,1.333 | 0
0 ,0 ,0 ,-1 ,-8.667 ,-7 ,-1 ,-7.333 | 0
0 ,0 ,0 ,1.5 ,0 ,1 ,3.5 ,-1 | 0
0 ,0 ,-2.333 ,1.333 ,-0.333 ,-3 ,3 ,0.667 | 0
0 ,0 ,-2 ,2 ,0 ,-2 ,0 ,3 | 0
0 ,0 ,-1 ,3 ,-2.333 ,-3 ,3 ,0.333 | 0

R6 --> R6 + 3.5*R3

-3 ,0 ,0 ,1.5 ,10 ,9 ,4.5 ,8 | 0
0 ,3 ,0 ,-1.5 ,5 ,3 ,1.5 ,1 | 0
0 ,0 ,0.667 ,0.333 ,2 ,2 ,1 ,1.333 | 0
0 ,0 ,0 ,-1 ,-8.667 ,-7 ,-1 ,-7.333 | 0
0 ,0 ,0 ,1.5 ,0 ,1 ,3.5 ,-1 | 0
0 ,0 ,0 ,2.5 ,6.667 ,4 ,6.5 ,5.333 | 0
0 ,0 ,-2 ,2 ,0 ,-2 ,0 ,3 | 0
0 ,0 ,-1 ,3 ,-2.333 ,-3 ,3 ,0.333 | 0

R7 --> R7 + 3*R3

-3 ,0 ,0 ,1.5 ,10 ,9 ,4.5 ,8 | 0
0 ,3 ,0 ,-1.5 ,5 ,3 ,1.5 ,1 | 0
0 ,0 ,0.667 ,0.333 ,2 ,2 ,1 ,1.333 | 0
0 ,0 ,0 ,-1 ,-8.667 ,-7 ,-1 ,-7.333 | 0
0 ,0 ,0 ,1.5 ,0 ,1 ,3.5 ,-1 | 0
0 ,0 ,0 ,2.5 ,6.667 ,4 ,6.5 ,5.333 | 0
0 ,0 ,0 ,3 ,6 ,4 ,3 ,7 | 0
0 ,0 ,-1 ,3 ,-2.333 ,-3 ,3 ,0.333 | 0

R8 --> R8 + 1.5*R3

-3 ,0 ,0 ,1.5 ,10 ,9 ,4.5 ,8 | 0
0 ,3 ,0 ,-1.5 ,5 ,3 ,1.5 ,1 | 0
0 ,0 ,0.667 ,0.333 ,2 ,2 ,1 ,1.333 | 0
0 ,0 ,0 ,-1 ,-8.667 ,-7 ,-1 ,-7.333 | 0
0 ,0 ,0 ,1.5 ,0 ,1 ,3.5 ,-1 | 0
0 ,0 ,0 ,2.5 ,6.667 ,4 ,6.5 ,5.333 | 0
0 ,0 ,0 ,3 ,6 ,4 ,3 ,7 | 0
0 ,0 ,0 ,3.5 ,0.667 ,0 ,4.5 ,2.333 | 0

R1 --> R1 + 1.5*R4

-3 ,0 ,0 ,0 ,-3 ,-1.5 ,3 ,-3 | 0
0 ,3 ,0 ,-1.5 ,5 ,3 ,1.5 ,1 | 0
0 ,0 ,0.667 ,0.333 ,2 ,2 ,1 ,1.333 | 0
0 ,0 ,0 ,-1 ,-8.667 ,-7 ,-1 ,-7.333 | 0
0 ,0 ,0 ,1.5 ,0 ,1 ,3.5 ,-1 | 0
0 ,0 ,0 ,2.5 ,6.667 ,4 ,6.5 ,5.333 | 0
0 ,0 ,0 ,3 ,6 ,4 ,3 ,7 | 0
0 ,0 ,0 ,3.5 ,0.667 ,0 ,4.5 ,2.333 | 0

R2 --> R2 - 1.5*R4

-3 ,0 ,0 ,0 ,-3 ,-1.5 ,3 ,-3 | 0
0 ,3 ,0 ,0 ,18 ,13.5 ,3 ,12 | 0
0 ,0 ,0.667 ,0.333 ,2 ,2 ,1 ,1.333 | 0
0 ,0 ,0 ,-1 ,-8.667 ,-7 ,-1 ,-7.333 | 0
0 ,0 ,0 ,1.5 ,0 ,1 ,3.5 ,-1 | 0
0 ,0 ,0 ,2.5 ,6.667 ,4 ,6.5 ,5.333 | 0
0 ,0 ,0 ,3 ,6 ,4 ,3 ,7 | 0
0 ,0 ,0 ,3.5 ,0.667 ,0 ,4.5 ,2.333 | 0

R3 --> R3 + 0.333*R4

-3 ,0 ,0 ,0 ,-3 ,-1.5 ,3 ,-3 | 0
0 ,3 ,0 ,0 ,18 ,13.5 ,3 ,12 | 0
0 ,0 ,0.667 ,0 ,-0.889 ,-0.333 ,0.667 ,-1.111 | 0
0 ,0 ,0 ,-1 ,-8.667 ,-7 ,-1 ,-7.333 | 0
0 ,0 ,0 ,1.5 ,0 ,1 ,3.5 ,-1 | 0
0 ,0 ,0 ,2.5 ,6.667 ,4 ,6.5 ,5.333 | 0
0 ,0 ,0 ,3 ,6 ,4 ,3 ,7 | 0
0 ,0 ,0 ,3.5 ,0.667 ,0 ,4.5 ,2.333 | 0

R5 --> R5 + 1.5*R4

-3 ,0 ,0 ,0 ,-3 ,-1.5 ,3 ,-3 | 0
0 ,3 ,0 ,0 ,18 ,13.5 ,3 ,12 | 0
0 ,0 ,0.667 ,0 ,-0.889 ,-0.333 ,0.667 ,-1.111 | 0
0 ,0 ,0 ,-1 ,-8.667 ,-7 ,-1 ,-7.333 | 0
0 ,0 ,0 ,0 ,-13 ,-9.5 ,2 ,-12 | 0
0 ,0 ,0 ,2.5 ,6.667 ,4 ,6.5 ,5.333 | 0
0 ,0 ,0 ,3 ,6 ,4 ,3 ,7 | 0
0 ,0 ,0 ,3.5 ,0.667 ,0 ,4.5 ,2.333 | 0

R6 --> R6 + 2.5*R4

-3 ,0 ,0 ,0 ,-3 ,-1.5 ,3 ,-3 | 0
0 ,3 ,0 ,0 ,18 ,13.5 ,3 ,12 | 0
0 ,0 ,0.667 ,0 ,-0.889 ,-0.333 ,0.667 ,-1.111 | 0
0 ,0 ,0 ,-1 ,-8.667 ,-7 ,-1 ,-7.333 | 0
0 ,0 ,0 ,0 ,-13 ,-9.5 ,2 ,-12 | 0
0 ,0 ,0 ,0 ,-15 ,-13.5 ,4 ,-13 | 0
0 ,0 ,0 ,3 ,6 ,4 ,3 ,7 | 0
0 ,0 ,0 ,3.5 ,0.667 ,0 ,4.5 ,2.333 | 0

R7 --> R7 + 3*R4

-3 ,0 ,0 ,0 ,-3 ,-1.5 ,3 ,-3 | 0
0 ,3 ,0 ,0 ,18 ,13.5 ,3 ,12 | 0
0 ,0 ,0.667 ,0 ,-0.889 ,-0.333 ,0.667 ,-1.111 | 0
0 ,0 ,0 ,-1 ,-8.667 ,-7 ,-1 ,-7.333 | 0
0 ,0 ,0 ,0 ,-13 ,-9.5 ,2 ,-12 | 0
0 ,0 ,0 ,0 ,-15 ,-13.5 ,4 ,-13 | 0
0 ,0 ,0 ,0 ,-20 ,-17 ,0 ,-15 | 0
0 ,0 ,0 ,3.5 ,0.667 ,0 ,4.5 ,2.333 | 0

R8 --> R8 + 3.5*R4

-3 ,0 ,0 ,0 ,-3 ,-1.5 ,3 ,-3 | 0
0 ,3 ,0 ,0 ,18 ,13.5 ,3 ,12 | 0
0 ,0 ,0.667 ,0 ,-0.889 ,-0.333 ,0.667 ,-1.111 | 0
0 ,0 ,0 ,-1 ,-8.667 ,-7 ,-1 ,-7.333 | 0
0 ,0 ,0 ,0 ,-13 ,-9.5 ,2 ,-12 | 0
0 ,0 ,0 ,0 ,-15 ,-13.5 ,4 ,-13 | 0
0 ,0 ,0 ,0 ,-20 ,-17 ,0 ,-15 | 0
0 ,0 ,0 ,0 ,-29.667 ,-24.5 ,1 ,-23.333 | 0

R1 --> R1 - 0.231*R5

-3 ,0 ,0 ,0 ,0 ,0.692 ,2.538 ,-0.231 | 0
0 ,3 ,0 ,0 ,18 ,13.5 ,3 ,12 | 0
0 ,0 ,0.667 ,0 ,-0.889 ,-0.333 ,0.667 ,-1.111 | 0
0 ,0 ,0 ,-1 ,-8.667 ,-7 ,-1 ,-7.333 | 0
0 ,0 ,0 ,0 ,-13 ,-9.5 ,2 ,-12 | 0
0 ,0 ,0 ,0 ,-15 ,-13.5 ,4 ,-13 | 0
0 ,0 ,0 ,0 ,-20 ,-17 ,0 ,-15 | 0
0 ,0 ,0 ,0 ,-29.667 ,-24.5 ,1 ,-23.333 | 0

R2 --> R2 + 1.385*R5

-3 ,0 ,0 ,0 ,0 ,0.692 ,2.538 ,-0.231 | 0
0 ,3 ,0 ,0 ,0 ,0.346 ,5.769 ,-4.615 | 0
0 ,0 ,0.667 ,0 ,-0.889 ,-0.333 ,0.667 ,-1.111 | 0
0 ,0 ,0 ,-1 ,-8.667 ,-7 ,-1 ,-7.333 | 0
0 ,0 ,0 ,0 ,-13 ,-9.5 ,2 ,-12 | 0
0 ,0 ,0 ,0 ,-15 ,-13.5 ,4 ,-13 | 0
0 ,0 ,0 ,0 ,-20 ,-17 ,0 ,-15 | 0
0 ,0 ,0 ,0 ,-29.667 ,-24.5 ,1 ,-23.333 | 0

R3 --> R3 - 0.068*R5

-3 ,0 ,0 ,0 ,0 ,0.692 ,2.538 ,-0.231 | 0
0 ,3 ,0 ,0 ,0 ,0.346 ,5.769 ,-4.615 | 0
0 ,0 ,0.667 ,0 ,0 ,0.316 ,0.53 ,-0.291 | 0
0 ,0 ,0 ,-1 ,-8.667 ,-7 ,-1 ,-7.333 | 0
0 ,0 ,0 ,0 ,-13 ,-9.5 ,2 ,-12 | 0
0 ,0 ,0 ,0 ,-15 ,-13.5 ,4 ,-13 | 0
0 ,0 ,0 ,0 ,-20 ,-17 ,0 ,-15 | 0
0 ,0 ,0 ,0 ,-29.667 ,-24.5 ,1 ,-23.333 | 0

R4 --> R4 - 0.667*R5

-3 ,0 ,0 ,0 ,0 ,0.692 ,2.538 ,-0.231 | 0
0 ,3 ,0 ,0 ,0 ,0.346 ,5.769 ,-4.615 | 0
0 ,0 ,0.667 ,0 ,0 ,0.316 ,0.53 ,-0.291 | 0
0 ,0 ,0 ,-1 ,0 ,-0.667 ,-2.333 ,0.667 | 0
0 ,0 ,0 ,0 ,-13 ,-9.5 ,2 ,-12 | 0
0 ,0 ,0 ,0 ,-15 ,-13.5 ,4 ,-13 | 0
0 ,0 ,0 ,0 ,-20 ,-17 ,0 ,-15 | 0
0 ,0 ,0 ,0 ,-29.667 ,-24.5 ,1 ,-23.333 | 0

R6 --> R6 - 1.154*R5

-3 ,0 ,0 ,0 ,0 ,0.692 ,2.538 ,-0.231 | 0
0 ,3 ,0 ,0 ,0 ,0.346 ,5.769 ,-4.615 | 0
0 ,0 ,0.667 ,0 ,0 ,0.316 ,0.53 ,-0.291 | 0
0 ,0 ,0 ,-1 ,0 ,-0.667 ,-2.333 ,0.667 | 0
0 ,0 ,0 ,0 ,-13 ,-9.5 ,2 ,-12 | 0
0 ,0 ,0 ,0 ,0 ,-2.538 ,1.692 ,0.846 | 0
0 ,0 ,0 ,0 ,-20 ,-17 ,0 ,-15 | 0
0 ,0 ,0 ,0 ,-29.667 ,-24.5 ,1 ,-23.333 | 0

R7 --> R7 - 1.538*R5

-3 ,0 ,0 ,0 ,0 ,0.692 ,2.538 ,-0.231 | 0
0 ,3 ,0 ,0 ,0 ,0.346 ,5.769 ,-4.615 | 0
0 ,0 ,0.667 ,0 ,0 ,0.316 ,0.53 ,-0.291 | 0
0 ,0 ,0 ,-1 ,0 ,-0.667 ,-2.333 ,0.667 | 0
0 ,0 ,0 ,0 ,-13 ,-9.5 ,2 ,-12 | 0
0 ,0 ,0 ,0 ,0 ,-2.538 ,1.692 ,0.846 | 0
0 ,0 ,0 ,0 ,0 ,-2.385 ,-3.077 ,3.462 | 0
0 ,0 ,0 ,0 ,-29.667 ,-24.5 ,1 ,-23.333 | 0

R8 --> R8 - 2.282*R5

-3 ,0 ,0 ,0 ,0 ,0.692 ,2.538 ,-0.231 | 0
0 ,3 ,0 ,0 ,0 ,0.346 ,5.769 ,-4.615 | 0
0 ,0 ,0.667 ,0 ,0 ,0.316 ,0.53 ,-0.291 | 0
0 ,0 ,0 ,-1 ,0 ,-0.667 ,-2.333 ,0.667 | 0
0 ,0 ,0 ,0 ,-13 ,-9.5 ,2 ,-12 | 0
0 ,0 ,0 ,0 ,0 ,-2.538 ,1.692 ,0.846 | 0
0 ,0 ,0 ,0 ,0 ,-2.385 ,-3.077 ,3.462 | 0
0 ,0 ,0 ,0 ,0 ,-2.821 ,-3.564 ,4.051 | 0

R1 --> R1 + 0.273*R6

-3 ,0 ,0 ,0 ,0 ,0 ,3 ,0 | 0
0 ,3 ,0 ,0 ,0 ,0.346 ,5.769 ,-4.615 | 0
0 ,0 ,0.667 ,0 ,0 ,0.316 ,0.53 ,-0.291 | 0
0 ,0 ,0 ,-1 ,0 ,-0.667 ,-2.333 ,0.667 | 0
0 ,0 ,0 ,0 ,-13 ,-9.5 ,2 ,-12 | 0
0 ,0 ,0 ,0 ,0 ,-2.538 ,1.692 ,0.846 | 0
0 ,0 ,0 ,0 ,0 ,-2.385 ,-3.077 ,3.462 | 0
0 ,0 ,0 ,0 ,0 ,-2.821 ,-3.564 ,4.051 | 0

R2 --> R2 + 0.136*R6

-3 ,0 ,0 ,0 ,0 ,0 ,3 ,0 | 0
0 ,3 ,0 ,0 ,0 ,0 ,6 ,-4.5 | 0
0 ,0 ,0.667 ,0 ,0 ,0.316 ,0.53 ,-0.291 | 0
0 ,0 ,0 ,-1 ,0 ,-0.667 ,-2.333 ,0.667 | 0
0 ,0 ,0 ,0 ,-13 ,-9.5 ,2 ,-12 | 0
0 ,0 ,0 ,0 ,0 ,-2.538 ,1.692 ,0.846 | 0
0 ,0 ,0 ,0 ,0 ,-2.385 ,-3.077 ,3.462 | 0
0 ,0 ,0 ,0 ,0 ,-2.821 ,-3.564 ,4.051 | 0

R3 --> R3 + 0.125*R6

-3 ,0 ,0 ,0 ,0 ,0 ,3 ,0 | 0
0 ,3 ,0 ,0 ,0 ,0 ,6 ,-4.5 | 0
0 ,0 ,0.667 ,0 ,0 ,0 ,0.741 ,-0.185 | 0
0 ,0 ,0 ,-1 ,0 ,-0.667 ,-2.333 ,0.667 | 0
0 ,0 ,0 ,0 ,-13 ,-9.5 ,2 ,-12 | 0
0 ,0 ,0 ,0 ,0 ,-2.538 ,1.692 ,0.846 | 0
0 ,0 ,0 ,0 ,0 ,-2.385 ,-3.077 ,3.462 | 0
0 ,0 ,0 ,0 ,0 ,-2.821 ,-3.564 ,4.051 | 0

R4 --> R4 - 0.263*R6

-3 ,0 ,0 ,0 ,0 ,0 ,3 ,0 | 0
0 ,3 ,0 ,0 ,0 ,0 ,6 ,-4.5 | 0
0 ,0 ,0.667 ,0 ,0 ,0 ,0.741 ,-0.185 | 0
0 ,0 ,0 ,-1 ,0 ,0 ,-2.778 ,0.444 | 0
0 ,0 ,0 ,0 ,-13 ,-9.5 ,2 ,-12 | 0
0 ,0 ,0 ,0 ,0 ,-2.538 ,1.692 ,0.846 | 0
0 ,0 ,0 ,0 ,0 ,-2.385 ,-3.077 ,3.462 | 0
0 ,0 ,0 ,0 ,0 ,-2.821 ,-3.564 ,4.051 | 0

R5 --> R5 - 3.742*R6

-3 ,0 ,0 ,0 ,0 ,0 ,3 ,0 | 0
0 ,3 ,0 ,0 ,0 ,0 ,6 ,-4.5 | 0
0 ,0 ,0.667 ,0 ,0 ,0 ,0.741 ,-0.185 | 0
0 ,0 ,0 ,-1 ,0 ,0 ,-2.778 ,0.444 | 0
0 ,0 ,0 ,0 ,-13 ,0 ,-4.333 ,-15.167 | 0
0 ,0 ,0 ,0 ,0 ,-2.538 ,1.692 ,0.846 | 0
0 ,0 ,0 ,0 ,0 ,-2.385 ,-3.077 ,3.462 | 0
0 ,0 ,0 ,0 ,0 ,-2.821 ,-3.564 ,4.051 | 0

R7 --> R7 - 0.939*R6

-3 ,0 ,0 ,0 ,0 ,0 ,3 ,0 | 0
0 ,3 ,0 ,0 ,0 ,0 ,6 ,-4.5 | 0
0 ,0 ,0.667 ,0 ,0 ,0 ,0.741 ,-0.185 | 0
0 ,0 ,0 ,-1 ,0 ,0 ,-2.778 ,0.444 | 0
0 ,0 ,0 ,0 ,-13 ,0 ,-4.333 ,-15.167 | 0
0 ,0 ,0 ,0 ,0 ,-2.538 ,1.692 ,0.846 | 0
0 ,0 ,0 ,0 ,0 ,0 ,-4.667 ,2.667 | 0
0 ,0 ,0 ,0 ,0 ,-2.821 ,-3.564 ,4.051 | 0

R8 --> R8 - 1.111*R6

-3 ,0 ,0 ,0 ,0 ,0 ,3 ,0 | 0
0 ,3 ,0 ,0 ,0 ,0 ,6 ,-4.5 | 0
0 ,0 ,0.667 ,0 ,0 ,0 ,0.741 ,-0.185 | 0
0 ,0 ,0 ,-1 ,0 ,0 ,-2.778 ,0.444 | 0
0 ,0 ,0 ,0 ,-13 ,0 ,-4.333 ,-15.167 | 0
0 ,0 ,0 ,0 ,0 ,-2.538 ,1.692 ,0.846 | 0
0 ,0 ,0 ,0 ,0 ,0 ,-4.667 ,2.667 | 0
0 ,0 ,0 ,0 ,0 ,0 ,-5.444 ,3.111 | 0

R1 --> R1 + 0.643*R7

-3 ,0 ,0 ,0 ,0 ,0 ,0 ,1.714 | 0
0 ,3 ,0 ,0 ,0 ,0 ,6 ,-4.5 | 0
0 ,0 ,0.667 ,0 ,0 ,0 ,0.741 ,-0.185 | 0
0 ,0 ,0 ,-1 ,0 ,0 ,-2.778 ,0.444 | 0
0 ,0 ,0 ,0 ,-13 ,0 ,-4.333 ,-15.167 | 0
0 ,0 ,0 ,0 ,0 ,-2.538 ,1.692 ,0.846 | 0
0 ,0 ,0 ,0 ,0 ,0 ,-4.667 ,2.667 | 0
0 ,0 ,0 ,0 ,0 ,0 ,-5.444 ,3.111 | 0

R2 --> R2 + 1.286*R7

-3 ,0 ,0 ,0 ,0 ,0 ,0 ,1.714 | 0
0 ,3 ,0 ,0 ,0 ,0 ,0 ,-1.071 | 0
0 ,0 ,0.667 ,0 ,0 ,0 ,0.741 ,-0.185 | 0
0 ,0 ,0 ,-1 ,0 ,0 ,-2.778 ,0.444 | 0
0 ,0 ,0 ,0 ,-13 ,0 ,-4.333 ,-15.167 | 0
0 ,0 ,0 ,0 ,0 ,-2.538 ,1.692 ,0.846 | 0
0 ,0 ,0 ,0 ,0 ,0 ,-4.667 ,2.667 | 0
0 ,0 ,0 ,0 ,0 ,0 ,-5.444 ,3.111 | 0

R3 --> R3 + 0.159*R7

-3 ,0 ,0 ,0 ,0 ,0 ,0 ,1.714 | 0
0 ,3 ,0 ,0 ,0 ,0 ,0 ,-1.071 | 0
0 ,0 ,0.667 ,0 ,0 ,0 ,0 ,0.238 | 0
0 ,0 ,0 ,-1 ,0 ,0 ,-2.778 ,0.444 | 0
0 ,0 ,0 ,0 ,-13 ,0 ,-4.333 ,-15.167 | 0
0 ,0 ,0 ,0 ,0 ,-2.538 ,1.692 ,0.846 | 0
0 ,0 ,0 ,0 ,0 ,0 ,-4.667 ,2.667 | 0
0 ,0 ,0 ,0 ,0 ,0 ,-5.444 ,3.111 | 0

R4 --> R4 - 0.595*R7

-3 ,0 ,0 ,0 ,0 ,0 ,0 ,1.714 | 0
0 ,3 ,0 ,0 ,0 ,0 ,0 ,-1.071 | 0
0 ,0 ,0.667 ,0 ,0 ,0 ,0 ,0.238 | 0
0 ,0 ,0 ,-1 ,0 ,0 ,0 ,-1.143 | 0
0 ,0 ,0 ,0 ,-13 ,0 ,-4.333 ,-15.167 | 0
0 ,0 ,0 ,0 ,0 ,-2.538 ,1.692 ,0.846 | 0
0 ,0 ,0 ,0 ,0 ,0 ,-4.667 ,2.667 | 0
0 ,0 ,0 ,0 ,0 ,0 ,-5.444 ,3.111 | 0

R5 --> R5 - 0.929*R7

-3 ,0 ,0 ,0 ,0 ,0 ,0 ,1.714 | 0
0 ,3 ,0 ,0 ,0 ,0 ,0 ,-1.071 | 0
0 ,0 ,0.667 ,0 ,0 ,0 ,0 ,0.238 | 0
0 ,0 ,0 ,-1 ,0 ,0 ,0 ,-1.143 | 0
0 ,0 ,0 ,0 ,-13 ,0 ,0 ,-17.643 | 0
0 ,0 ,0 ,0 ,0 ,-2.538 ,1.692 ,0.846 | 0
0 ,0 ,0 ,0 ,0 ,0 ,-4.667 ,2.667 | 0
0 ,0 ,0 ,0 ,0 ,0 ,-5.444 ,3.111 | 0

R6 --> R6 + 0.363*R7

-3 ,0 ,0 ,0 ,0 ,0 ,0 ,1.714 | 0
0 ,3 ,0 ,0 ,0 ,0 ,0 ,-1.071 | 0
0 ,0 ,0.667 ,0 ,0 ,0 ,0 ,0.238 | 0
0 ,0 ,0 ,-1 ,0 ,0 ,0 ,-1.143 | 0
0 ,0 ,0 ,0 ,-13 ,0 ,0 ,-17.643 | 0
0 ,0 ,0 ,0 ,0 ,-2.538 ,0 ,1.813 | 0
0 ,0 ,0 ,0 ,0 ,0 ,-4.667 ,2.667 | 0
0 ,0 ,0 ,0 ,0 ,0 ,-5.444 ,3.111 | 0

R8 --> R8 - 1.167*R7

-3 ,0 ,0 ,0 ,0 ,0 ,0 ,1.714 | 0
0 ,3 ,0 ,0 ,0 ,0 ,0 ,-1.071 | 0
0 ,0 ,0.667 ,0 ,0 ,0 ,0 ,0.238 | 0
0 ,0 ,0 ,-1 ,0 ,0 ,0 ,-1.143 | 0
0 ,0 ,0 ,0 ,-13 ,0 ,0 ,-17.643 | 0
0 ,0 ,0 ,0 ,0 ,-2.538 ,0 ,1.813 | 0
0 ,0 ,0 ,0 ,0 ,0 ,-4.667 ,2.667 | 0
0 ,0 ,0 ,0 ,0 ,0 ,0 ,0 | 0

define new column in the vector b when x8 is free variable in R8 space:
-3 ,0 ,0 ,0 ,0 ,0 ,0 ,1.714 | 0 ,0
0 ,3 ,0 ,0 ,0 ,0 ,0 ,-1.071 | 0 ,0
0 ,0 ,0.667 ,0 ,0 ,0 ,0 ,0.238 | 0 ,0
0 ,0 ,0 ,-1 ,0 ,0 ,0 ,-1.143 | 0 ,0
0 ,0 ,0 ,0 ,-13 ,0 ,0 ,-17.643 | 0 ,0
0 ,0 ,0 ,0 ,0 ,-2.538 ,0 ,1.813 | 0 ,0
0 ,0 ,0 ,0 ,0 ,0 ,-4.667 ,2.667 | 0 ,0
0 ,0 ,0 ,0 ,0 ,0 ,0 ,1 | 0 ,1

R1 --> R1 - 1.714*R8

-3 ,0 ,0 ,0 ,0 ,0 ,0 ,0 | 0 ,-1.714
0 ,3 ,0 ,0 ,0 ,0 ,0 ,-1.071 | 0 ,0
0 ,0 ,0.667 ,0 ,0 ,0 ,0 ,0.238 | 0 ,0
0 ,0 ,0 ,-1 ,0 ,0 ,0 ,-1.143 | 0 ,0
0 ,0 ,0 ,0 ,-13 ,0 ,0 ,-17.643 | 0 ,0
0 ,0 ,0 ,0 ,0 ,-2.538 ,0 ,1.813 | 0 ,0
0 ,0 ,0 ,0 ,0 ,0 ,-4.667 ,2.667 | 0 ,0
0 ,0 ,0 ,0 ,0 ,0 ,0 ,1 | 0 ,1

R1 --> -0.333*R1

1 ,0 ,0 ,0 ,0 ,0 ,0 ,0 | 0 ,0.571
0 ,3 ,0 ,0 ,0 ,0 ,0 ,-1.071 | 0 ,0
0 ,0 ,0.667 ,0 ,0 ,0 ,0 ,0.238 | 0 ,0
0 ,0 ,0 ,-1 ,0 ,0 ,0 ,-1.143 | 0 ,0
0 ,0 ,0 ,0 ,-13 ,0 ,0 ,-17.643 | 0 ,0
0 ,0 ,0 ,0 ,0 ,-2.538 ,0 ,1.813 | 0 ,0
0 ,0 ,0 ,0 ,0 ,0 ,-4.667 ,2.667 | 0 ,0
0 ,0 ,0 ,0 ,0 ,0 ,0 ,1 | 0 ,1

R2 --> R2 + 1.071*R8

1 ,0 ,0 ,0 ,0 ,0 ,0 ,0 | 0 ,0.571
0 ,3 ,0 ,0 ,0 ,0 ,0 ,0 | 0 ,1.071
0 ,0 ,0.667 ,0 ,0 ,0 ,0 ,0.238 | 0 ,0
0 ,0 ,0 ,-1 ,0 ,0 ,0 ,-1.143 | 0 ,0
0 ,0 ,0 ,0 ,-13 ,0 ,0 ,-17.643 | 0 ,0
0 ,0 ,0 ,0 ,0 ,-2.538 ,0 ,1.813 | 0 ,0
0 ,0 ,0 ,0 ,0 ,0 ,-4.667 ,2.667 | 0 ,0
0 ,0 ,0 ,0 ,0 ,0 ,0 ,1 | 0 ,1

R2 --> 0.333*R2

1 ,0 ,0 ,0 ,0 ,0 ,0 ,0 | 0 ,0.571
0 ,1 ,0 ,0 ,0 ,0 ,0 ,0 | 0 ,0.357
0 ,0 ,0.667 ,0 ,0 ,0 ,0 ,0.238 | 0 ,0
0 ,0 ,0 ,-1 ,0 ,0 ,0 ,-1.143 | 0 ,0
0 ,0 ,0 ,0 ,-13 ,0 ,0 ,-17.643 | 0 ,0
0 ,0 ,0 ,0 ,0 ,-2.538 ,0 ,1.813 | 0 ,0
0 ,0 ,0 ,0 ,0 ,0 ,-4.667 ,2.667 | 0 ,0
0 ,0 ,0 ,0 ,0 ,0 ,0 ,1 | 0 ,1

R3 --> R3 - 0.238*R8

1 ,0 ,0 ,0 ,0 ,0 ,0 ,0 | 0 ,0.571
0 ,1 ,0 ,0 ,0 ,0 ,0 ,0 | 0 ,0.357
0 ,0 ,0.667 ,0 ,0 ,0 ,0 ,0 | 0 ,-0.238
0 ,0 ,0 ,-1 ,0 ,0 ,0 ,-1.143 | 0 ,0
0 ,0 ,0 ,0 ,-13 ,0 ,0 ,-17.643 | 0 ,0
0 ,0 ,0 ,0 ,0 ,-2.538 ,0 ,1.813 | 0 ,0
0 ,0 ,0 ,0 ,0 ,0 ,-4.667 ,2.667 | 0 ,0
0 ,0 ,0 ,0 ,0 ,0 ,0 ,1 | 0 ,1

R3 --> 1.5*R3

1 ,0 ,0 ,0 ,0 ,0 ,0 ,0 | 0 ,0.571
0 ,1 ,0 ,0 ,0 ,0 ,0 ,0 | 0 ,0.357
0 ,0 ,1 ,0 ,0 ,0 ,0 ,0 | 0 ,-0.357
0 ,0 ,0 ,-1 ,0 ,0 ,0 ,-1.143 | 0 ,0
0 ,0 ,0 ,0 ,-13 ,0 ,0 ,-17.643 | 0 ,0
0 ,0 ,0 ,0 ,0 ,-2.538 ,0 ,1.813 | 0 ,0
0 ,0 ,0 ,0 ,0 ,0 ,-4.667 ,2.667 | 0 ,0
0 ,0 ,0 ,0 ,0 ,0 ,0 ,1 | 0 ,1

R4 --> R4 + 1.143*R8

1 ,0 ,0 ,0 ,0 ,0 ,0 ,0 | 0 ,0.571
0 ,1 ,0 ,0 ,0 ,0 ,0 ,0 | 0 ,0.357
0 ,0 ,1 ,0 ,0 ,0 ,0 ,0 | 0 ,-0.357
0 ,0 ,0 ,-1 ,0 ,0 ,0 ,0 | 0 ,1.143
0 ,0 ,0 ,0 ,-13 ,0 ,0 ,-17.643 | 0 ,0
0 ,0 ,0 ,0 ,0 ,-2.538 ,0 ,1.813 | 0 ,0
0 ,0 ,0 ,0 ,0 ,0 ,-4.667 ,2.667 | 0 ,0
0 ,0 ,0 ,0 ,0 ,0 ,0 ,1 | 0 ,1

R4 --> -1*R4

1 ,0 ,0 ,0 ,0 ,0 ,0 ,0 | 0 ,0.571
0 ,1 ,0 ,0 ,0 ,0 ,0 ,0 | 0 ,0.357
0 ,0 ,1 ,0 ,0 ,0 ,0 ,0 | 0 ,-0.357
0 ,0 ,0 ,1 ,0 ,0 ,0 ,0 | 0 ,-1.143
0 ,0 ,0 ,0 ,-13 ,0 ,0 ,-17.643 | 0 ,0
0 ,0 ,0 ,0 ,0 ,-2.538 ,0 ,1.813 | 0 ,0
0 ,0 ,0 ,0 ,0 ,0 ,-4.667 ,2.667 | 0 ,0
0 ,0 ,0 ,0 ,0 ,0 ,0 ,1 | 0 ,1

R5 --> R5 + 17.643*R8

1 ,0 ,0 ,0 ,0 ,0 ,0 ,0 | 0 ,0.571
0 ,1 ,0 ,0 ,0 ,0 ,0 ,0 | 0 ,0.357
0 ,0 ,1 ,0 ,0 ,0 ,0 ,0 | 0 ,-0.357
0 ,0 ,0 ,1 ,0 ,0 ,0 ,0 | 0 ,-1.143
0 ,0 ,0 ,0 ,-13 ,0 ,0 ,0 | 0 ,17.643
0 ,0 ,0 ,0 ,0 ,-2.538 ,0 ,1.813 | 0 ,0
0 ,0 ,0 ,0 ,0 ,0 ,-4.667 ,2.667 | 0 ,0
0 ,0 ,0 ,0 ,0 ,0 ,0 ,1 | 0 ,1

R5 --> -0.077*R5

1 ,0 ,0 ,0 ,0 ,0 ,0 ,0 | 0 ,0.571
0 ,1 ,0 ,0 ,0 ,0 ,0 ,0 | 0 ,0.357
0 ,0 ,1 ,0 ,0 ,0 ,0 ,0 | 0 ,-0.357
0 ,0 ,0 ,1 ,0 ,0 ,0 ,0 | 0 ,-1.143
0 ,0 ,0 ,0 ,1 ,0 ,0 ,0 | 0 ,-1.357
0 ,0 ,0 ,0 ,0 ,-2.538 ,0 ,1.813 | 0 ,0
0 ,0 ,0 ,0 ,0 ,0 ,-4.667 ,2.667 | 0 ,0
0 ,0 ,0 ,0 ,0 ,0 ,0 ,1 | 0 ,1

R6 --> R6 - 1.813*R8

1 ,0 ,0 ,0 ,0 ,0 ,0 ,0 | 0 ,0.571
0 ,1 ,0 ,0 ,0 ,0 ,0 ,0 | 0 ,0.357
0 ,0 ,1 ,0 ,0 ,0 ,0 ,0 | 0 ,-0.357
0 ,0 ,0 ,1 ,0 ,0 ,0 ,0 | 0 ,-1.143
0 ,0 ,0 ,0 ,1 ,0 ,0 ,0 | 0 ,-1.357
0 ,0 ,0 ,0 ,0 ,-2.538 ,0 ,0 | 0 ,-1.813
0 ,0 ,0 ,0 ,0 ,0 ,-4.667 ,2.667 | 0 ,0
0 ,0 ,0 ,0 ,0 ,0 ,0 ,1 | 0 ,1

R6 --> -0.394*R6

1 ,0 ,0 ,0 ,0 ,0 ,0 ,0 | 0 ,0.571
0 ,1 ,0 ,0 ,0 ,0 ,0 ,0 | 0 ,0.357
0 ,0 ,1 ,0 ,0 ,0 ,0 ,0 | 0 ,-0.357
0 ,0 ,0 ,1 ,0 ,0 ,0 ,0 | 0 ,-1.143
0 ,0 ,0 ,0 ,1 ,0 ,0 ,0 | 0 ,-1.357
0 ,0 ,0 ,0 ,0 ,1 ,0 ,0 | 0 ,0.714
0 ,0 ,0 ,0 ,0 ,0 ,-4.667 ,2.667 | 0 ,0
0 ,0 ,0 ,0 ,0 ,0 ,0 ,1 | 0 ,1

R7 --> R7 - 2.667*R8

1 ,0 ,0 ,0 ,0 ,0 ,0 ,0 | 0 ,0.571
0 ,1 ,0 ,0 ,0 ,0 ,0 ,0 | 0 ,0.357
0 ,0 ,1 ,0 ,0 ,0 ,0 ,0 | 0 ,-0.357
0 ,0 ,0 ,1 ,0 ,0 ,0 ,0 | 0 ,-1.143
0 ,0 ,0 ,0 ,1 ,0 ,0 ,0 | 0 ,-1.357
0 ,0 ,0 ,0 ,0 ,1 ,0 ,0 | 0 ,0.714
0 ,0 ,0 ,0 ,0 ,0 ,-4.667 ,0 | 0 ,-2.667
0 ,0 ,0 ,0 ,0 ,0 ,0 ,1 | 0 ,1

R7 --> -0.214*R7

1 ,0 ,0 ,0 ,0 ,0 ,0 ,0 | 0 ,0.571
0 ,1 ,0 ,0 ,0 ,0 ,0 ,0 | 0 ,0.357
0 ,0 ,1 ,0 ,0 ,0 ,0 ,0 | 0 ,-0.357
0 ,0 ,0 ,1 ,0 ,0 ,0 ,0 | 0 ,-1.143
0 ,0 ,0 ,0 ,1 ,0 ,0 ,0 | 0 ,-1.357
0 ,0 ,0 ,0 ,0 ,1 ,0 ,0 | 0 ,0.714
0 ,0 ,0 ,0 ,0 ,0 ,1 ,0 | 0 ,0.571
0 ,0 ,0 ,0 ,0 ,0 ,0 ,1 | 0 ,1

the solution is an infinite set of vectors in R8 space which are linearly dependents in the vector space:
x = λ*(0.571 ,0.357 ,-0.357 ,-1.143 ,-1.357 ,0.714 ,0.571 ,1) when λ it's a free scalar that belongs to the R set
