solve the next system in R8 space (8 equations)(8 unknowns):
eq1: - 3*x1 - 3*x2 - 2*x3 + 2*x4 -   x5               + 3*x8  = 0
eq2: - 3*x1        - 3*x3        +   x5               + 2*x8  = 0
eq3: +   x1 + 2*x2 +   x3 -   x4 + 3*x5 + 2*x6 +   x7         = 0
eq4: - 2*x1                      - 2*x5 -   x6 + 2*x7 - 2*x8  = 0
eq5: +   x1 + 2*x2                             + 3*x7 - 3*x8  = 0
eq6: + 3*x1 + 2*x2                      - 3*x6 + 3*x7 - 2*x8  = 0
eq7:               - 2*x3 + 2*x4        - 2*x6        + 3*x8  = 0
eq8: + 2*x1        +   x3 + 3*x4 - 3*x5 - 3*x6 + 3*x7 -   x8  = 0

-3 ,-3 ,-2 ,2 ,-1 ,0 ,0 ,3 | 0
-3 ,0 ,-3 ,0 ,1 ,0 ,0 ,2 | 0
1 ,2 ,1 ,-1 ,3 ,2 ,1 ,0 | 0
-2 ,0 ,0 ,0 ,-2 ,-1 ,2 ,-2 | 0
1 ,2 ,0 ,0 ,0 ,0 ,3 ,-3 | 0
3 ,2 ,0 ,0 ,0 ,-3 ,3 ,-2 | 0
0 ,0 ,-2 ,2 ,0 ,-2 ,0 ,3 | 0
2 ,0 ,1 ,3 ,-3 ,-3 ,3 ,-1 | 0

implement the solution by ranking rows method:
transform A matrix to I by ranking rows:
R2 --> R2 - R1

-3 ,-3 ,-2 ,2 ,-1 ,0 ,0 ,3 | 0
0 ,3 ,-1 ,-2 ,2 ,0 ,0 ,-1 | 0
1 ,2 ,1 ,-1 ,3 ,2 ,1 ,0 | 0
-2 ,0 ,0 ,0 ,-2 ,-1 ,2 ,-2 | 0
1 ,2 ,0 ,0 ,0 ,0 ,3 ,-3 | 0
3 ,2 ,0 ,0 ,0 ,-3 ,3 ,-2 | 0
0 ,0 ,-2 ,2 ,0 ,-2 ,0 ,3 | 0
2 ,0 ,1 ,3 ,-3 ,-3 ,3 ,-1 | 0

R3 --> R3 + 333/1000*R1

-3 ,-3 ,-2 ,2 ,-1 ,0 ,0 ,3 | 0
0 ,3 ,-1 ,-2 ,2 ,0 ,0 ,-1 | 0
0 ,1 ,1/3 ,-1/3 ,8/3 ,2 ,1 ,1 | 0
-2 ,0 ,0 ,0 ,-2 ,-1 ,2 ,-2 | 0
1 ,2 ,0 ,0 ,0 ,0 ,3 ,-3 | 0
3 ,2 ,0 ,0 ,0 ,-3 ,3 ,-2 | 0
0 ,0 ,-2 ,2 ,0 ,-2 ,0 ,3 | 0
2 ,0 ,1 ,3 ,-3 ,-3 ,3 ,-1 | 0

R4 --> R4 - 667/1000*R1

-3 ,-3 ,-2 ,2 ,-1 ,0 ,0 ,3 | 0
0 ,3 ,-1 ,-2 ,2 ,0 ,0 ,-1 | 0
0 ,1 ,1/3 ,-1/3 ,8/3 ,2 ,1 ,1 | 0
0 ,2 ,4/3 ,-4/3 ,-4/3 ,-1 ,2 ,-4 | 0
1 ,2 ,0 ,0 ,0 ,0 ,3 ,-3 | 0
3 ,2 ,0 ,0 ,0 ,-3 ,3 ,-2 | 0
0 ,0 ,-2 ,2 ,0 ,-2 ,0 ,3 | 0
2 ,0 ,1 ,3 ,-3 ,-3 ,3 ,-1 | 0

R5 --> R5 + 333/1000*R1

-3 ,-3 ,-2 ,2 ,-1 ,0 ,0 ,3 | 0
0 ,3 ,-1 ,-2 ,2 ,0 ,0 ,-1 | 0
0 ,1 ,1/3 ,-1/3 ,8/3 ,2 ,1 ,1 | 0
0 ,2 ,4/3 ,-4/3 ,-4/3 ,-1 ,2 ,-4 | 0
0 ,1 ,-2/3 ,2/3 ,-1/3 ,0 ,3 ,-2 | 0
3 ,2 ,0 ,0 ,0 ,-3 ,3 ,-2 | 0
0 ,0 ,-2 ,2 ,0 ,-2 ,0 ,3 | 0
2 ,0 ,1 ,3 ,-3 ,-3 ,3 ,-1 | 0

R6 --> R6 + R1

-3 ,-3 ,-2 ,2 ,-1 ,0 ,0 ,3 | 0
0 ,3 ,-1 ,-2 ,2 ,0 ,0 ,-1 | 0
0 ,1 ,1/3 ,-1/3 ,8/3 ,2 ,1 ,1 | 0
0 ,2 ,4/3 ,-4/3 ,-4/3 ,-1 ,2 ,-4 | 0
0 ,1 ,-2/3 ,2/3 ,-1/3 ,0 ,3 ,-2 | 0
0 ,-1 ,-2 ,2 ,-1 ,-3 ,3 ,1 | 0
0 ,0 ,-2 ,2 ,0 ,-2 ,0 ,3 | 0
2 ,0 ,1 ,3 ,-3 ,-3 ,3 ,-1 | 0

R8 --> R8 + 667/1000*R1

-3 ,-3 ,-2 ,2 ,-1 ,0 ,0 ,3 | 0
0 ,3 ,-1 ,-2 ,2 ,0 ,0 ,-1 | 0
0 ,1 ,1/3 ,-1/3 ,8/3 ,2 ,1 ,1 | 0
0 ,2 ,4/3 ,-4/3 ,-4/3 ,-1 ,2 ,-4 | 0
0 ,1 ,-2/3 ,2/3 ,-1/3 ,0 ,3 ,-2 | 0
0 ,-1 ,-2 ,2 ,-1 ,-3 ,3 ,1 | 0
0 ,0 ,-2 ,2 ,0 ,-2 ,0 ,3 | 0
0 ,-2 ,-1/3 ,13/3 ,-11/3 ,-3 ,3 ,1 | 0

R1 --> R1 + R2

-3 ,0 ,-3 ,0 ,1 ,0 ,0 ,2 | 0
0 ,3 ,-1 ,-2 ,2 ,0 ,0 ,-1 | 0
0 ,1 ,1/3 ,-1/3 ,8/3 ,2 ,1 ,1 | 0
0 ,2 ,4/3 ,-4/3 ,-4/3 ,-1 ,2 ,-4 | 0
0 ,1 ,-2/3 ,2/3 ,-1/3 ,0 ,3 ,-2 | 0
0 ,-1 ,-2 ,2 ,-1 ,-3 ,3 ,1 | 0
0 ,0 ,-2 ,2 ,0 ,-2 ,0 ,3 | 0
0 ,-2 ,-1/3 ,13/3 ,-11/3 ,-3 ,3 ,1 | 0

R3 --> R3 - 333/1000*R2

-3 ,0 ,-3 ,0 ,1 ,0 ,0 ,2 | 0
0 ,3 ,-1 ,-2 ,2 ,0 ,0 ,-1 | 0
0 ,0 ,2/3 ,1/3 ,2 ,2 ,1 ,4/3 | 0
0 ,2 ,4/3 ,-4/3 ,-4/3 ,-1 ,2 ,-4 | 0
0 ,1 ,-2/3 ,2/3 ,-1/3 ,0 ,3 ,-2 | 0
0 ,-1 ,-2 ,2 ,-1 ,-3 ,3 ,1 | 0
0 ,0 ,-2 ,2 ,0 ,-2 ,0 ,3 | 0
0 ,-2 ,-1/3 ,13/3 ,-11/3 ,-3 ,3 ,1 | 0

R4 --> R4 - 667/1000*R2

-3 ,0 ,-3 ,0 ,1 ,0 ,0 ,2 | 0
0 ,3 ,-1 ,-2 ,2 ,0 ,0 ,-1 | 0
0 ,0 ,2/3 ,1/3 ,2 ,2 ,1 ,4/3 | 0
0 ,0 ,2 ,0 ,-8/3 ,-1 ,2 ,-10/3 | 0
0 ,1 ,-2/3 ,2/3 ,-1/3 ,0 ,3 ,-2 | 0
0 ,-1 ,-2 ,2 ,-1 ,-3 ,3 ,1 | 0
0 ,0 ,-2 ,2 ,0 ,-2 ,0 ,3 | 0
0 ,-2 ,-1/3 ,13/3 ,-11/3 ,-3 ,3 ,1 | 0

R5 --> R5 - 333/1000*R2

-3 ,0 ,-3 ,0 ,1 ,0 ,0 ,2 | 0
0 ,3 ,-1 ,-2 ,2 ,0 ,0 ,-1 | 0
0 ,0 ,2/3 ,1/3 ,2 ,2 ,1 ,4/3 | 0
0 ,0 ,2 ,0 ,-8/3 ,-1 ,2 ,-10/3 | 0
0 ,0 ,-1/3 ,4/3 ,-1 ,0 ,3 ,-5/3 | 0
0 ,-1 ,-2 ,2 ,-1 ,-3 ,3 ,1 | 0
0 ,0 ,-2 ,2 ,0 ,-2 ,0 ,3 | 0
0 ,-2 ,-1/3 ,13/3 ,-11/3 ,-3 ,3 ,1 | 0

R6 --> R6 + 333/1000*R2

-3 ,0 ,-3 ,0 ,1 ,0 ,0 ,2 | 0
0 ,3 ,-1 ,-2 ,2 ,0 ,0 ,-1 | 0
0 ,0 ,2/3 ,1/3 ,2 ,2 ,1 ,4/3 | 0
0 ,0 ,2 ,0 ,-8/3 ,-1 ,2 ,-10/3 | 0
0 ,0 ,-1/3 ,4/3 ,-1 ,0 ,3 ,-5/3 | 0
0 ,0 ,-7/3 ,4/3 ,-1/3 ,-3 ,3 ,2/3 | 0
0 ,0 ,-2 ,2 ,0 ,-2 ,0 ,3 | 0
0 ,-2 ,-1/3 ,13/3 ,-11/3 ,-3 ,3 ,1 | 0

R8 --> R8 + 667/1000*R2

-3 ,0 ,-3 ,0 ,1 ,0 ,0 ,2 | 0
0 ,3 ,-1 ,-2 ,2 ,0 ,0 ,-1 | 0
0 ,0 ,2/3 ,1/3 ,2 ,2 ,1 ,4/3 | 0
0 ,0 ,2 ,0 ,-8/3 ,-1 ,2 ,-10/3 | 0
0 ,0 ,-1/3 ,4/3 ,-1 ,0 ,3 ,-5/3 | 0
0 ,0 ,-7/3 ,4/3 ,-1/3 ,-3 ,3 ,2/3 | 0
0 ,0 ,-2 ,2 ,0 ,-2 ,0 ,3 | 0
0 ,0 ,-1 ,3 ,-7/3 ,-3 ,3 ,1/3 | 0

R1 --> R1 + 9/2*R3

-3 ,0 ,0 ,3/2 ,10 ,9 ,9/2 ,8 | 0
0 ,3 ,-1 ,-2 ,2 ,0 ,0 ,-1 | 0
0 ,0 ,2/3 ,1/3 ,2 ,2 ,1 ,4/3 | 0
0 ,0 ,2 ,0 ,-8/3 ,-1 ,2 ,-10/3 | 0
0 ,0 ,-1/3 ,4/3 ,-1 ,0 ,3 ,-5/3 | 0
0 ,0 ,-7/3 ,4/3 ,-1/3 ,-3 ,3 ,2/3 | 0
0 ,0 ,-2 ,2 ,0 ,-2 ,0 ,3 | 0
0 ,0 ,-1 ,3 ,-7/3 ,-3 ,3 ,1/3 | 0

R2 --> R2 + 3/2*R3

-3 ,0 ,0 ,3/2 ,10 ,9 ,9/2 ,8 | 0
0 ,3 ,0 ,-3/2 ,5 ,3 ,3/2 ,1 | 0
0 ,0 ,2/3 ,1/3 ,2 ,2 ,1 ,4/3 | 0
0 ,0 ,2 ,0 ,-8/3 ,-1 ,2 ,-10/3 | 0
0 ,0 ,-1/3 ,4/3 ,-1 ,0 ,3 ,-5/3 | 0
0 ,0 ,-7/3 ,4/3 ,-1/3 ,-3 ,3 ,2/3 | 0
0 ,0 ,-2 ,2 ,0 ,-2 ,0 ,3 | 0
0 ,0 ,-1 ,3 ,-7/3 ,-3 ,3 ,1/3 | 0

R4 --> R4 - 3*R3

-3 ,0 ,0 ,3/2 ,10 ,9 ,9/2 ,8 | 0
0 ,3 ,0 ,-3/2 ,5 ,3 ,3/2 ,1 | 0
0 ,0 ,2/3 ,1/3 ,2 ,2 ,1 ,4/3 | 0
0 ,0 ,0 ,-1 ,-26/3 ,-7 ,-1 ,-22/3 | 0
0 ,0 ,-1/3 ,4/3 ,-1 ,0 ,3 ,-5/3 | 0
0 ,0 ,-7/3 ,4/3 ,-1/3 ,-3 ,3 ,2/3 | 0
0 ,0 ,-2 ,2 ,0 ,-2 ,0 ,3 | 0
0 ,0 ,-1 ,3 ,-7/3 ,-3 ,3 ,1/3 | 0

R5 --> R5 + 1/2*R3

-3 ,0 ,0 ,3/2 ,10 ,9 ,9/2 ,8 | 0
0 ,3 ,0 ,-3/2 ,5 ,3 ,3/2 ,1 | 0
0 ,0 ,2/3 ,1/3 ,2 ,2 ,1 ,4/3 | 0
0 ,0 ,0 ,-1 ,-26/3 ,-7 ,-1 ,-22/3 | 0
0 ,0 ,0 ,3/2 ,0 ,1 ,7/2 ,-1 | 0
0 ,0 ,-7/3 ,4/3 ,-1/3 ,-3 ,3 ,2/3 | 0
0 ,0 ,-2 ,2 ,0 ,-2 ,0 ,3 | 0
0 ,0 ,-1 ,3 ,-7/3 ,-3 ,3 ,1/3 | 0

R6 --> R6 + 7/2*R3

-3 ,0 ,0 ,3/2 ,10 ,9 ,9/2 ,8 | 0
0 ,3 ,0 ,-3/2 ,5 ,3 ,3/2 ,1 | 0
0 ,0 ,2/3 ,1/3 ,2 ,2 ,1 ,4/3 | 0
0 ,0 ,0 ,-1 ,-26/3 ,-7 ,-1 ,-22/3 | 0
0 ,0 ,0 ,3/2 ,0 ,1 ,7/2 ,-1 | 0
0 ,0 ,0 ,5/2 ,20/3 ,4 ,13/2 ,16/3 | 0
0 ,0 ,-2 ,2 ,0 ,-2 ,0 ,3 | 0
0 ,0 ,-1 ,3 ,-7/3 ,-3 ,3 ,1/3 | 0

R7 --> R7 + 3*R3

-3 ,0 ,0 ,3/2 ,10 ,9 ,9/2 ,8 | 0
0 ,3 ,0 ,-3/2 ,5 ,3 ,3/2 ,1 | 0
0 ,0 ,2/3 ,1/3 ,2 ,2 ,1 ,4/3 | 0
0 ,0 ,0 ,-1 ,-26/3 ,-7 ,-1 ,-22/3 | 0
0 ,0 ,0 ,3/2 ,0 ,1 ,7/2 ,-1 | 0
0 ,0 ,0 ,5/2 ,20/3 ,4 ,13/2 ,16/3 | 0
0 ,0 ,0 ,3 ,6 ,4 ,3 ,7 | 0
0 ,0 ,-1 ,3 ,-7/3 ,-3 ,3 ,1/3 | 0

R8 --> R8 + 3/2*R3

-3 ,0 ,0 ,3/2 ,10 ,9 ,9/2 ,8 | 0
0 ,3 ,0 ,-3/2 ,5 ,3 ,3/2 ,1 | 0
0 ,0 ,2/3 ,1/3 ,2 ,2 ,1 ,4/3 | 0
0 ,0 ,0 ,-1 ,-26/3 ,-7 ,-1 ,-22/3 | 0
0 ,0 ,0 ,3/2 ,0 ,1 ,7/2 ,-1 | 0
0 ,0 ,0 ,5/2 ,20/3 ,4 ,13/2 ,16/3 | 0
0 ,0 ,0 ,3 ,6 ,4 ,3 ,7 | 0
0 ,0 ,0 ,7/2 ,2/3 ,0 ,9/2 ,7/3 | 0

R1 --> R1 + 3/2*R4

-3 ,0 ,0 ,0 ,-3 ,-3/2 ,3 ,-3 | 0
0 ,3 ,0 ,-3/2 ,5 ,3 ,3/2 ,1 | 0
0 ,0 ,2/3 ,1/3 ,2 ,2 ,1 ,4/3 | 0
0 ,0 ,0 ,-1 ,-26/3 ,-7 ,-1 ,-22/3 | 0
0 ,0 ,0 ,3/2 ,0 ,1 ,7/2 ,-1 | 0
0 ,0 ,0 ,5/2 ,20/3 ,4 ,13/2 ,16/3 | 0
0 ,0 ,0 ,3 ,6 ,4 ,3 ,7 | 0
0 ,0 ,0 ,7/2 ,2/3 ,0 ,9/2 ,7/3 | 0

R2 --> R2 - 3/2*R4

-3 ,0 ,0 ,0 ,-3 ,-3/2 ,3 ,-3 | 0
0 ,3 ,0 ,0 ,18 ,27/2 ,3 ,12 | 0
0 ,0 ,2/3 ,1/3 ,2 ,2 ,1 ,4/3 | 0
0 ,0 ,0 ,-1 ,-26/3 ,-7 ,-1 ,-22/3 | 0
0 ,0 ,0 ,3/2 ,0 ,1 ,7/2 ,-1 | 0
0 ,0 ,0 ,5/2 ,20/3 ,4 ,13/2 ,16/3 | 0
0 ,0 ,0 ,3 ,6 ,4 ,3 ,7 | 0
0 ,0 ,0 ,7/2 ,2/3 ,0 ,9/2 ,7/3 | 0

R3 --> R3 + 333/1000*R4

-3 ,0 ,0 ,0 ,-3 ,-3/2 ,3 ,-3 | 0
0 ,3 ,0 ,0 ,18 ,27/2 ,3 ,12 | 0
0 ,0 ,2/3 ,0 ,-8/9 ,-1/3 ,2/3 ,-10/9 | 0
0 ,0 ,0 ,-1 ,-26/3 ,-7 ,-1 ,-22/3 | 0
0 ,0 ,0 ,3/2 ,0 ,1 ,7/2 ,-1 | 0
0 ,0 ,0 ,5/2 ,20/3 ,4 ,13/2 ,16/3 | 0
0 ,0 ,0 ,3 ,6 ,4 ,3 ,7 | 0
0 ,0 ,0 ,7/2 ,2/3 ,0 ,9/2 ,7/3 | 0

R5 --> R5 + 3/2*R4

-3 ,0 ,0 ,0 ,-3 ,-3/2 ,3 ,-3 | 0
0 ,3 ,0 ,0 ,18 ,27/2 ,3 ,12 | 0
0 ,0 ,2/3 ,0 ,-8/9 ,-1/3 ,2/3 ,-10/9 | 0
0 ,0 ,0 ,-1 ,-26/3 ,-7 ,-1 ,-22/3 | 0
0 ,0 ,0 ,0 ,-13 ,-19/2 ,2 ,-12 | 0
0 ,0 ,0 ,5/2 ,20/3 ,4 ,13/2 ,16/3 | 0
0 ,0 ,0 ,3 ,6 ,4 ,3 ,7 | 0
0 ,0 ,0 ,7/2 ,2/3 ,0 ,9/2 ,7/3 | 0

R6 --> R6 + 5/2*R4

-3 ,0 ,0 ,0 ,-3 ,-3/2 ,3 ,-3 | 0
0 ,3 ,0 ,0 ,18 ,27/2 ,3 ,12 | 0
0 ,0 ,2/3 ,0 ,-8/9 ,-1/3 ,2/3 ,-10/9 | 0
0 ,0 ,0 ,-1 ,-26/3 ,-7 ,-1 ,-22/3 | 0
0 ,0 ,0 ,0 ,-13 ,-19/2 ,2 ,-12 | 0
0 ,0 ,0 ,0 ,-15 ,-27/2 ,4 ,-13 | 0
0 ,0 ,0 ,3 ,6 ,4 ,3 ,7 | 0
0 ,0 ,0 ,7/2 ,2/3 ,0 ,9/2 ,7/3 | 0

R7 --> R7 + 3*R4

-3 ,0 ,0 ,0 ,-3 ,-3/2 ,3 ,-3 | 0
0 ,3 ,0 ,0 ,18 ,27/2 ,3 ,12 | 0
0 ,0 ,2/3 ,0 ,-8/9 ,-1/3 ,2/3 ,-10/9 | 0
0 ,0 ,0 ,-1 ,-26/3 ,-7 ,-1 ,-22/3 | 0
0 ,0 ,0 ,0 ,-13 ,-19/2 ,2 ,-12 | 0
0 ,0 ,0 ,0 ,-15 ,-27/2 ,4 ,-13 | 0
0 ,0 ,0 ,0 ,-20 ,-17 ,0 ,-15 | 0
0 ,0 ,0 ,7/2 ,2/3 ,0 ,9/2 ,7/3 | 0

R8 --> R8 + 7/2*R4

-3 ,0 ,0 ,0 ,-3 ,-3/2 ,3 ,-3 | 0
0 ,3 ,0 ,0 ,18 ,27/2 ,3 ,12 | 0
0 ,0 ,2/3 ,0 ,-8/9 ,-1/3 ,2/3 ,-10/9 | 0
0 ,0 ,0 ,-1 ,-26/3 ,-7 ,-1 ,-22/3 | 0
0 ,0 ,0 ,0 ,-13 ,-19/2 ,2 ,-12 | 0
0 ,0 ,0 ,0 ,-15 ,-27/2 ,4 ,-13 | 0
0 ,0 ,0 ,0 ,-20 ,-17 ,0 ,-15 | 0
0 ,0 ,0 ,0 ,-89/3 ,-49/2 ,1 ,-70/3 | 0

R1 --> R1 - 231/1000*R5

-3 ,0 ,0 ,0 ,0 ,9/13 ,33/13 ,-3/13 | 0
0 ,3 ,0 ,0 ,18 ,27/2 ,3 ,12 | 0
0 ,0 ,2/3 ,0 ,-8/9 ,-1/3 ,2/3 ,-10/9 | 0
0 ,0 ,0 ,-1 ,-26/3 ,-7 ,-1 ,-22/3 | 0
0 ,0 ,0 ,0 ,-13 ,-19/2 ,2 ,-12 | 0
0 ,0 ,0 ,0 ,-15 ,-27/2 ,4 ,-13 | 0
0 ,0 ,0 ,0 ,-20 ,-17 ,0 ,-15 | 0
0 ,0 ,0 ,0 ,-89/3 ,-49/2 ,1 ,-70/3 | 0

R2 --> R2 + 277/200*R5

-3 ,0 ,0 ,0 ,0 ,9/13 ,33/13 ,-3/13 | 0
0 ,3 ,0 ,0 ,0 ,9/26 ,75/13 ,-60/13 | 0
0 ,0 ,2/3 ,0 ,-8/9 ,-1/3 ,2/3 ,-10/9 | 0
0 ,0 ,0 ,-1 ,-26/3 ,-7 ,-1 ,-22/3 | 0
0 ,0 ,0 ,0 ,-13 ,-19/2 ,2 ,-12 | 0
0 ,0 ,0 ,0 ,-15 ,-27/2 ,4 ,-13 | 0
0 ,0 ,0 ,0 ,-20 ,-17 ,0 ,-15 | 0
0 ,0 ,0 ,0 ,-89/3 ,-49/2 ,1 ,-70/3 | 0

R3 --> R3 - 17/250*R5

-3 ,0 ,0 ,0 ,0 ,9/13 ,33/13 ,-3/13 | 0
0 ,3 ,0 ,0 ,0 ,9/26 ,75/13 ,-60/13 | 0
0 ,0 ,2/3 ,0 ,0 ,37/117 ,62/117 ,-34/117 | 0
0 ,0 ,0 ,-1 ,-26/3 ,-7 ,-1 ,-22/3 | 0
0 ,0 ,0 ,0 ,-13 ,-19/2 ,2 ,-12 | 0
0 ,0 ,0 ,0 ,-15 ,-27/2 ,4 ,-13 | 0
0 ,0 ,0 ,0 ,-20 ,-17 ,0 ,-15 | 0
0 ,0 ,0 ,0 ,-89/3 ,-49/2 ,1 ,-70/3 | 0

R4 --> R4 - 667/1000*R5

-3 ,0 ,0 ,0 ,0 ,9/13 ,33/13 ,-3/13 | 0
0 ,3 ,0 ,0 ,0 ,9/26 ,75/13 ,-60/13 | 0
0 ,0 ,2/3 ,0 ,0 ,37/117 ,62/117 ,-34/117 | 0
0 ,0 ,0 ,-1 ,0 ,-2/3 ,-7/3 ,2/3 | 0
0 ,0 ,0 ,0 ,-13 ,-19/2 ,2 ,-12 | 0
0 ,0 ,0 ,0 ,-15 ,-27/2 ,4 ,-13 | 0
0 ,0 ,0 ,0 ,-20 ,-17 ,0 ,-15 | 0
0 ,0 ,0 ,0 ,-89/3 ,-49/2 ,1 ,-70/3 | 0

R6 --> R6 - 562/487*R5

-3 ,0 ,0 ,0 ,0 ,9/13 ,33/13 ,-3/13 | 0
0 ,3 ,0 ,0 ,0 ,9/26 ,75/13 ,-60/13 | 0
0 ,0 ,2/3 ,0 ,0 ,37/117 ,62/117 ,-34/117 | 0
0 ,0 ,0 ,-1 ,0 ,-2/3 ,-7/3 ,2/3 | 0
0 ,0 ,0 ,0 ,-13 ,-19/2 ,2 ,-12 | 0
0 ,0 ,0 ,0 ,0 ,-33/13 ,22/13 ,11/13 | 0
0 ,0 ,0 ,0 ,-20 ,-17 ,0 ,-15 | 0
0 ,0 ,0 ,0 ,-89/3 ,-49/2 ,1 ,-70/3 | 0

R7 --> R7 - 263/171*R5

-3 ,0 ,0 ,0 ,0 ,9/13 ,33/13 ,-3/13 | 0
0 ,3 ,0 ,0 ,0 ,9/26 ,75/13 ,-60/13 | 0
0 ,0 ,2/3 ,0 ,0 ,37/117 ,62/117 ,-34/117 | 0
0 ,0 ,0 ,-1 ,0 ,-2/3 ,-7/3 ,2/3 | 0
0 ,0 ,0 ,0 ,-13 ,-19/2 ,2 ,-12 | 0
0 ,0 ,0 ,0 ,0 ,-33/13 ,22/13 ,11/13 | 0
0 ,0 ,0 ,0 ,0 ,-31/13 ,-40/13 ,45/13 | 0
0 ,0 ,0 ,0 ,-89/3 ,-49/2 ,1 ,-70/3 | 0

R8 --> R8 - 1141/500*R5

-3 ,0 ,0 ,0 ,0 ,9/13 ,33/13 ,-3/13 | 0
0 ,3 ,0 ,0 ,0 ,9/26 ,75/13 ,-60/13 | 0
0 ,0 ,2/3 ,0 ,0 ,37/117 ,62/117 ,-34/117 | 0
0 ,0 ,0 ,-1 ,0 ,-2/3 ,-7/3 ,2/3 | 0
0 ,0 ,0 ,0 ,-13 ,-19/2 ,2 ,-12 | 0
0 ,0 ,0 ,0 ,0 ,-33/13 ,22/13 ,11/13 | 0
0 ,0 ,0 ,0 ,0 ,-31/13 ,-40/13 ,45/13 | 0
0 ,0 ,0 ,0 ,0 ,-110/39 ,-139/39 ,158/39 | 0

R1 --> R1 + 273/1000*R6

-3 ,0 ,0 ,0 ,0 ,0 ,3 ,0 | 0
0 ,3 ,0 ,0 ,0 ,9/26 ,75/13 ,-60/13 | 0
0 ,0 ,2/3 ,0 ,0 ,37/117 ,62/117 ,-34/117 | 0
0 ,0 ,0 ,-1 ,0 ,-2/3 ,-7/3 ,2/3 | 0
0 ,0 ,0 ,0 ,-13 ,-19/2 ,2 ,-12 | 0
0 ,0 ,0 ,0 ,0 ,-33/13 ,22/13 ,11/13 | 0
0 ,0 ,0 ,0 ,0 ,-31/13 ,-40/13 ,45/13 | 0
0 ,0 ,0 ,0 ,0 ,-110/39 ,-139/39 ,158/39 | 0

R2 --> R2 + 17/125*R6

-3 ,0 ,0 ,0 ,0 ,0 ,3 ,0 | 0
0 ,3 ,0 ,0 ,0 ,0 ,6 ,-9/2 | 0
0 ,0 ,2/3 ,0 ,0 ,37/117 ,62/117 ,-34/117 | 0
0 ,0 ,0 ,-1 ,0 ,-2/3 ,-7/3 ,2/3 | 0
0 ,0 ,0 ,0 ,-13 ,-19/2 ,2 ,-12 | 0
0 ,0 ,0 ,0 ,0 ,-33/13 ,22/13 ,11/13 | 0
0 ,0 ,0 ,0 ,0 ,-31/13 ,-40/13 ,45/13 | 0
0 ,0 ,0 ,0 ,0 ,-110/39 ,-139/39 ,158/39 | 0

R3 --> R3 + 1/8*R6

-3 ,0 ,0 ,0 ,0 ,0 ,3 ,0 | 0
0 ,3 ,0 ,0 ,0 ,0 ,6 ,-9/2 | 0
0 ,0 ,2/3 ,0 ,0 ,0 ,20/27 ,-5/27 | 0
0 ,0 ,0 ,-1 ,0 ,-2/3 ,-7/3 ,2/3 | 0
0 ,0 ,0 ,0 ,-13 ,-19/2 ,2 ,-12 | 0
0 ,0 ,0 ,0 ,0 ,-33/13 ,22/13 ,11/13 | 0
0 ,0 ,0 ,0 ,0 ,-31/13 ,-40/13 ,45/13 | 0
0 ,0 ,0 ,0 ,0 ,-110/39 ,-139/39 ,158/39 | 0

R4 --> R4 - 177/673*R6

-3 ,0 ,0 ,0 ,0 ,0 ,3 ,0 | 0
0 ,3 ,0 ,0 ,0 ,0 ,6 ,-9/2 | 0
0 ,0 ,2/3 ,0 ,0 ,0 ,20/27 ,-5/27 | 0
0 ,0 ,0 ,-1 ,0 ,0 ,-25/9 ,4/9 | 0
0 ,0 ,0 ,0 ,-13 ,-19/2 ,2 ,-12 | 0
0 ,0 ,0 ,0 ,0 ,-33/13 ,22/13 ,11/13 | 0
0 ,0 ,0 ,0 ,0 ,-31/13 ,-40/13 ,45/13 | 0
0 ,0 ,0 ,0 ,0 ,-110/39 ,-139/39 ,158/39 | 0

R5 --> R5 - 1755/469*R6

-3 ,0 ,0 ,0 ,0 ,0 ,3 ,0 | 0
0 ,3 ,0 ,0 ,0 ,0 ,6 ,-9/2 | 0
0 ,0 ,2/3 ,0 ,0 ,0 ,20/27 ,-5/27 | 0
0 ,0 ,0 ,-1 ,0 ,0 ,-25/9 ,4/9 | 0
0 ,0 ,0 ,0 ,-13 ,0 ,-13/3 ,-91/6 | 0
0 ,0 ,0 ,0 ,0 ,-33/13 ,22/13 ,11/13 | 0
0 ,0 ,0 ,0 ,0 ,-31/13 ,-40/13 ,45/13 | 0
0 ,0 ,0 ,0 ,0 ,-110/39 ,-139/39 ,158/39 | 0

R7 --> R7 - 431/459*R6

-3 ,0 ,0 ,0 ,0 ,0 ,3 ,0 | 0
0 ,3 ,0 ,0 ,0 ,0 ,6 ,-9/2 | 0
0 ,0 ,2/3 ,0 ,0 ,0 ,20/27 ,-5/27 | 0
0 ,0 ,0 ,-1 ,0 ,0 ,-25/9 ,4/9 | 0
0 ,0 ,0 ,0 ,-13 ,0 ,-13/3 ,-91/6 | 0
0 ,0 ,0 ,0 ,0 ,-33/13 ,22/13 ,11/13 | 0
0 ,0 ,0 ,0 ,0 ,0 ,-14/3 ,8/3 | 0
0 ,0 ,0 ,0 ,0 ,-110/39 ,-139/39 ,158/39 | 0

R8 --> R8 - 1101/991*R6

-3 ,0 ,0 ,0 ,0 ,0 ,3 ,0 | 0
0 ,3 ,0 ,0 ,0 ,0 ,6 ,-9/2 | 0
0 ,0 ,2/3 ,0 ,0 ,0 ,20/27 ,-5/27 | 0
0 ,0 ,0 ,-1 ,0 ,0 ,-25/9 ,4/9 | 0
0 ,0 ,0 ,0 ,-13 ,0 ,-13/3 ,-91/6 | 0
0 ,0 ,0 ,0 ,0 ,-33/13 ,22/13 ,11/13 | 0
0 ,0 ,0 ,0 ,0 ,0 ,-14/3 ,8/3 | 0
0 ,0 ,0 ,0 ,0 ,0 ,-49/9 ,28/9 | 0

R1 --> R1 + 317/493*R7

-3 ,0 ,0 ,0 ,0 ,0 ,0 ,12/7 | 0
0 ,3 ,0 ,0 ,0 ,0 ,6 ,-9/2 | 0
0 ,0 ,2/3 ,0 ,0 ,0 ,20/27 ,-5/27 | 0
0 ,0 ,0 ,-1 ,0 ,0 ,-25/9 ,4/9 | 0
0 ,0 ,0 ,0 ,-13 ,0 ,-13/3 ,-91/6 | 0
0 ,0 ,0 ,0 ,0 ,-33/13 ,22/13 ,11/13 | 0
0 ,0 ,0 ,0 ,0 ,0 ,-14/3 ,8/3 | 0
0 ,0 ,0 ,0 ,0 ,0 ,-49/9 ,28/9 | 0

R2 --> R2 + 634/493*R7

-3 ,0 ,0 ,0 ,0 ,0 ,0 ,12/7 | 0
0 ,3 ,0 ,0 ,0 ,0 ,0 ,-15/14 | 0
0 ,0 ,2/3 ,0 ,0 ,0 ,20/27 ,-5/27 | 0
0 ,0 ,0 ,-1 ,0 ,0 ,-25/9 ,4/9 | 0
0 ,0 ,0 ,0 ,-13 ,0 ,-13/3 ,-91/6 | 0
0 ,0 ,0 ,0 ,0 ,-33/13 ,22/13 ,11/13 | 0
0 ,0 ,0 ,0 ,0 ,0 ,-14/3 ,8/3 | 0
0 ,0 ,0 ,0 ,0 ,0 ,-49/9 ,28/9 | 0

R3 --> R3 + 159/1000*R7

-3 ,0 ,0 ,0 ,0 ,0 ,0 ,12/7 | 0
0 ,3 ,0 ,0 ,0 ,0 ,0 ,-15/14 | 0
0 ,0 ,2/3 ,0 ,0 ,0 ,0 ,5/21 | 0
0 ,0 ,0 ,-1 ,0 ,0 ,-25/9 ,4/9 | 0
0 ,0 ,0 ,0 ,-13 ,0 ,-13/3 ,-91/6 | 0
0 ,0 ,0 ,0 ,0 ,-33/13 ,22/13 ,11/13 | 0
0 ,0 ,0 ,0 ,0 ,0 ,-14/3 ,8/3 | 0
0 ,0 ,0 ,0 ,0 ,0 ,-49/9 ,28/9 | 0

R4 --> R4 - 119/200*R7

-3 ,0 ,0 ,0 ,0 ,0 ,0 ,12/7 | 0
0 ,3 ,0 ,0 ,0 ,0 ,0 ,-15/14 | 0
0 ,0 ,2/3 ,0 ,0 ,0 ,0 ,5/21 | 0
0 ,0 ,0 ,-1 ,0 ,0 ,0 ,-8/7 | 0
0 ,0 ,0 ,0 ,-13 ,0 ,-13/3 ,-91/6 | 0
0 ,0 ,0 ,0 ,0 ,-33/13 ,22/13 ,11/13 | 0
0 ,0 ,0 ,0 ,0 ,0 ,-14/3 ,8/3 | 0
0 ,0 ,0 ,0 ,0 ,0 ,-49/9 ,28/9 | 0

R5 --> R5 - 157/169*R7

-3 ,0 ,0 ,0 ,0 ,0 ,0 ,12/7 | 0
0 ,3 ,0 ,0 ,0 ,0 ,0 ,-15/14 | 0
0 ,0 ,2/3 ,0 ,0 ,0 ,0 ,5/21 | 0
0 ,0 ,0 ,-1 ,0 ,0 ,0 ,-8/7 | 0
0 ,0 ,0 ,0 ,-13 ,0 ,0 ,-247/14 | 0
0 ,0 ,0 ,0 ,0 ,-33/13 ,22/13 ,11/13 | 0
0 ,0 ,0 ,0 ,0 ,0 ,-14/3 ,8/3 | 0
0 ,0 ,0 ,0 ,0 ,0 ,-49/9 ,28/9 | 0

R6 --> R6 + 155/427*R7

-3 ,0 ,0 ,0 ,0 ,0 ,0 ,12/7 | 0
0 ,3 ,0 ,0 ,0 ,0 ,0 ,-15/14 | 0
0 ,0 ,2/3 ,0 ,0 ,0 ,0 ,5/21 | 0
0 ,0 ,0 ,-1 ,0 ,0 ,0 ,-8/7 | 0
0 ,0 ,0 ,0 ,-13 ,0 ,0 ,-247/14 | 0
0 ,0 ,0 ,0 ,0 ,-33/13 ,0 ,165/91 | 0
0 ,0 ,0 ,0 ,0 ,0 ,-14/3 ,8/3 | 0
0 ,0 ,0 ,0 ,0 ,0 ,-49/9 ,28/9 | 0

R8 --> R8 - 580/497*R7

-3 ,0 ,0 ,0 ,0 ,0 ,0 ,12/7 | 0
0 ,3 ,0 ,0 ,0 ,0 ,0 ,-15/14 | 0
0 ,0 ,2/3 ,0 ,0 ,0 ,0 ,5/21 | 0
0 ,0 ,0 ,-1 ,0 ,0 ,0 ,-8/7 | 0
0 ,0 ,0 ,0 ,-13 ,0 ,0 ,-247/14 | 0
0 ,0 ,0 ,0 ,0 ,-33/13 ,0 ,165/91 | 0
0 ,0 ,0 ,0 ,0 ,0 ,-14/3 ,8/3 | 0
0 ,0 ,0 ,0 ,0 ,0 ,0 ,0 | 0

define new column in the vector b when x8 is free variable in R8 space:
-3 ,0 ,0 ,0 ,0 ,0 ,0 ,12/7 | 0 ,0
0 ,3 ,0 ,0 ,0 ,0 ,0 ,-15/14 | 0 ,0
0 ,0 ,2/3 ,0 ,0 ,0 ,0 ,5/21 | 0 ,0
0 ,0 ,0 ,-1 ,0 ,0 ,0 ,-8/7 | 0 ,0
0 ,0 ,0 ,0 ,-13 ,0 ,0 ,-247/14 | 0 ,0
0 ,0 ,0 ,0 ,0 ,-33/13 ,0 ,165/91 | 0 ,0
0 ,0 ,0 ,0 ,0 ,0 ,-14/3 ,8/3 | 0 ,0
0 ,0 ,0 ,0 ,0 ,0 ,0 ,1 | 0 ,1

R1 --> R1 - 845/493*R8

-3 ,0 ,0 ,0 ,0 ,0 ,0 ,0 | 0 ,-12/7
0 ,3 ,0 ,0 ,0 ,0 ,0 ,-15/14 | 0 ,0
0 ,0 ,2/3 ,0 ,0 ,0 ,0 ,5/21 | 0 ,0
0 ,0 ,0 ,-1 ,0 ,0 ,0 ,-8/7 | 0 ,0
0 ,0 ,0 ,0 ,-13 ,0 ,0 ,-247/14 | 0 ,0
0 ,0 ,0 ,0 ,0 ,-33/13 ,0 ,165/91 | 0 ,0
0 ,0 ,0 ,0 ,0 ,0 ,-14/3 ,8/3 | 0 ,0
0 ,0 ,0 ,0 ,0 ,0 ,0 ,1 | 0 ,1

R1 --> -333/1000*R1

1 ,0 ,0 ,0 ,0 ,0 ,0 ,0 | 0 ,4/7
0 ,3 ,0 ,0 ,0 ,0 ,0 ,-15/14 | 0 ,0
0 ,0 ,2/3 ,0 ,0 ,0 ,0 ,5/21 | 0 ,0
0 ,0 ,0 ,-1 ,0 ,0 ,0 ,-8/7 | 0 ,0
0 ,0 ,0 ,0 ,-13 ,0 ,0 ,-247/14 | 0 ,0
0 ,0 ,0 ,0 ,0 ,-33/13 ,0 ,165/91 | 0 ,0
0 ,0 ,0 ,0 ,0 ,0 ,-14/3 ,8/3 | 0 ,0
0 ,0 ,0 ,0 ,0 ,0 ,0 ,1 | 0 ,1

R2 --> R2 + 181/169*R8

1 ,0 ,0 ,0 ,0 ,0 ,0 ,0 | 0 ,4/7
0 ,3 ,0 ,0 ,0 ,0 ,0 ,0 | 0 ,15/14
0 ,0 ,2/3 ,0 ,0 ,0 ,0 ,5/21 | 0 ,0
0 ,0 ,0 ,-1 ,0 ,0 ,0 ,-8/7 | 0 ,0
0 ,0 ,0 ,0 ,-13 ,0 ,0 ,-247/14 | 0 ,0
0 ,0 ,0 ,0 ,0 ,-33/13 ,0 ,165/91 | 0 ,0
0 ,0 ,0 ,0 ,0 ,0 ,-14/3 ,8/3 | 0 ,0
0 ,0 ,0 ,0 ,0 ,0 ,0 ,1 | 0 ,1

R2 --> 333/1000*R2

1 ,0 ,0 ,0 ,0 ,0 ,0 ,0 | 0 ,4/7
0 ,1 ,0 ,0 ,0 ,0 ,0 ,0 | 0 ,5/14
0 ,0 ,2/3 ,0 ,0 ,0 ,0 ,5/21 | 0 ,0
0 ,0 ,0 ,-1 ,0 ,0 ,0 ,-8/7 | 0 ,0
0 ,0 ,0 ,0 ,-13 ,0 ,0 ,-247/14 | 0 ,0
0 ,0 ,0 ,0 ,0 ,-33/13 ,0 ,165/91 | 0 ,0
0 ,0 ,0 ,0 ,0 ,0 ,-14/3 ,8/3 | 0 ,0
0 ,0 ,0 ,0 ,0 ,0 ,0 ,1 | 0 ,1

R3 --> R3 - 119/500*R8

1 ,0 ,0 ,0 ,0 ,0 ,0 ,0 | 0 ,4/7
0 ,1 ,0 ,0 ,0 ,0 ,0 ,0 | 0 ,5/14
0 ,0 ,2/3 ,0 ,0 ,0 ,0 ,0 | 0 ,-5/21
0 ,0 ,0 ,-1 ,0 ,0 ,0 ,-8/7 | 0 ,0
0 ,0 ,0 ,0 ,-13 ,0 ,0 ,-247/14 | 0 ,0
0 ,0 ,0 ,0 ,0 ,-33/13 ,0 ,165/91 | 0 ,0
0 ,0 ,0 ,0 ,0 ,0 ,-14/3 ,8/3 | 0 ,0
0 ,0 ,0 ,0 ,0 ,0 ,0 ,1 | 0 ,1

R3 --> 3/2*R3

1 ,0 ,0 ,0 ,0 ,0 ,0 ,0 | 0 ,4/7
0 ,1 ,0 ,0 ,0 ,0 ,0 ,0 | 0 ,5/14
0 ,0 ,1 ,0 ,0 ,0 ,0 ,0 | 0 ,-5/14
0 ,0 ,0 ,-1 ,0 ,0 ,0 ,-8/7 | 0 ,0
0 ,0 ,0 ,0 ,-13 ,0 ,0 ,-247/14 | 0 ,0
0 ,0 ,0 ,0 ,0 ,-33/13 ,0 ,165/91 | 0 ,0
0 ,0 ,0 ,0 ,0 ,0 ,-14/3 ,8/3 | 0 ,0
0 ,0 ,0 ,0 ,0 ,0 ,0 ,1 | 0 ,1

R4 --> R4 + 1135/993*R8

1 ,0 ,0 ,0 ,0 ,0 ,0 ,0 | 0 ,4/7
0 ,1 ,0 ,0 ,0 ,0 ,0 ,0 | 0 ,5/14
0 ,0 ,1 ,0 ,0 ,0 ,0 ,0 | 0 ,-5/14
0 ,0 ,0 ,-1 ,0 ,0 ,0 ,0 | 0 ,8/7
0 ,0 ,0 ,0 ,-13 ,0 ,0 ,-247/14 | 0 ,0
0 ,0 ,0 ,0 ,0 ,-33/13 ,0 ,165/91 | 0 ,0
0 ,0 ,0 ,0 ,0 ,0 ,-14/3 ,8/3 | 0 ,0
0 ,0 ,0 ,0 ,0 ,0 ,0 ,1 | 0 ,1

R4 --> - R4

1 ,0 ,0 ,0 ,0 ,0 ,0 ,0 | 0 ,4/7
0 ,1 ,0 ,0 ,0 ,0 ,0 ,0 | 0 ,5/14
0 ,0 ,1 ,0 ,0 ,0 ,0 ,0 | 0 ,-5/14
0 ,0 ,0 ,1 ,0 ,0 ,0 ,0 | 0 ,-8/7
0 ,0 ,0 ,0 ,-13 ,0 ,0 ,-247/14 | 0 ,0
0 ,0 ,0 ,0 ,0 ,-33/13 ,0 ,165/91 | 0 ,0
0 ,0 ,0 ,0 ,0 ,0 ,-14/3 ,8/3 | 0 ,0
0 ,0 ,0 ,0 ,0 ,0 ,0 ,1 | 0 ,1

R5 --> R5 + 247/14*R8

1 ,0 ,0 ,0 ,0 ,0 ,0 ,0 | 0 ,4/7
0 ,1 ,0 ,0 ,0 ,0 ,0 ,0 | 0 ,5/14
0 ,0 ,1 ,0 ,0 ,0 ,0 ,0 | 0 ,-5/14
0 ,0 ,0 ,1 ,0 ,0 ,0 ,0 | 0 ,-8/7
0 ,0 ,0 ,0 ,-13 ,0 ,0 ,0 | 0 ,247/14
0 ,0 ,0 ,0 ,0 ,-33/13 ,0 ,165/91 | 0 ,0
0 ,0 ,0 ,0 ,0 ,0 ,-14/3 ,8/3 | 0 ,0
0 ,0 ,0 ,0 ,0 ,0 ,0 ,1 | 0 ,1

R5 --> -77/1000*R5

1 ,0 ,0 ,0 ,0 ,0 ,0 ,0 | 0 ,4/7
0 ,1 ,0 ,0 ,0 ,0 ,0 ,0 | 0 ,5/14
0 ,0 ,1 ,0 ,0 ,0 ,0 ,0 | 0 ,-5/14
0 ,0 ,0 ,1 ,0 ,0 ,0 ,0 | 0 ,-8/7
0 ,0 ,0 ,0 ,1 ,0 ,0 ,0 | 0 ,-19/14
0 ,0 ,0 ,0 ,0 ,-33/13 ,0 ,165/91 | 0 ,0
0 ,0 ,0 ,0 ,0 ,0 ,-14/3 ,8/3 | 0 ,0
0 ,0 ,0 ,0 ,0 ,0 ,0 ,1 | 0 ,1

R6 --> R6 - 223/123*R8

1 ,0 ,0 ,0 ,0 ,0 ,0 ,0 | 0 ,4/7
0 ,1 ,0 ,0 ,0 ,0 ,0 ,0 | 0 ,5/14
0 ,0 ,1 ,0 ,0 ,0 ,0 ,0 | 0 ,-5/14
0 ,0 ,0 ,1 ,0 ,0 ,0 ,0 | 0 ,-8/7
0 ,0 ,0 ,0 ,1 ,0 ,0 ,0 | 0 ,-19/14
0 ,0 ,0 ,0 ,0 ,-33/13 ,0 ,0 | 0 ,-165/91
0 ,0 ,0 ,0 ,0 ,0 ,-14/3 ,8/3 | 0 ,0
0 ,0 ,0 ,0 ,0 ,0 ,0 ,1 | 0 ,1

R6 --> -197/500*R6

1 ,0 ,0 ,0 ,0 ,0 ,0 ,0 | 0 ,4/7
0 ,1 ,0 ,0 ,0 ,0 ,0 ,0 | 0 ,5/14
0 ,0 ,1 ,0 ,0 ,0 ,0 ,0 | 0 ,-5/14
0 ,0 ,0 ,1 ,0 ,0 ,0 ,0 | 0 ,-8/7
0 ,0 ,0 ,0 ,1 ,0 ,0 ,0 | 0 ,-19/14
0 ,0 ,0 ,0 ,0 ,1 ,0 ,0 | 0 ,5/7
0 ,0 ,0 ,0 ,0 ,0 ,-14/3 ,8/3 | 0 ,0
0 ,0 ,0 ,0 ,0 ,0 ,0 ,1 | 0 ,1

R7 --> R7 - 2659/997*R8

1 ,0 ,0 ,0 ,0 ,0 ,0 ,0 | 0 ,4/7
0 ,1 ,0 ,0 ,0 ,0 ,0 ,0 | 0 ,5/14
0 ,0 ,1 ,0 ,0 ,0 ,0 ,0 | 0 ,-5/14
0 ,0 ,0 ,1 ,0 ,0 ,0 ,0 | 0 ,-8/7
0 ,0 ,0 ,0 ,1 ,0 ,0 ,0 | 0 ,-19/14
0 ,0 ,0 ,0 ,0 ,1 ,0 ,0 | 0 ,5/7
0 ,0 ,0 ,0 ,0 ,0 ,-14/3 ,0 | 0 ,-8/3
0 ,0 ,0 ,0 ,0 ,0 ,0 ,1 | 0 ,1

R7 --> -107/500*R7

1 ,0 ,0 ,0 ,0 ,0 ,0 ,0 | 0 ,4/7
0 ,1 ,0 ,0 ,0 ,0 ,0 ,0 | 0 ,5/14
0 ,0 ,1 ,0 ,0 ,0 ,0 ,0 | 0 ,-5/14
0 ,0 ,0 ,1 ,0 ,0 ,0 ,0 | 0 ,-8/7
0 ,0 ,0 ,0 ,1 ,0 ,0 ,0 | 0 ,-19/14
0 ,0 ,0 ,0 ,0 ,1 ,0 ,0 | 0 ,5/7
0 ,0 ,0 ,0 ,0 ,0 ,1 ,0 | 0 ,4/7
0 ,0 ,0 ,0 ,0 ,0 ,0 ,1 | 0 ,1

the solution is an infinite set of vectors in R8 space which are linearly dependents in the vector space:
x = λ*(4/7 ,5/14 ,-5/14 ,-8/7 ,-19/14 ,5/7 ,4/7 ,1) when λ it's a free scalar that belongs to the R set
