solve the next system in R8 space (8 equations)(8 unknowns):
eq1: - 3*x1        - 2*x3 +   x4 +   x5 - 4*x6 - 4*x7 - 3*x8  = 0
eq2:        + 2*x2 +   x3 + 3*x4 + 2*x5 + 4*x6        + 2*x8  = 0
eq3: - 4*x1 + 3*x2 +   x3        - 4*x5 - 3*x6 +   x7 - 4*x8  = 0
eq4:        +   x2               - 3*x5        + 2*x7 + 2*x8  = 0
eq5:               -   x3 + 4*x4 -   x5               + 4*x8  = 0
eq6: +   x1 - 3*x2 +   x3 +   x4        - 2*x6 +   x7 +   x8  = 0
eq7: + 3*x1 - 3*x2 - 2*x3 + 3*x4 - 2*x5        -   x7         = 0
eq8: - 4*x1 + 4*x2 -   x3 +   x4 + 4*x5 + 2*x6 + 3*x7 -   x8  = 0

-3 ,0 ,-2 ,1 ,1 ,-4 ,-4 ,-3 | 0
0 ,2 ,1 ,3 ,2 ,4 ,0 ,2 | 0
-4 ,3 ,1 ,0 ,-4 ,-3 ,1 ,-4 | 0
0 ,1 ,0 ,0 ,-3 ,0 ,2 ,2 | 0
0 ,0 ,-1 ,4 ,-1 ,0 ,0 ,4 | 0
1 ,-3 ,1 ,1 ,0 ,-2 ,1 ,1 | 0
3 ,-3 ,-2 ,3 ,-2 ,0 ,-1 ,0 | 0
-4 ,4 ,-1 ,1 ,4 ,2 ,3 ,-1 | 0

implement the solution by ranking rows method:
transform A matrix to I by a ranking rows:
R3 --> R3 - 1.333*R1

-3 ,0 ,-2 ,1 ,1 ,-4 ,-4 ,-3 | 0
0 ,2 ,1 ,3 ,2 ,4 ,0 ,2 | 0
0 ,3 ,3.667 ,-1.333 ,-5.333 ,2.333 ,6.333 ,0 | 0
0 ,1 ,0 ,0 ,-3 ,0 ,2 ,2 | 0
0 ,0 ,-1 ,4 ,-1 ,0 ,0 ,4 | 0
1 ,-3 ,1 ,1 ,0 ,-2 ,1 ,1 | 0
3 ,-3 ,-2 ,3 ,-2 ,0 ,-1 ,0 | 0
-4 ,4 ,-1 ,1 ,4 ,2 ,3 ,-1 | 0

R6 --> R6 + 0.333*R1

-3 ,0 ,-2 ,1 ,1 ,-4 ,-4 ,-3 | 0
0 ,2 ,1 ,3 ,2 ,4 ,0 ,2 | 0
0 ,3 ,3.667 ,-1.333 ,-5.333 ,2.333 ,6.333 ,0 | 0
0 ,1 ,0 ,0 ,-3 ,0 ,2 ,2 | 0
0 ,0 ,-1 ,4 ,-1 ,0 ,0 ,4 | 0
0 ,-3 ,0.333 ,1.333 ,0.333 ,-3.333 ,-0.333 ,0 | 0
3 ,-3 ,-2 ,3 ,-2 ,0 ,-1 ,0 | 0
-4 ,4 ,-1 ,1 ,4 ,2 ,3 ,-1 | 0

R7 --> R7 + R1

-3 ,0 ,-2 ,1 ,1 ,-4 ,-4 ,-3 | 0
0 ,2 ,1 ,3 ,2 ,4 ,0 ,2 | 0
0 ,3 ,3.667 ,-1.333 ,-5.333 ,2.333 ,6.333 ,0 | 0
0 ,1 ,0 ,0 ,-3 ,0 ,2 ,2 | 0
0 ,0 ,-1 ,4 ,-1 ,0 ,0 ,4 | 0
0 ,-3 ,0.333 ,1.333 ,0.333 ,-3.333 ,-0.333 ,0 | 0
0 ,-3 ,-4 ,4 ,-1 ,-4 ,-5 ,-3 | 0
-4 ,4 ,-1 ,1 ,4 ,2 ,3 ,-1 | 0

R8 --> R8 - 1.333*R1

-3 ,0 ,-2 ,1 ,1 ,-4 ,-4 ,-3 | 0
0 ,2 ,1 ,3 ,2 ,4 ,0 ,2 | 0
0 ,3 ,3.667 ,-1.333 ,-5.333 ,2.333 ,6.333 ,0 | 0
0 ,1 ,0 ,0 ,-3 ,0 ,2 ,2 | 0
0 ,0 ,-1 ,4 ,-1 ,0 ,0 ,4 | 0
0 ,-3 ,0.333 ,1.333 ,0.333 ,-3.333 ,-0.333 ,0 | 0
0 ,-3 ,-4 ,4 ,-1 ,-4 ,-5 ,-3 | 0
0 ,4 ,1.667 ,-0.333 ,2.667 ,7.333 ,8.333 ,3 | 0

R3 --> R3 - 1.5*R2

-3 ,0 ,-2 ,1 ,1 ,-4 ,-4 ,-3 | 0
0 ,2 ,1 ,3 ,2 ,4 ,0 ,2 | 0
0 ,0 ,2.167 ,-5.833 ,-8.333 ,-3.667 ,6.333 ,-3 | 0
0 ,1 ,0 ,0 ,-3 ,0 ,2 ,2 | 0
0 ,0 ,-1 ,4 ,-1 ,0 ,0 ,4 | 0
0 ,-3 ,0.333 ,1.333 ,0.333 ,-3.333 ,-0.333 ,0 | 0
0 ,-3 ,-4 ,4 ,-1 ,-4 ,-5 ,-3 | 0
0 ,4 ,1.667 ,-0.333 ,2.667 ,7.333 ,8.333 ,3 | 0

R4 --> R4 - 0.5*R2

-3 ,0 ,-2 ,1 ,1 ,-4 ,-4 ,-3 | 0
0 ,2 ,1 ,3 ,2 ,4 ,0 ,2 | 0
0 ,0 ,2.167 ,-5.833 ,-8.333 ,-3.667 ,6.333 ,-3 | 0
0 ,0 ,-0.5 ,-1.5 ,-4 ,-2 ,2 ,1 | 0
0 ,0 ,-1 ,4 ,-1 ,0 ,0 ,4 | 0
0 ,-3 ,0.333 ,1.333 ,0.333 ,-3.333 ,-0.333 ,0 | 0
0 ,-3 ,-4 ,4 ,-1 ,-4 ,-5 ,-3 | 0
0 ,4 ,1.667 ,-0.333 ,2.667 ,7.333 ,8.333 ,3 | 0

R6 --> R6 + 1.5*R2

-3 ,0 ,-2 ,1 ,1 ,-4 ,-4 ,-3 | 0
0 ,2 ,1 ,3 ,2 ,4 ,0 ,2 | 0
0 ,0 ,2.167 ,-5.833 ,-8.333 ,-3.667 ,6.333 ,-3 | 0
0 ,0 ,-0.5 ,-1.5 ,-4 ,-2 ,2 ,1 | 0
0 ,0 ,-1 ,4 ,-1 ,0 ,0 ,4 | 0
0 ,0 ,1.833 ,5.833 ,3.333 ,2.667 ,-0.333 ,3 | 0
0 ,-3 ,-4 ,4 ,-1 ,-4 ,-5 ,-3 | 0
0 ,4 ,1.667 ,-0.333 ,2.667 ,7.333 ,8.333 ,3 | 0

R7 --> R7 + 1.5*R2

-3 ,0 ,-2 ,1 ,1 ,-4 ,-4 ,-3 | 0
0 ,2 ,1 ,3 ,2 ,4 ,0 ,2 | 0
0 ,0 ,2.167 ,-5.833 ,-8.333 ,-3.667 ,6.333 ,-3 | 0
0 ,0 ,-0.5 ,-1.5 ,-4 ,-2 ,2 ,1 | 0
0 ,0 ,-1 ,4 ,-1 ,0 ,0 ,4 | 0
0 ,0 ,1.833 ,5.833 ,3.333 ,2.667 ,-0.333 ,3 | 0
0 ,0 ,-2.5 ,8.5 ,2 ,2 ,-5 ,0 | 0
0 ,4 ,1.667 ,-0.333 ,2.667 ,7.333 ,8.333 ,3 | 0

R8 --> R8 - 2*R2

-3 ,0 ,-2 ,1 ,1 ,-4 ,-4 ,-3 | 0
0 ,2 ,1 ,3 ,2 ,4 ,0 ,2 | 0
0 ,0 ,2.167 ,-5.833 ,-8.333 ,-3.667 ,6.333 ,-3 | 0
0 ,0 ,-0.5 ,-1.5 ,-4 ,-2 ,2 ,1 | 0
0 ,0 ,-1 ,4 ,-1 ,0 ,0 ,4 | 0
0 ,0 ,1.833 ,5.833 ,3.333 ,2.667 ,-0.333 ,3 | 0
0 ,0 ,-2.5 ,8.5 ,2 ,2 ,-5 ,0 | 0
0 ,0 ,-0.333 ,-6.333 ,-1.333 ,-0.667 ,8.333 ,-1 | 0

R1 --> R1 + 0.923*R3

-3 ,0 ,0 ,-4.385 ,-6.692 ,-7.385 ,1.846 ,-5.769 | 0
0 ,2 ,1 ,3 ,2 ,4 ,0 ,2 | 0
0 ,0 ,2.167 ,-5.833 ,-8.333 ,-3.667 ,6.333 ,-3 | 0
0 ,0 ,-0.5 ,-1.5 ,-4 ,-2 ,2 ,1 | 0
0 ,0 ,-1 ,4 ,-1 ,0 ,0 ,4 | 0
0 ,0 ,1.833 ,5.833 ,3.333 ,2.667 ,-0.333 ,3 | 0
0 ,0 ,-2.5 ,8.5 ,2 ,2 ,-5 ,0 | 0
0 ,0 ,-0.333 ,-6.333 ,-1.333 ,-0.667 ,8.333 ,-1 | 0

R2 --> R2 - 0.462*R3

-3 ,0 ,0 ,-4.385 ,-6.692 ,-7.385 ,1.846 ,-5.769 | 0
0 ,2 ,0 ,5.692 ,5.846 ,5.692 ,-2.923 ,3.385 | 0
0 ,0 ,2.167 ,-5.833 ,-8.333 ,-3.667 ,6.333 ,-3 | 0
0 ,0 ,-0.5 ,-1.5 ,-4 ,-2 ,2 ,1 | 0
0 ,0 ,-1 ,4 ,-1 ,0 ,0 ,4 | 0
0 ,0 ,1.833 ,5.833 ,3.333 ,2.667 ,-0.333 ,3 | 0
0 ,0 ,-2.5 ,8.5 ,2 ,2 ,-5 ,0 | 0
0 ,0 ,-0.333 ,-6.333 ,-1.333 ,-0.667 ,8.333 ,-1 | 0

R4 --> R4 + 0.231*R3

-3 ,0 ,0 ,-4.385 ,-6.692 ,-7.385 ,1.846 ,-5.769 | 0
0 ,2 ,0 ,5.692 ,5.846 ,5.692 ,-2.923 ,3.385 | 0
0 ,0 ,2.167 ,-5.833 ,-8.333 ,-3.667 ,6.333 ,-3 | 0
0 ,0 ,0 ,-2.846 ,-5.923 ,-2.846 ,3.462 ,0.308 | 0
0 ,0 ,-1 ,4 ,-1 ,0 ,0 ,4 | 0
0 ,0 ,1.833 ,5.833 ,3.333 ,2.667 ,-0.333 ,3 | 0
0 ,0 ,-2.5 ,8.5 ,2 ,2 ,-5 ,0 | 0
0 ,0 ,-0.333 ,-6.333 ,-1.333 ,-0.667 ,8.333 ,-1 | 0

R5 --> R5 + 0.462*R3

-3 ,0 ,0 ,-4.385 ,-6.692 ,-7.385 ,1.846 ,-5.769 | 0
0 ,2 ,0 ,5.692 ,5.846 ,5.692 ,-2.923 ,3.385 | 0
0 ,0 ,2.167 ,-5.833 ,-8.333 ,-3.667 ,6.333 ,-3 | 0
0 ,0 ,0 ,-2.846 ,-5.923 ,-2.846 ,3.462 ,0.308 | 0
0 ,0 ,0 ,1.308 ,-4.846 ,-1.692 ,2.923 ,2.615 | 0
0 ,0 ,1.833 ,5.833 ,3.333 ,2.667 ,-0.333 ,3 | 0
0 ,0 ,-2.5 ,8.5 ,2 ,2 ,-5 ,0 | 0
0 ,0 ,-0.333 ,-6.333 ,-1.333 ,-0.667 ,8.333 ,-1 | 0

R6 --> R6 - 0.846*R3

-3 ,0 ,0 ,-4.385 ,-6.692 ,-7.385 ,1.846 ,-5.769 | 0
0 ,2 ,0 ,5.692 ,5.846 ,5.692 ,-2.923 ,3.385 | 0
0 ,0 ,2.167 ,-5.833 ,-8.333 ,-3.667 ,6.333 ,-3 | 0
0 ,0 ,0 ,-2.846 ,-5.923 ,-2.846 ,3.462 ,0.308 | 0
0 ,0 ,0 ,1.308 ,-4.846 ,-1.692 ,2.923 ,2.615 | 0
0 ,0 ,0 ,10.769 ,10.385 ,5.769 ,-5.692 ,5.538 | 0
0 ,0 ,-2.5 ,8.5 ,2 ,2 ,-5 ,0 | 0
0 ,0 ,-0.333 ,-6.333 ,-1.333 ,-0.667 ,8.333 ,-1 | 0

R7 --> R7 + 1.154*R3

-3 ,0 ,0 ,-4.385 ,-6.692 ,-7.385 ,1.846 ,-5.769 | 0
0 ,2 ,0 ,5.692 ,5.846 ,5.692 ,-2.923 ,3.385 | 0
0 ,0 ,2.167 ,-5.833 ,-8.333 ,-3.667 ,6.333 ,-3 | 0
0 ,0 ,0 ,-2.846 ,-5.923 ,-2.846 ,3.462 ,0.308 | 0
0 ,0 ,0 ,1.308 ,-4.846 ,-1.692 ,2.923 ,2.615 | 0
0 ,0 ,0 ,10.769 ,10.385 ,5.769 ,-5.692 ,5.538 | 0
0 ,0 ,0 ,1.769 ,-7.615 ,-2.231 ,2.308 ,-3.462 | 0
0 ,0 ,-0.333 ,-6.333 ,-1.333 ,-0.667 ,8.333 ,-1 | 0

R8 --> R8 + 0.154*R3

-3 ,0 ,0 ,-4.385 ,-6.692 ,-7.385 ,1.846 ,-5.769 | 0
0 ,2 ,0 ,5.692 ,5.846 ,5.692 ,-2.923 ,3.385 | 0
0 ,0 ,2.167 ,-5.833 ,-8.333 ,-3.667 ,6.333 ,-3 | 0
0 ,0 ,0 ,-2.846 ,-5.923 ,-2.846 ,3.462 ,0.308 | 0
0 ,0 ,0 ,1.308 ,-4.846 ,-1.692 ,2.923 ,2.615 | 0
0 ,0 ,0 ,10.769 ,10.385 ,5.769 ,-5.692 ,5.538 | 0
0 ,0 ,0 ,1.769 ,-7.615 ,-2.231 ,2.308 ,-3.462 | 0
0 ,0 ,0 ,-7.231 ,-2.615 ,-1.231 ,9.308 ,-1.462 | 0

R1 --> R1 - 1.541*R4

-3 ,0 ,0 ,0 ,2.432 ,-3 ,-3.486 ,-6.243 | 0
0 ,2 ,0 ,5.692 ,5.846 ,5.692 ,-2.923 ,3.385 | 0
0 ,0 ,2.167 ,-5.833 ,-8.333 ,-3.667 ,6.333 ,-3 | 0
0 ,0 ,0 ,-2.846 ,-5.923 ,-2.846 ,3.462 ,0.308 | 0
0 ,0 ,0 ,1.308 ,-4.846 ,-1.692 ,2.923 ,2.615 | 0
0 ,0 ,0 ,10.769 ,10.385 ,5.769 ,-5.692 ,5.538 | 0
0 ,0 ,0 ,1.769 ,-7.615 ,-2.231 ,2.308 ,-3.462 | 0
0 ,0 ,0 ,-7.231 ,-2.615 ,-1.231 ,9.308 ,-1.462 | 0

R2 --> R2 + 2*R4

-3 ,0 ,0 ,0 ,2.432 ,-3 ,-3.486 ,-6.243 | 0
0 ,2 ,0 ,0 ,-6 ,0 ,4 ,4 | 0
0 ,0 ,2.167 ,-5.833 ,-8.333 ,-3.667 ,6.333 ,-3 | 0
0 ,0 ,0 ,-2.846 ,-5.923 ,-2.846 ,3.462 ,0.308 | 0
0 ,0 ,0 ,1.308 ,-4.846 ,-1.692 ,2.923 ,2.615 | 0
0 ,0 ,0 ,10.769 ,10.385 ,5.769 ,-5.692 ,5.538 | 0
0 ,0 ,0 ,1.769 ,-7.615 ,-2.231 ,2.308 ,-3.462 | 0
0 ,0 ,0 ,-7.231 ,-2.615 ,-1.231 ,9.308 ,-1.462 | 0

R3 --> R3 - 2.05*R4

-3 ,0 ,0 ,0 ,2.432 ,-3 ,-3.486 ,-6.243 | 0
0 ,2 ,0 ,0 ,-6 ,0 ,4 ,4 | 0
0 ,0 ,2.167 ,0 ,3.806 ,2.167 ,-0.761 ,-3.631 | 0
0 ,0 ,0 ,-2.846 ,-5.923 ,-2.846 ,3.462 ,0.308 | 0
0 ,0 ,0 ,1.308 ,-4.846 ,-1.692 ,2.923 ,2.615 | 0
0 ,0 ,0 ,10.769 ,10.385 ,5.769 ,-5.692 ,5.538 | 0
0 ,0 ,0 ,1.769 ,-7.615 ,-2.231 ,2.308 ,-3.462 | 0
0 ,0 ,0 ,-7.231 ,-2.615 ,-1.231 ,9.308 ,-1.462 | 0

R5 --> R5 + 0.459*R4

-3 ,0 ,0 ,0 ,2.432 ,-3 ,-3.486 ,-6.243 | 0
0 ,2 ,0 ,0 ,-6 ,0 ,4 ,4 | 0
0 ,0 ,2.167 ,0 ,3.806 ,2.167 ,-0.761 ,-3.631 | 0
0 ,0 ,0 ,-2.846 ,-5.923 ,-2.846 ,3.462 ,0.308 | 0
0 ,0 ,0 ,0 ,-7.568 ,-3 ,4.514 ,2.757 | 0
0 ,0 ,0 ,10.769 ,10.385 ,5.769 ,-5.692 ,5.538 | 0
0 ,0 ,0 ,1.769 ,-7.615 ,-2.231 ,2.308 ,-3.462 | 0
0 ,0 ,0 ,-7.231 ,-2.615 ,-1.231 ,9.308 ,-1.462 | 0

R6 --> R6 + 3.784*R4

-3 ,0 ,0 ,0 ,2.432 ,-3 ,-3.486 ,-6.243 | 0
0 ,2 ,0 ,0 ,-6 ,0 ,4 ,4 | 0
0 ,0 ,2.167 ,0 ,3.806 ,2.167 ,-0.761 ,-3.631 | 0
0 ,0 ,0 ,-2.846 ,-5.923 ,-2.846 ,3.462 ,0.308 | 0
0 ,0 ,0 ,0 ,-7.568 ,-3 ,4.514 ,2.757 | 0
0 ,0 ,0 ,0 ,-12.027 ,-5 ,7.405 ,6.703 | 0
0 ,0 ,0 ,1.769 ,-7.615 ,-2.231 ,2.308 ,-3.462 | 0
0 ,0 ,0 ,-7.231 ,-2.615 ,-1.231 ,9.308 ,-1.462 | 0

R7 --> R7 + 0.622*R4

-3 ,0 ,0 ,0 ,2.432 ,-3 ,-3.486 ,-6.243 | 0
0 ,2 ,0 ,0 ,-6 ,0 ,4 ,4 | 0
0 ,0 ,2.167 ,0 ,3.806 ,2.167 ,-0.761 ,-3.631 | 0
0 ,0 ,0 ,-2.846 ,-5.923 ,-2.846 ,3.462 ,0.308 | 0
0 ,0 ,0 ,0 ,-7.568 ,-3 ,4.514 ,2.757 | 0
0 ,0 ,0 ,0 ,-12.027 ,-5 ,7.405 ,6.703 | 0
0 ,0 ,0 ,0 ,-11.297 ,-4 ,4.459 ,-3.27 | 0
0 ,0 ,0 ,-7.231 ,-2.615 ,-1.231 ,9.308 ,-1.462 | 0

R8 --> R8 - 2.541*R4

-3 ,0 ,0 ,0 ,2.432 ,-3 ,-3.486 ,-6.243 | 0
0 ,2 ,0 ,0 ,-6 ,0 ,4 ,4 | 0
0 ,0 ,2.167 ,0 ,3.806 ,2.167 ,-0.761 ,-3.631 | 0
0 ,0 ,0 ,-2.846 ,-5.923 ,-2.846 ,3.462 ,0.308 | 0
0 ,0 ,0 ,0 ,-7.568 ,-3 ,4.514 ,2.757 | 0
0 ,0 ,0 ,0 ,-12.027 ,-5 ,7.405 ,6.703 | 0
0 ,0 ,0 ,0 ,-11.297 ,-4 ,4.459 ,-3.27 | 0
0 ,0 ,0 ,0 ,12.432 ,6 ,0.514 ,-2.243 | 0

R1 --> R1 + 0.321*R5

-3 ,0 ,0 ,0 ,0 ,-3.964 ,-2.036 ,-5.357 | 0
0 ,2 ,0 ,0 ,-6 ,0 ,4 ,4 | 0
0 ,0 ,2.167 ,0 ,3.806 ,2.167 ,-0.761 ,-3.631 | 0
0 ,0 ,0 ,-2.846 ,-5.923 ,-2.846 ,3.462 ,0.308 | 0
0 ,0 ,0 ,0 ,-7.568 ,-3 ,4.514 ,2.757 | 0
0 ,0 ,0 ,0 ,-12.027 ,-5 ,7.405 ,6.703 | 0
0 ,0 ,0 ,0 ,-11.297 ,-4 ,4.459 ,-3.27 | 0
0 ,0 ,0 ,0 ,12.432 ,6 ,0.514 ,-2.243 | 0

R2 --> R2 - 0.793*R5

-3 ,0 ,0 ,0 ,0 ,-3.964 ,-2.036 ,-5.357 | 0
0 ,2 ,0 ,0 ,0 ,2.379 ,0.421 ,1.814 | 0
0 ,0 ,2.167 ,0 ,3.806 ,2.167 ,-0.761 ,-3.631 | 0
0 ,0 ,0 ,-2.846 ,-5.923 ,-2.846 ,3.462 ,0.308 | 0
0 ,0 ,0 ,0 ,-7.568 ,-3 ,4.514 ,2.757 | 0
0 ,0 ,0 ,0 ,-12.027 ,-5 ,7.405 ,6.703 | 0
0 ,0 ,0 ,0 ,-11.297 ,-4 ,4.459 ,-3.27 | 0
0 ,0 ,0 ,0 ,12.432 ,6 ,0.514 ,-2.243 | 0

R3 --> R3 + 0.503*R5

-3 ,0 ,0 ,0 ,0 ,-3.964 ,-2.036 ,-5.357 | 0
0 ,2 ,0 ,0 ,0 ,2.379 ,0.421 ,1.814 | 0
0 ,0 ,2.167 ,0 ,0 ,0.658 ,1.509 ,-2.244 | 0
0 ,0 ,0 ,-2.846 ,-5.923 ,-2.846 ,3.462 ,0.308 | 0
0 ,0 ,0 ,0 ,-7.568 ,-3 ,4.514 ,2.757 | 0
0 ,0 ,0 ,0 ,-12.027 ,-5 ,7.405 ,6.703 | 0
0 ,0 ,0 ,0 ,-11.297 ,-4 ,4.459 ,-3.27 | 0
0 ,0 ,0 ,0 ,12.432 ,6 ,0.514 ,-2.243 | 0

R4 --> R4 - 0.783*R5

-3 ,0 ,0 ,0 ,0 ,-3.964 ,-2.036 ,-5.357 | 0
0 ,2 ,0 ,0 ,0 ,2.379 ,0.421 ,1.814 | 0
0 ,0 ,2.167 ,0 ,0 ,0.658 ,1.509 ,-2.244 | 0
0 ,0 ,0 ,-2.846 ,0 ,-0.498 ,-0.071 ,-1.85 | 0
0 ,0 ,0 ,0 ,-7.568 ,-3 ,4.514 ,2.757 | 0
0 ,0 ,0 ,0 ,-12.027 ,-5 ,7.405 ,6.703 | 0
0 ,0 ,0 ,0 ,-11.297 ,-4 ,4.459 ,-3.27 | 0
0 ,0 ,0 ,0 ,12.432 ,6 ,0.514 ,-2.243 | 0

R6 --> R6 - 1.589*R5

-3 ,0 ,0 ,0 ,0 ,-3.964 ,-2.036 ,-5.357 | 0
0 ,2 ,0 ,0 ,0 ,2.379 ,0.421 ,1.814 | 0
0 ,0 ,2.167 ,0 ,0 ,0.658 ,1.509 ,-2.244 | 0
0 ,0 ,0 ,-2.846 ,0 ,-0.498 ,-0.071 ,-1.85 | 0
0 ,0 ,0 ,0 ,-7.568 ,-3 ,4.514 ,2.757 | 0
0 ,0 ,0 ,0 ,0 ,-0.232 ,0.232 ,2.321 | 0
0 ,0 ,0 ,0 ,-11.297 ,-4 ,4.459 ,-3.27 | 0
0 ,0 ,0 ,0 ,12.432 ,6 ,0.514 ,-2.243 | 0

R7 --> R7 - 1.493*R5

-3 ,0 ,0 ,0 ,0 ,-3.964 ,-2.036 ,-5.357 | 0
0 ,2 ,0 ,0 ,0 ,2.379 ,0.421 ,1.814 | 0
0 ,0 ,2.167 ,0 ,0 ,0.658 ,1.509 ,-2.244 | 0
0 ,0 ,0 ,-2.846 ,0 ,-0.498 ,-0.071 ,-1.85 | 0
0 ,0 ,0 ,0 ,-7.568 ,-3 ,4.514 ,2.757 | 0
0 ,0 ,0 ,0 ,0 ,-0.232 ,0.232 ,2.321 | 0
0 ,0 ,0 ,0 ,0 ,0.479 ,-2.279 ,-7.386 | 0
0 ,0 ,0 ,0 ,12.432 ,6 ,0.514 ,-2.243 | 0

R8 --> R8 + 1.643*R5

-3 ,0 ,0 ,0 ,0 ,-3.964 ,-2.036 ,-5.357 | 0
0 ,2 ,0 ,0 ,0 ,2.379 ,0.421 ,1.814 | 0
0 ,0 ,2.167 ,0 ,0 ,0.658 ,1.509 ,-2.244 | 0
0 ,0 ,0 ,-2.846 ,0 ,-0.498 ,-0.071 ,-1.85 | 0
0 ,0 ,0 ,0 ,-7.568 ,-3 ,4.514 ,2.757 | 0
0 ,0 ,0 ,0 ,0 ,-0.232 ,0.232 ,2.321 | 0
0 ,0 ,0 ,0 ,0 ,0.479 ,-2.279 ,-7.386 | 0
0 ,0 ,0 ,0 ,0 ,1.071 ,7.929 ,2.286 | 0

R1 --> R1 - 17.077*R6

-3 ,0 ,0 ,0 ,0 ,0 ,-6 ,-45 | 0
0 ,2 ,0 ,0 ,0 ,2.379 ,0.421 ,1.814 | 0
0 ,0 ,2.167 ,0 ,0 ,0.658 ,1.509 ,-2.244 | 0
0 ,0 ,0 ,-2.846 ,0 ,-0.498 ,-0.071 ,-1.85 | 0
0 ,0 ,0 ,0 ,-7.568 ,-3 ,4.514 ,2.757 | 0
0 ,0 ,0 ,0 ,0 ,-0.232 ,0.232 ,2.321 | 0
0 ,0 ,0 ,0 ,0 ,0.479 ,-2.279 ,-7.386 | 0
0 ,0 ,0 ,0 ,0 ,1.071 ,7.929 ,2.286 | 0

R2 --> R2 + 10.246*R6

-3 ,0 ,0 ,0 ,0 ,0 ,-6 ,-45 | 0
0 ,2 ,0 ,0 ,0 ,0 ,2.8 ,25.6 | 0
0 ,0 ,2.167 ,0 ,0 ,0.658 ,1.509 ,-2.244 | 0
0 ,0 ,0 ,-2.846 ,0 ,-0.498 ,-0.071 ,-1.85 | 0
0 ,0 ,0 ,0 ,-7.568 ,-3 ,4.514 ,2.757 | 0
0 ,0 ,0 ,0 ,0 ,-0.232 ,0.232 ,2.321 | 0
0 ,0 ,0 ,0 ,0 ,0.479 ,-2.279 ,-7.386 | 0
0 ,0 ,0 ,0 ,0 ,1.071 ,7.929 ,2.286 | 0

R3 --> R3 + 2.833*R6

-3 ,0 ,0 ,0 ,0 ,0 ,-6 ,-45 | 0
0 ,2 ,0 ,0 ,0 ,0 ,2.8 ,25.6 | 0
0 ,0 ,2.167 ,0 ,0 ,0 ,2.167 ,4.333 | 0
0 ,0 ,0 ,-2.846 ,0 ,-0.498 ,-0.071 ,-1.85 | 0
0 ,0 ,0 ,0 ,-7.568 ,-3 ,4.514 ,2.757 | 0
0 ,0 ,0 ,0 ,0 ,-0.232 ,0.232 ,2.321 | 0
0 ,0 ,0 ,0 ,0 ,0.479 ,-2.279 ,-7.386 | 0
0 ,0 ,0 ,0 ,0 ,1.071 ,7.929 ,2.286 | 0

R4 --> R4 - 2.146*R6

-3 ,0 ,0 ,0 ,0 ,0 ,-6 ,-45 | 0
0 ,2 ,0 ,0 ,0 ,0 ,2.8 ,25.6 | 0
0 ,0 ,2.167 ,0 ,0 ,0 ,2.167 ,4.333 | 0
0 ,0 ,0 ,-2.846 ,0 ,0 ,-0.569 ,-6.831 | 0
0 ,0 ,0 ,0 ,-7.568 ,-3 ,4.514 ,2.757 | 0
0 ,0 ,0 ,0 ,0 ,-0.232 ,0.232 ,2.321 | 0
0 ,0 ,0 ,0 ,0 ,0.479 ,-2.279 ,-7.386 | 0
0 ,0 ,0 ,0 ,0 ,1.071 ,7.929 ,2.286 | 0

R5 --> R5 - 12.923*R6

-3 ,0 ,0 ,0 ,0 ,0 ,-6 ,-45 | 0
0 ,2 ,0 ,0 ,0 ,0 ,2.8 ,25.6 | 0
0 ,0 ,2.167 ,0 ,0 ,0 ,2.167 ,4.333 | 0
0 ,0 ,0 ,-2.846 ,0 ,0 ,-0.569 ,-6.831 | 0
0 ,0 ,0 ,0 ,-7.568 ,0 ,1.514 ,-27.243 | 0
0 ,0 ,0 ,0 ,0 ,-0.232 ,0.232 ,2.321 | 0
0 ,0 ,0 ,0 ,0 ,0.479 ,-2.279 ,-7.386 | 0
0 ,0 ,0 ,0 ,0 ,1.071 ,7.929 ,2.286 | 0

R7 --> R7 + 2.062*R6

-3 ,0 ,0 ,0 ,0 ,0 ,-6 ,-45 | 0
0 ,2 ,0 ,0 ,0 ,0 ,2.8 ,25.6 | 0
0 ,0 ,2.167 ,0 ,0 ,0 ,2.167 ,4.333 | 0
0 ,0 ,0 ,-2.846 ,0 ,0 ,-0.569 ,-6.831 | 0
0 ,0 ,0 ,0 ,-7.568 ,0 ,1.514 ,-27.243 | 0
0 ,0 ,0 ,0 ,0 ,-0.232 ,0.232 ,2.321 | 0
0 ,0 ,0 ,0 ,0 ,0 ,-1.8 ,-2.6 | 0
0 ,0 ,0 ,0 ,0 ,1.071 ,7.929 ,2.286 | 0

R8 --> R8 + 4.615*R6

-3 ,0 ,0 ,0 ,0 ,0 ,-6 ,-45 | 0
0 ,2 ,0 ,0 ,0 ,0 ,2.8 ,25.6 | 0
0 ,0 ,2.167 ,0 ,0 ,0 ,2.167 ,4.333 | 0
0 ,0 ,0 ,-2.846 ,0 ,0 ,-0.569 ,-6.831 | 0
0 ,0 ,0 ,0 ,-7.568 ,0 ,1.514 ,-27.243 | 0
0 ,0 ,0 ,0 ,0 ,-0.232 ,0.232 ,2.321 | 0
0 ,0 ,0 ,0 ,0 ,0 ,-1.8 ,-2.6 | 0
0 ,0 ,0 ,0 ,0 ,0 ,9 ,13 | 0

R1 --> R1 - 3.333*R7

-3 ,0 ,0 ,0 ,0 ,0 ,0 ,-36.333 | 0
0 ,2 ,0 ,0 ,0 ,0 ,2.8 ,25.6 | 0
0 ,0 ,2.167 ,0 ,0 ,0 ,2.167 ,4.333 | 0
0 ,0 ,0 ,-2.846 ,0 ,0 ,-0.569 ,-6.831 | 0
0 ,0 ,0 ,0 ,-7.568 ,0 ,1.514 ,-27.243 | 0
0 ,0 ,0 ,0 ,0 ,-0.232 ,0.232 ,2.321 | 0
0 ,0 ,0 ,0 ,0 ,0 ,-1.8 ,-2.6 | 0
0 ,0 ,0 ,0 ,0 ,0 ,9 ,13 | 0

R2 --> R2 + 1.556*R7

-3 ,0 ,0 ,0 ,0 ,0 ,0 ,-36.333 | 0
0 ,2 ,0 ,0 ,0 ,0 ,0 ,21.556 | 0
0 ,0 ,2.167 ,0 ,0 ,0 ,2.167 ,4.333 | 0
0 ,0 ,0 ,-2.846 ,0 ,0 ,-0.569 ,-6.831 | 0
0 ,0 ,0 ,0 ,-7.568 ,0 ,1.514 ,-27.243 | 0
0 ,0 ,0 ,0 ,0 ,-0.232 ,0.232 ,2.321 | 0
0 ,0 ,0 ,0 ,0 ,0 ,-1.8 ,-2.6 | 0
0 ,0 ,0 ,0 ,0 ,0 ,9 ,13 | 0

R3 --> R3 + 1.204*R7

-3 ,0 ,0 ,0 ,0 ,0 ,0 ,-36.333 | 0
0 ,2 ,0 ,0 ,0 ,0 ,0 ,21.556 | 0
0 ,0 ,2.167 ,0 ,0 ,0 ,0 ,1.204 | 0
0 ,0 ,0 ,-2.846 ,0 ,0 ,-0.569 ,-6.831 | 0
0 ,0 ,0 ,0 ,-7.568 ,0 ,1.514 ,-27.243 | 0
0 ,0 ,0 ,0 ,0 ,-0.232 ,0.232 ,2.321 | 0
0 ,0 ,0 ,0 ,0 ,0 ,-1.8 ,-2.6 | 0
0 ,0 ,0 ,0 ,0 ,0 ,9 ,13 | 0

R4 --> R4 - 0.316*R7

-3 ,0 ,0 ,0 ,0 ,0 ,0 ,-36.333 | 0
0 ,2 ,0 ,0 ,0 ,0 ,0 ,21.556 | 0
0 ,0 ,2.167 ,0 ,0 ,0 ,0 ,1.204 | 0
0 ,0 ,0 ,-2.846 ,0 ,0 ,0 ,-6.009 | 0
0 ,0 ,0 ,0 ,-7.568 ,0 ,1.514 ,-27.243 | 0
0 ,0 ,0 ,0 ,0 ,-0.232 ,0.232 ,2.321 | 0
0 ,0 ,0 ,0 ,0 ,0 ,-1.8 ,-2.6 | 0
0 ,0 ,0 ,0 ,0 ,0 ,9 ,13 | 0

R5 --> R5 + 0.841*R7

-3 ,0 ,0 ,0 ,0 ,0 ,0 ,-36.333 | 0
0 ,2 ,0 ,0 ,0 ,0 ,0 ,21.556 | 0
0 ,0 ,2.167 ,0 ,0 ,0 ,0 ,1.204 | 0
0 ,0 ,0 ,-2.846 ,0 ,0 ,0 ,-6.009 | 0
0 ,0 ,0 ,0 ,-7.568 ,0 ,0 ,-29.429 | 0
0 ,0 ,0 ,0 ,0 ,-0.232 ,0.232 ,2.321 | 0
0 ,0 ,0 ,0 ,0 ,0 ,-1.8 ,-2.6 | 0
0 ,0 ,0 ,0 ,0 ,0 ,9 ,13 | 0

R6 --> R6 + 0.129*R7

-3 ,0 ,0 ,0 ,0 ,0 ,0 ,-36.333 | 0
0 ,2 ,0 ,0 ,0 ,0 ,0 ,21.556 | 0
0 ,0 ,2.167 ,0 ,0 ,0 ,0 ,1.204 | 0
0 ,0 ,0 ,-2.846 ,0 ,0 ,0 ,-6.009 | 0
0 ,0 ,0 ,0 ,-7.568 ,0 ,0 ,-29.429 | 0
0 ,0 ,0 ,0 ,0 ,-0.232 ,0 ,1.986 | 0
0 ,0 ,0 ,0 ,0 ,0 ,-1.8 ,-2.6 | 0
0 ,0 ,0 ,0 ,0 ,0 ,9 ,13 | 0

R8 --> R8 + 5*R7

-3 ,0 ,0 ,0 ,0 ,0 ,0 ,-36.333 | 0
0 ,2 ,0 ,0 ,0 ,0 ,0 ,21.556 | 0
0 ,0 ,2.167 ,0 ,0 ,0 ,0 ,1.204 | 0
0 ,0 ,0 ,-2.846 ,0 ,0 ,0 ,-6.009 | 0
0 ,0 ,0 ,0 ,-7.568 ,0 ,0 ,-29.429 | 0
0 ,0 ,0 ,0 ,0 ,-0.232 ,0 ,1.986 | 0
0 ,0 ,0 ,0 ,0 ,0 ,-1.8 ,-2.6 | 0
0 ,0 ,0 ,0 ,0 ,0 ,0 ,0 | 0

define a new column in the vector b when x8 is a free variable in R8 space:
-3 ,0 ,0 ,0 ,0 ,0 ,0 ,-36.333 | 0 ,0
0 ,2 ,0 ,0 ,0 ,0 ,0 ,21.556 | 0 ,0
0 ,0 ,2.167 ,0 ,0 ,0 ,0 ,1.204 | 0 ,0
0 ,0 ,0 ,-2.846 ,0 ,0 ,0 ,-6.009 | 0 ,0
0 ,0 ,0 ,0 ,-7.568 ,0 ,0 ,-29.429 | 0 ,0
0 ,0 ,0 ,0 ,0 ,-0.232 ,0 ,1.986 | 0 ,0
0 ,0 ,0 ,0 ,0 ,0 ,-1.8 ,-2.6 | 0 ,0
0 ,0 ,0 ,0 ,0 ,0 ,0 ,1 | 0 ,1

R1 --> R1 + 36.333*R8

-3 ,0 ,0 ,0 ,0 ,0 ,0 ,0 | 0 ,36.333
0 ,2 ,0 ,0 ,0 ,0 ,0 ,21.556 | 0 ,0
0 ,0 ,2.167 ,0 ,0 ,0 ,0 ,1.204 | 0 ,0
0 ,0 ,0 ,-2.846 ,0 ,0 ,0 ,-6.009 | 0 ,0
0 ,0 ,0 ,0 ,-7.568 ,0 ,0 ,-29.429 | 0 ,0
0 ,0 ,0 ,0 ,0 ,-0.232 ,0 ,1.986 | 0 ,0
0 ,0 ,0 ,0 ,0 ,0 ,-1.8 ,-2.6 | 0 ,0
0 ,0 ,0 ,0 ,0 ,0 ,0 ,1 | 0 ,1

R1 --> -0.333*R1

1 ,0 ,0 ,0 ,0 ,0 ,0 ,0 | 0 ,-12.111
0 ,2 ,0 ,0 ,0 ,0 ,0 ,21.556 | 0 ,0
0 ,0 ,2.167 ,0 ,0 ,0 ,0 ,1.204 | 0 ,0
0 ,0 ,0 ,-2.846 ,0 ,0 ,0 ,-6.009 | 0 ,0
0 ,0 ,0 ,0 ,-7.568 ,0 ,0 ,-29.429 | 0 ,0
0 ,0 ,0 ,0 ,0 ,-0.232 ,0 ,1.986 | 0 ,0
0 ,0 ,0 ,0 ,0 ,0 ,-1.8 ,-2.6 | 0 ,0
0 ,0 ,0 ,0 ,0 ,0 ,0 ,1 | 0 ,1

R2 --> R2 - 21.556*R8

1 ,0 ,0 ,0 ,0 ,0 ,0 ,0 | 0 ,-12.111
0 ,2 ,0 ,0 ,0 ,0 ,0 ,0 | 0 ,-21.556
0 ,0 ,2.167 ,0 ,0 ,0 ,0 ,1.204 | 0 ,0
0 ,0 ,0 ,-2.846 ,0 ,0 ,0 ,-6.009 | 0 ,0
0 ,0 ,0 ,0 ,-7.568 ,0 ,0 ,-29.429 | 0 ,0
0 ,0 ,0 ,0 ,0 ,-0.232 ,0 ,1.986 | 0 ,0
0 ,0 ,0 ,0 ,0 ,0 ,-1.8 ,-2.6 | 0 ,0
0 ,0 ,0 ,0 ,0 ,0 ,0 ,1 | 0 ,1

R2 --> 0.5*R2

1 ,0 ,0 ,0 ,0 ,0 ,0 ,0 | 0 ,-12.111
0 ,1 ,0 ,0 ,0 ,0 ,0 ,0 | 0 ,-10.778
0 ,0 ,2.167 ,0 ,0 ,0 ,0 ,1.204 | 0 ,0
0 ,0 ,0 ,-2.846 ,0 ,0 ,0 ,-6.009 | 0 ,0
0 ,0 ,0 ,0 ,-7.568 ,0 ,0 ,-29.429 | 0 ,0
0 ,0 ,0 ,0 ,0 ,-0.232 ,0 ,1.986 | 0 ,0
0 ,0 ,0 ,0 ,0 ,0 ,-1.8 ,-2.6 | 0 ,0
0 ,0 ,0 ,0 ,0 ,0 ,0 ,1 | 0 ,1

R3 --> R3 - 1.204*R8

1 ,0 ,0 ,0 ,0 ,0 ,0 ,0 | 0 ,-12.111
0 ,1 ,0 ,0 ,0 ,0 ,0 ,0 | 0 ,-10.778
0 ,0 ,2.167 ,0 ,0 ,0 ,0 ,0 | 0 ,-1.204
0 ,0 ,0 ,-2.846 ,0 ,0 ,0 ,-6.009 | 0 ,0
0 ,0 ,0 ,0 ,-7.568 ,0 ,0 ,-29.429 | 0 ,0
0 ,0 ,0 ,0 ,0 ,-0.232 ,0 ,1.986 | 0 ,0
0 ,0 ,0 ,0 ,0 ,0 ,-1.8 ,-2.6 | 0 ,0
0 ,0 ,0 ,0 ,0 ,0 ,0 ,1 | 0 ,1

R3 --> 0.462*R3

1 ,0 ,0 ,0 ,0 ,0 ,0 ,0 | 0 ,-12.111
0 ,1 ,0 ,0 ,0 ,0 ,0 ,0 | 0 ,-10.778
0 ,0 ,1 ,0 ,0 ,0 ,0 ,0 | 0 ,-0.556
0 ,0 ,0 ,-2.846 ,0 ,0 ,0 ,-6.009 | 0 ,0
0 ,0 ,0 ,0 ,-7.568 ,0 ,0 ,-29.429 | 0 ,0
0 ,0 ,0 ,0 ,0 ,-0.232 ,0 ,1.986 | 0 ,0
0 ,0 ,0 ,0 ,0 ,0 ,-1.8 ,-2.6 | 0 ,0
0 ,0 ,0 ,0 ,0 ,0 ,0 ,1 | 0 ,1

R4 --> R4 + 6.009*R8

1 ,0 ,0 ,0 ,0 ,0 ,0 ,0 | 0 ,-12.111
0 ,1 ,0 ,0 ,0 ,0 ,0 ,0 | 0 ,-10.778
0 ,0 ,1 ,0 ,0 ,0 ,0 ,0 | 0 ,-0.556
0 ,0 ,0 ,-2.846 ,0 ,0 ,0 ,0 | 0 ,6.009
0 ,0 ,0 ,0 ,-7.568 ,0 ,0 ,-29.429 | 0 ,0
0 ,0 ,0 ,0 ,0 ,-0.232 ,0 ,1.986 | 0 ,0
0 ,0 ,0 ,0 ,0 ,0 ,-1.8 ,-2.6 | 0 ,0
0 ,0 ,0 ,0 ,0 ,0 ,0 ,1 | 0 ,1

R4 --> -0.351*R4

1 ,0 ,0 ,0 ,0 ,0 ,0 ,0 | 0 ,-12.111
0 ,1 ,0 ,0 ,0 ,0 ,0 ,0 | 0 ,-10.778
0 ,0 ,1 ,0 ,0 ,0 ,0 ,0 | 0 ,-0.556
0 ,0 ,0 ,1 ,0 ,0 ,0 ,0 | 0 ,-2.111
0 ,0 ,0 ,0 ,-7.568 ,0 ,0 ,-29.429 | 0 ,0
0 ,0 ,0 ,0 ,0 ,-0.232 ,0 ,1.986 | 0 ,0
0 ,0 ,0 ,0 ,0 ,0 ,-1.8 ,-2.6 | 0 ,0
0 ,0 ,0 ,0 ,0 ,0 ,0 ,1 | 0 ,1

R5 --> R5 + 29.429*R8

1 ,0 ,0 ,0 ,0 ,0 ,0 ,0 | 0 ,-12.111
0 ,1 ,0 ,0 ,0 ,0 ,0 ,0 | 0 ,-10.778
0 ,0 ,1 ,0 ,0 ,0 ,0 ,0 | 0 ,-0.556
0 ,0 ,0 ,1 ,0 ,0 ,0 ,0 | 0 ,-2.111
0 ,0 ,0 ,0 ,-7.568 ,0 ,0 ,0 | 0 ,29.429
0 ,0 ,0 ,0 ,0 ,-0.232 ,0 ,1.986 | 0 ,0
0 ,0 ,0 ,0 ,0 ,0 ,-1.8 ,-2.6 | 0 ,0
0 ,0 ,0 ,0 ,0 ,0 ,0 ,1 | 0 ,1

R5 --> -0.132*R5

1 ,0 ,0 ,0 ,0 ,0 ,0 ,0 | 0 ,-12.111
0 ,1 ,0 ,0 ,0 ,0 ,0 ,0 | 0 ,-10.778
0 ,0 ,1 ,0 ,0 ,0 ,0 ,0 | 0 ,-0.556
0 ,0 ,0 ,1 ,0 ,0 ,0 ,0 | 0 ,-2.111
0 ,0 ,0 ,0 ,1 ,0 ,0 ,0 | 0 ,-3.889
0 ,0 ,0 ,0 ,0 ,-0.232 ,0 ,1.986 | 0 ,0
0 ,0 ,0 ,0 ,0 ,0 ,-1.8 ,-2.6 | 0 ,0
0 ,0 ,0 ,0 ,0 ,0 ,0 ,1 | 0 ,1

R6 --> R6 - 1.986*R8

1 ,0 ,0 ,0 ,0 ,0 ,0 ,0 | 0 ,-12.111
0 ,1 ,0 ,0 ,0 ,0 ,0 ,0 | 0 ,-10.778
0 ,0 ,1 ,0 ,0 ,0 ,0 ,0 | 0 ,-0.556
0 ,0 ,0 ,1 ,0 ,0 ,0 ,0 | 0 ,-2.111
0 ,0 ,0 ,0 ,1 ,0 ,0 ,0 | 0 ,-3.889
0 ,0 ,0 ,0 ,0 ,-0.232 ,0 ,0 | 0 ,-1.986
0 ,0 ,0 ,0 ,0 ,0 ,-1.8 ,-2.6 | 0 ,0
0 ,0 ,0 ,0 ,0 ,0 ,0 ,1 | 0 ,1

R6 --> -4.308*R6

1 ,0 ,0 ,0 ,0 ,0 ,0 ,0 | 0 ,-12.111
0 ,1 ,0 ,0 ,0 ,0 ,0 ,0 | 0 ,-10.778
0 ,0 ,1 ,0 ,0 ,0 ,0 ,0 | 0 ,-0.556
0 ,0 ,0 ,1 ,0 ,0 ,0 ,0 | 0 ,-2.111
0 ,0 ,0 ,0 ,1 ,0 ,0 ,0 | 0 ,-3.889
0 ,0 ,0 ,0 ,0 ,1 ,0 ,0 | 0 ,8.556
0 ,0 ,0 ,0 ,0 ,0 ,-1.8 ,-2.6 | 0 ,0
0 ,0 ,0 ,0 ,0 ,0 ,0 ,1 | 0 ,1

R7 --> R7 + 2.6*R8

1 ,0 ,0 ,0 ,0 ,0 ,0 ,0 | 0 ,-12.111
0 ,1 ,0 ,0 ,0 ,0 ,0 ,0 | 0 ,-10.778
0 ,0 ,1 ,0 ,0 ,0 ,0 ,0 | 0 ,-0.556
0 ,0 ,0 ,1 ,0 ,0 ,0 ,0 | 0 ,-2.111
0 ,0 ,0 ,0 ,1 ,0 ,0 ,0 | 0 ,-3.889
0 ,0 ,0 ,0 ,0 ,1 ,0 ,0 | 0 ,8.556
0 ,0 ,0 ,0 ,0 ,0 ,-1.8 ,0 | 0 ,2.6
0 ,0 ,0 ,0 ,0 ,0 ,0 ,1 | 0 ,1

R7 --> -0.556*R7

1 ,0 ,0 ,0 ,0 ,0 ,0 ,0 | 0 ,-12.111
0 ,1 ,0 ,0 ,0 ,0 ,0 ,0 | 0 ,-10.778
0 ,0 ,1 ,0 ,0 ,0 ,0 ,0 | 0 ,-0.556
0 ,0 ,0 ,1 ,0 ,0 ,0 ,0 | 0 ,-2.111
0 ,0 ,0 ,0 ,1 ,0 ,0 ,0 | 0 ,-3.889
0 ,0 ,0 ,0 ,0 ,1 ,0 ,0 | 0 ,8.556
0 ,0 ,0 ,0 ,0 ,0 ,1 ,0 | 0 ,-1.444
0 ,0 ,0 ,0 ,0 ,0 ,0 ,1 | 0 ,1

the solution is an infinite set of vectors in R8 space which are linearly dependents in the vector space:
x = λ*(-12.111 ,-10.778 ,-0.556 ,-2.111 ,-3.889 ,8.556 ,-1.444 ,1) when λ it's a free scalar that belongs to the R set
