solve the next system in R6 space (6 equations)(6 unknowns):
eq1: + 6*x1 +   x2 + 3*x3 + 3*x4 - 11*x5 +   x6  = -1
eq2: + 11*x1 - 6*x2 + 5*x3 + 11*x4        - 4*x6  = 41
eq3: - 2*x1 - 2*x2 - 4*x3 + 2*x4 - 3*x5         = -30
eq4: + 2*x1 + 12*x2 -   x3 - 7*x4 + 3*x5         = -8
eq5: + 5*x1 - 11*x2 - 11*x3 + 8*x4 - 8*x5 - 2*x6  = -27
eq6: + 3*x1 + 2*x2 + 2*x3 -   x4 -   x5 +   x6  = 18

6 ,1 ,3 ,3 ,-11 ,1 | -1
11 ,-6 ,5 ,11 ,0 ,-4 | 41
-2 ,-2 ,-4 ,2 ,-3 ,0 | -30
2 ,12 ,-1 ,-7 ,3 ,0 | -8
5 ,-11 ,-11 ,8 ,-8 ,-2 | -27
3 ,2 ,2 ,-1 ,-1 ,1 | 18

implement the solution by elementary matrices method:
transform A matrix to I by elementary matrices:
R2 --> R2 - 1.833*R1

6 ,1 ,3 ,3 ,-11 ,1 | -1
0 ,-7.833 ,-0.5 ,5.5 ,20.167 ,-5.833 | 42.833
-2 ,-2 ,-4 ,2 ,-3 ,0 | -30
2 ,12 ,-1 ,-7 ,3 ,0 | -8
5 ,-11 ,-11 ,8 ,-8 ,-2 | -27
3 ,2 ,2 ,-1 ,-1 ,1 | 18

R3 --> R3 + 0.333*R1

6 ,1 ,3 ,3 ,-11 ,1 | -1
0 ,-7.833 ,-0.5 ,5.5 ,20.167 ,-5.833 | 42.833
0 ,-1.667 ,-3 ,3 ,-6.667 ,0.333 | -30.333
2 ,12 ,-1 ,-7 ,3 ,0 | -8
5 ,-11 ,-11 ,8 ,-8 ,-2 | -27
3 ,2 ,2 ,-1 ,-1 ,1 | 18

R4 --> R4 - 0.333*R1

6 ,1 ,3 ,3 ,-11 ,1 | -1
0 ,-7.833 ,-0.5 ,5.5 ,20.167 ,-5.833 | 42.833
0 ,-1.667 ,-3 ,3 ,-6.667 ,0.333 | -30.333
0 ,11.667 ,-2 ,-8 ,6.667 ,-0.333 | -7.667
5 ,-11 ,-11 ,8 ,-8 ,-2 | -27
3 ,2 ,2 ,-1 ,-1 ,1 | 18

R5 --> R5 - 0.833*R1

6 ,1 ,3 ,3 ,-11 ,1 | -1
0 ,-7.833 ,-0.5 ,5.5 ,20.167 ,-5.833 | 42.833
0 ,-1.667 ,-3 ,3 ,-6.667 ,0.333 | -30.333
0 ,11.667 ,-2 ,-8 ,6.667 ,-0.333 | -7.667
0 ,-11.833 ,-13.5 ,5.5 ,1.167 ,-2.833 | -26.167
3 ,2 ,2 ,-1 ,-1 ,1 | 18

R6 --> R6 - 0.5*R1

6 ,1 ,3 ,3 ,-11 ,1 | -1
0 ,-7.833 ,-0.5 ,5.5 ,20.167 ,-5.833 | 42.833
0 ,-1.667 ,-3 ,3 ,-6.667 ,0.333 | -30.333
0 ,11.667 ,-2 ,-8 ,6.667 ,-0.333 | -7.667
0 ,-11.833 ,-13.5 ,5.5 ,1.167 ,-2.833 | -26.167
0 ,1.5 ,0.5 ,-2.5 ,4.5 ,0.5 | 18.5

R1 --> R1 + 0.128*R2

6 ,0 ,2.936 ,3.702 ,-8.426 ,0.255 | 4.468
0 ,-7.833 ,-0.5 ,5.5 ,20.167 ,-5.833 | 42.833
0 ,-1.667 ,-3 ,3 ,-6.667 ,0.333 | -30.333
0 ,11.667 ,-2 ,-8 ,6.667 ,-0.333 | -7.667
0 ,-11.833 ,-13.5 ,5.5 ,1.167 ,-2.833 | -26.167
0 ,1.5 ,0.5 ,-2.5 ,4.5 ,0.5 | 18.5

R3 --> R3 - 0.213*R2

6 ,0 ,2.936 ,3.702 ,-8.426 ,0.255 | 4.468
0 ,-7.833 ,-0.5 ,5.5 ,20.167 ,-5.833 | 42.833
0 ,0 ,-2.894 ,1.83 ,-10.957 ,1.574 | -39.447
0 ,11.667 ,-2 ,-8 ,6.667 ,-0.333 | -7.667
0 ,-11.833 ,-13.5 ,5.5 ,1.167 ,-2.833 | -26.167
0 ,1.5 ,0.5 ,-2.5 ,4.5 ,0.5 | 18.5

R4 --> R4 + 1.489*R2

6 ,0 ,2.936 ,3.702 ,-8.426 ,0.255 | 4.468
0 ,-7.833 ,-0.5 ,5.5 ,20.167 ,-5.833 | 42.833
0 ,0 ,-2.894 ,1.83 ,-10.957 ,1.574 | -39.447
0 ,0 ,-2.745 ,0.191 ,36.702 ,-9.021 | 56.128
0 ,-11.833 ,-13.5 ,5.5 ,1.167 ,-2.833 | -26.167
0 ,1.5 ,0.5 ,-2.5 ,4.5 ,0.5 | 18.5

R5 --> R5 - 1.511*R2

6 ,0 ,2.936 ,3.702 ,-8.426 ,0.255 | 4.468
0 ,-7.833 ,-0.5 ,5.5 ,20.167 ,-5.833 | 42.833
0 ,0 ,-2.894 ,1.83 ,-10.957 ,1.574 | -39.447
0 ,0 ,-2.745 ,0.191 ,36.702 ,-9.021 | 56.128
0 ,0 ,-12.745 ,-2.809 ,-29.298 ,5.979 | -90.872
0 ,1.5 ,0.5 ,-2.5 ,4.5 ,0.5 | 18.5

R6 --> R6 + 0.191*R2

6 ,0 ,2.936 ,3.702 ,-8.426 ,0.255 | 4.468
0 ,-7.833 ,-0.5 ,5.5 ,20.167 ,-5.833 | 42.833
0 ,0 ,-2.894 ,1.83 ,-10.957 ,1.574 | -39.447
0 ,0 ,-2.745 ,0.191 ,36.702 ,-9.021 | 56.128
0 ,0 ,-12.745 ,-2.809 ,-29.298 ,5.979 | -90.872
0 ,0 ,0.404 ,-1.447 ,8.362 ,-0.617 | 26.702

R1 --> R1 + 1.015*R3

6 ,0 ,0 ,5.559 ,-19.544 ,1.853 | -35.559
0 ,-7.833 ,-0.5 ,5.5 ,20.167 ,-5.833 | 42.833
0 ,0 ,-2.894 ,1.83 ,-10.957 ,1.574 | -39.447
0 ,0 ,-2.745 ,0.191 ,36.702 ,-9.021 | 56.128
0 ,0 ,-12.745 ,-2.809 ,-29.298 ,5.979 | -90.872
0 ,0 ,0.404 ,-1.447 ,8.362 ,-0.617 | 26.702

R2 --> R2 - 0.173*R3

6 ,0 ,0 ,5.559 ,-19.544 ,1.853 | -35.559
0 ,-7.833 ,0 ,5.184 ,22.06 ,-6.105 | 49.65
0 ,0 ,-2.894 ,1.83 ,-10.957 ,1.574 | -39.447
0 ,0 ,-2.745 ,0.191 ,36.702 ,-9.021 | 56.128
0 ,0 ,-12.745 ,-2.809 ,-29.298 ,5.979 | -90.872
0 ,0 ,0.404 ,-1.447 ,8.362 ,-0.617 | 26.702

R4 --> R4 - 0.949*R3

6 ,0 ,0 ,5.559 ,-19.544 ,1.853 | -35.559
0 ,-7.833 ,0 ,5.184 ,22.06 ,-6.105 | 49.65
0 ,0 ,-2.894 ,1.83 ,-10.957 ,1.574 | -39.447
0 ,0 ,0 ,-1.544 ,47.096 ,-10.515 | 93.544
0 ,0 ,-12.745 ,-2.809 ,-29.298 ,5.979 | -90.872
0 ,0 ,0.404 ,-1.447 ,8.362 ,-0.617 | 26.702

R5 --> R5 - 4.404*R3

6 ,0 ,0 ,5.559 ,-19.544 ,1.853 | -35.559
0 ,-7.833 ,0 ,5.184 ,22.06 ,-6.105 | 49.65
0 ,0 ,-2.894 ,1.83 ,-10.957 ,1.574 | -39.447
0 ,0 ,0 ,-1.544 ,47.096 ,-10.515 | 93.544
0 ,0 ,0 ,-10.868 ,18.963 ,-0.956 | 82.868
0 ,0 ,0.404 ,-1.447 ,8.362 ,-0.617 | 26.702

R6 --> R6 + 0.14*R3

6 ,0 ,0 ,5.559 ,-19.544 ,1.853 | -35.559
0 ,-7.833 ,0 ,5.184 ,22.06 ,-6.105 | 49.65
0 ,0 ,-2.894 ,1.83 ,-10.957 ,1.574 | -39.447
0 ,0 ,0 ,-1.544 ,47.096 ,-10.515 | 93.544
0 ,0 ,0 ,-10.868 ,18.963 ,-0.956 | 82.868
0 ,0 ,0 ,-1.191 ,6.831 ,-0.397 | 21.191

R1 --> R1 + 3.6*R4

6 ,0 ,0 ,0 ,150 ,-36 | 301.2
0 ,-7.833 ,0 ,5.184 ,22.06 ,-6.105 | 49.65
0 ,0 ,-2.894 ,1.83 ,-10.957 ,1.574 | -39.447
0 ,0 ,0 ,-1.544 ,47.096 ,-10.515 | 93.544
0 ,0 ,0 ,-10.868 ,18.963 ,-0.956 | 82.868
0 ,0 ,0 ,-1.191 ,6.831 ,-0.397 | 21.191

R2 --> R2 + 3.357*R4

6 ,0 ,0 ,0 ,150 ,-36 | 301.2
0 ,-7.833 ,0 ,0 ,180.167 ,-41.405 | 363.691
0 ,0 ,-2.894 ,1.83 ,-10.957 ,1.574 | -39.447
0 ,0 ,0 ,-1.544 ,47.096 ,-10.515 | 93.544
0 ,0 ,0 ,-10.868 ,18.963 ,-0.956 | 82.868
0 ,0 ,0 ,-1.191 ,6.831 ,-0.397 | 21.191

R3 --> R3 + 1.185*R4

6 ,0 ,0 ,0 ,150 ,-36 | 301.2
0 ,-7.833 ,0 ,0 ,180.167 ,-41.405 | 363.691
0 ,0 ,-2.894 ,0 ,44.851 ,-10.886 | 71.403
0 ,0 ,0 ,-1.544 ,47.096 ,-10.515 | 93.544
0 ,0 ,0 ,-10.868 ,18.963 ,-0.956 | 82.868
0 ,0 ,0 ,-1.191 ,6.831 ,-0.397 | 21.191

R5 --> R5 - 7.038*R4

6 ,0 ,0 ,0 ,150 ,-36 | 301.2
0 ,-7.833 ,0 ,0 ,180.167 ,-41.405 | 363.691
0 ,0 ,-2.894 ,0 ,44.851 ,-10.886 | 71.403
0 ,0 ,0 ,-1.544 ,47.096 ,-10.515 | 93.544
0 ,0 ,0 ,0 ,-312.5 ,73.048 | -575.505
0 ,0 ,0 ,-1.191 ,6.831 ,-0.397 | 21.191

R6 --> R6 - 0.771*R4

6 ,0 ,0 ,0 ,150 ,-36 | 301.2
0 ,-7.833 ,0 ,0 ,180.167 ,-41.405 | 363.691
0 ,0 ,-2.894 ,0 ,44.851 ,-10.886 | 71.403
0 ,0 ,0 ,-1.544 ,47.096 ,-10.515 | 93.544
0 ,0 ,0 ,0 ,-312.5 ,73.048 | -575.505
0 ,0 ,0 ,0 ,-29.5 ,7.714 | -50.971

R1 --> R1 + 0.48*R5

6 ,0 ,0 ,0 ,0 ,-0.937 | 24.958
0 ,-7.833 ,0 ,0 ,180.167 ,-41.405 | 363.691
0 ,0 ,-2.894 ,0 ,44.851 ,-10.886 | 71.403
0 ,0 ,0 ,-1.544 ,47.096 ,-10.515 | 93.544
0 ,0 ,0 ,0 ,-312.5 ,73.048 | -575.505
0 ,0 ,0 ,0 ,-29.5 ,7.714 | -50.971

R2 --> R2 + 0.577*R5

6 ,0 ,0 ,0 ,0 ,-0.937 | 24.958
0 ,-7.833 ,0 ,0 ,0 ,0.71 | 31.893
0 ,0 ,-2.894 ,0 ,44.851 ,-10.886 | 71.403
0 ,0 ,0 ,-1.544 ,47.096 ,-10.515 | 93.544
0 ,0 ,0 ,0 ,-312.5 ,73.048 | -575.505
0 ,0 ,0 ,0 ,-29.5 ,7.714 | -50.971

R3 --> R3 + 0.144*R5

6 ,0 ,0 ,0 ,0 ,-0.937 | 24.958
0 ,-7.833 ,0 ,0 ,0 ,0.71 | 31.893
0 ,0 ,-2.894 ,0 ,0 ,-0.401 | -11.195
0 ,0 ,0 ,-1.544 ,47.096 ,-10.515 | 93.544
0 ,0 ,0 ,0 ,-312.5 ,73.048 | -575.505
0 ,0 ,0 ,0 ,-29.5 ,7.714 | -50.971

R4 --> R4 + 0.151*R5

6 ,0 ,0 ,0 ,0 ,-0.937 | 24.958
0 ,-7.833 ,0 ,0 ,0 ,0.71 | 31.893
0 ,0 ,-2.894 ,0 ,0 ,-0.401 | -11.195
0 ,0 ,0 ,-1.544 ,0 ,0.494 | 6.812
0 ,0 ,0 ,0 ,-312.5 ,73.048 | -575.505
0 ,0 ,0 ,0 ,-29.5 ,7.714 | -50.971

R6 --> R6 - 0.094*R5

6 ,0 ,0 ,0 ,0 ,-0.937 | 24.958
0 ,-7.833 ,0 ,0 ,0 ,0.71 | 31.893
0 ,0 ,-2.894 ,0 ,0 ,-0.401 | -11.195
0 ,0 ,0 ,-1.544 ,0 ,0.494 | 6.812
0 ,0 ,0 ,0 ,-312.5 ,73.048 | -575.505
0 ,0 ,0 ,0 ,0 ,0.819 | 3.356

R6 --> 1.222*R6

6 ,0 ,0 ,0 ,0 ,-0.937 | 24.958
0 ,-7.833 ,0 ,0 ,0 ,0.71 | 31.893
0 ,0 ,-2.894 ,0 ,0 ,-0.401 | -11.195
0 ,0 ,0 ,-1.544 ,0 ,0.494 | 6.812
0 ,0 ,0 ,0 ,-312.5 ,73.048 | -575.505
0 ,0 ,0 ,0 ,0 ,1 | 4.1

R1 --> R1 + 0.937*R6

6 ,0 ,0 ,0 ,0 ,0 | 28.8
0 ,-7.833 ,0 ,0 ,0 ,0.71 | 31.893
0 ,0 ,-2.894 ,0 ,0 ,-0.401 | -11.195
0 ,0 ,0 ,-1.544 ,0 ,0.494 | 6.812
0 ,0 ,0 ,0 ,-312.5 ,73.048 | -575.505
0 ,0 ,0 ,0 ,0 ,1 | 4.1

R1 --> 0.167*R1

1 ,0 ,0 ,0 ,0 ,0 | 4.8
0 ,-7.833 ,0 ,0 ,0 ,0.71 | 31.893
0 ,0 ,-2.894 ,0 ,0 ,-0.401 | -11.195
0 ,0 ,0 ,-1.544 ,0 ,0.494 | 6.812
0 ,0 ,0 ,0 ,-312.5 ,73.048 | -575.505
0 ,0 ,0 ,0 ,0 ,1 | 4.1

R2 --> R2 - 0.71*R6

1 ,0 ,0 ,0 ,0 ,0 | 4.8
0 ,-7.833 ,0 ,0 ,0 ,0 | 28.983
0 ,0 ,-2.894 ,0 ,0 ,-0.401 | -11.195
0 ,0 ,0 ,-1.544 ,0 ,0.494 | 6.812
0 ,0 ,0 ,0 ,-312.5 ,73.048 | -575.505
0 ,0 ,0 ,0 ,0 ,1 | 4.1

R2 --> -0.128*R2

1 ,0 ,0 ,0 ,0 ,0 | 4.8
0 ,1 ,0 ,0 ,0 ,0 | -3.7
0 ,0 ,-2.894 ,0 ,0 ,-0.401 | -11.195
0 ,0 ,0 ,-1.544 ,0 ,0.494 | 6.812
0 ,0 ,0 ,0 ,-312.5 ,73.048 | -575.505
0 ,0 ,0 ,0 ,0 ,1 | 4.1

R3 --> R3 + 0.401*R6

1 ,0 ,0 ,0 ,0 ,0 | 4.8
0 ,1 ,0 ,0 ,0 ,0 | -3.7
0 ,0 ,-2.894 ,0 ,0 ,0 | -9.549
0 ,0 ,0 ,-1.544 ,0 ,0.494 | 6.812
0 ,0 ,0 ,0 ,-312.5 ,73.048 | -575.505
0 ,0 ,0 ,0 ,0 ,1 | 4.1

R3 --> -0.346*R3

1 ,0 ,0 ,0 ,0 ,0 | 4.8
0 ,1 ,0 ,0 ,0 ,0 | -3.7
0 ,0 ,1 ,0 ,0 ,0 | 3.3
0 ,0 ,0 ,-1.544 ,0 ,0.494 | 6.812
0 ,0 ,0 ,0 ,-312.5 ,73.048 | -575.505
0 ,0 ,0 ,0 ,0 ,1 | 4.1

R4 --> R4 - 0.494*R6

1 ,0 ,0 ,0 ,0 ,0 | 4.8
0 ,1 ,0 ,0 ,0 ,0 | -3.7
0 ,0 ,1 ,0 ,0 ,0 | 3.3
0 ,0 ,0 ,-1.544 ,0 ,0 | 4.787
0 ,0 ,0 ,0 ,-312.5 ,73.048 | -575.505
0 ,0 ,0 ,0 ,0 ,1 | 4.1

R4 --> -0.648*R4

1 ,0 ,0 ,0 ,0 ,0 | 4.8
0 ,1 ,0 ,0 ,0 ,0 | -3.7
0 ,0 ,1 ,0 ,0 ,0 | 3.3
0 ,0 ,0 ,1 ,0 ,0 | -3.1
0 ,0 ,0 ,0 ,-312.5 ,73.048 | -575.505
0 ,0 ,0 ,0 ,0 ,1 | 4.1

R5 --> R5 - 73.048*R6

1 ,0 ,0 ,0 ,0 ,0 | 4.8
0 ,1 ,0 ,0 ,0 ,0 | -3.7
0 ,0 ,1 ,0 ,0 ,0 | 3.3
0 ,0 ,0 ,1 ,0 ,0 | -3.1
0 ,0 ,0 ,0 ,-312.5 ,0 | -874.999
0 ,0 ,0 ,0 ,0 ,1 | 4.1

R5 --> -0.003*R5

1 ,0 ,0 ,0 ,0 ,0 | 4.8
0 ,1 ,0 ,0 ,0 ,0 | -3.7
0 ,0 ,1 ,0 ,0 ,0 | 3.3
0 ,0 ,0 ,1 ,0 ,0 | -3.1
0 ,0 ,0 ,0 ,1 ,0 | 2.8
0 ,0 ,0 ,0 ,0 ,1 | 4.1

exist a single solution in R6 space for the system which is:
x = (4.8 ,-3.7 ,3.3 ,-3.1 ,2.8 ,4.1)
