solve the next system in R6 space (6 equations)(6 unknowns):
eq1: + 5*x1 + 5*x2 -   x3 + 4*x4 -   x5 - 3*x6  = 0
eq2: - 5*x1 + 6*x2 -   x3 + 6*x4 +   x5 - 6*x6  = 0
eq3: +   x1 +   x2 - 5*x3 + 4*x4 - 5*x5 +   x6  = 0
eq4: -   x1 +   x2               - 2*x5 + 6*x6  = 0
eq5: +   x1 + 6*x2 + 2*x3 + 5*x4 - 4*x5 - 4*x6  = 0
eq6: - 5*x1        -   x3        -   x5 + 6*x6  = 0

5 ,5 ,-1 ,4 ,-1 ,-3 | 0
-5 ,6 ,-1 ,6 ,1 ,-6 | 0
1 ,1 ,-5 ,4 ,-5 ,1 | 0
-1 ,1 ,0 ,0 ,-2 ,6 | 0
1 ,6 ,2 ,5 ,-4 ,-4 | 0
-5 ,0 ,-1 ,0 ,-1 ,6 | 0

implement the solution by elementary matrices method:
transform A matrix to I by an elementary matrices:
R2 --> R2 + R1

5 ,5 ,-1 ,4 ,-1 ,-3 | 0
0 ,11 ,-2 ,10 ,0 ,-9 | 0
1 ,1 ,-5 ,4 ,-5 ,1 | 0
-1 ,1 ,0 ,0 ,-2 ,6 | 0
1 ,6 ,2 ,5 ,-4 ,-4 | 0
-5 ,0 ,-1 ,0 ,-1 ,6 | 0

R3 --> R3 - 0.2*R1

5 ,5 ,-1 ,4 ,-1 ,-3 | 0
0 ,11 ,-2 ,10 ,0 ,-9 | 0
0 ,0 ,-4.8 ,3.2 ,-4.8 ,1.6 | 0
-1 ,1 ,0 ,0 ,-2 ,6 | 0
1 ,6 ,2 ,5 ,-4 ,-4 | 0
-5 ,0 ,-1 ,0 ,-1 ,6 | 0

R4 --> R4 + 0.2*R1

5 ,5 ,-1 ,4 ,-1 ,-3 | 0
0 ,11 ,-2 ,10 ,0 ,-9 | 0
0 ,0 ,-4.8 ,3.2 ,-4.8 ,1.6 | 0
0 ,2 ,-0.2 ,0.8 ,-2.2 ,5.4 | 0
1 ,6 ,2 ,5 ,-4 ,-4 | 0
-5 ,0 ,-1 ,0 ,-1 ,6 | 0

R5 --> R5 - 0.2*R1

5 ,5 ,-1 ,4 ,-1 ,-3 | 0
0 ,11 ,-2 ,10 ,0 ,-9 | 0
0 ,0 ,-4.8 ,3.2 ,-4.8 ,1.6 | 0
0 ,2 ,-0.2 ,0.8 ,-2.2 ,5.4 | 0
0 ,5 ,2.2 ,4.2 ,-3.8 ,-3.4 | 0
-5 ,0 ,-1 ,0 ,-1 ,6 | 0

R6 --> R6 + R1

5 ,5 ,-1 ,4 ,-1 ,-3 | 0
0 ,11 ,-2 ,10 ,0 ,-9 | 0
0 ,0 ,-4.8 ,3.2 ,-4.8 ,1.6 | 0
0 ,2 ,-0.2 ,0.8 ,-2.2 ,5.4 | 0
0 ,5 ,2.2 ,4.2 ,-3.8 ,-3.4 | 0
0 ,5 ,-2 ,4 ,-2 ,3 | 0

R1 --> R1 - 0.455*R2

5 ,0 ,-0.091 ,-0.545 ,-1 ,1.091 | 0
0 ,11 ,-2 ,10 ,0 ,-9 | 0
0 ,0 ,-4.8 ,3.2 ,-4.8 ,1.6 | 0
0 ,2 ,-0.2 ,0.8 ,-2.2 ,5.4 | 0
0 ,5 ,2.2 ,4.2 ,-3.8 ,-3.4 | 0
0 ,5 ,-2 ,4 ,-2 ,3 | 0

R4 --> R4 - 0.182*R2

5 ,0 ,-0.091 ,-0.545 ,-1 ,1.091 | 0
0 ,11 ,-2 ,10 ,0 ,-9 | 0
0 ,0 ,-4.8 ,3.2 ,-4.8 ,1.6 | 0
0 ,0 ,0.164 ,-1.018 ,-2.2 ,7.036 | 0
0 ,5 ,2.2 ,4.2 ,-3.8 ,-3.4 | 0
0 ,5 ,-2 ,4 ,-2 ,3 | 0

R5 --> R5 - 0.455*R2

5 ,0 ,-0.091 ,-0.545 ,-1 ,1.091 | 0
0 ,11 ,-2 ,10 ,0 ,-9 | 0
0 ,0 ,-4.8 ,3.2 ,-4.8 ,1.6 | 0
0 ,0 ,0.164 ,-1.018 ,-2.2 ,7.036 | 0
0 ,0 ,3.109 ,-0.345 ,-3.8 ,0.691 | 0
0 ,5 ,-2 ,4 ,-2 ,3 | 0

R6 --> R6 - 0.455*R2

5 ,0 ,-0.091 ,-0.545 ,-1 ,1.091 | 0
0 ,11 ,-2 ,10 ,0 ,-9 | 0
0 ,0 ,-4.8 ,3.2 ,-4.8 ,1.6 | 0
0 ,0 ,0.164 ,-1.018 ,-2.2 ,7.036 | 0
0 ,0 ,3.109 ,-0.345 ,-3.8 ,0.691 | 0
0 ,0 ,-1.091 ,-0.545 ,-2 ,7.091 | 0

R1 --> R1 - 0.019*R3

5 ,0 ,0 ,-0.606 ,-0.909 ,1.061 | 0
0 ,11 ,-2 ,10 ,0 ,-9 | 0
0 ,0 ,-4.8 ,3.2 ,-4.8 ,1.6 | 0
0 ,0 ,0.164 ,-1.018 ,-2.2 ,7.036 | 0
0 ,0 ,3.109 ,-0.345 ,-3.8 ,0.691 | 0
0 ,0 ,-1.091 ,-0.545 ,-2 ,7.091 | 0

R2 --> R2 - 0.417*R3

5 ,0 ,0 ,-0.606 ,-0.909 ,1.061 | 0
0 ,11 ,0 ,8.667 ,2 ,-9.667 | 0
0 ,0 ,-4.8 ,3.2 ,-4.8 ,1.6 | 0
0 ,0 ,0.164 ,-1.018 ,-2.2 ,7.036 | 0
0 ,0 ,3.109 ,-0.345 ,-3.8 ,0.691 | 0
0 ,0 ,-1.091 ,-0.545 ,-2 ,7.091 | 0

R4 --> R4 + 0.034*R3

5 ,0 ,0 ,-0.606 ,-0.909 ,1.061 | 0
0 ,11 ,0 ,8.667 ,2 ,-9.667 | 0
0 ,0 ,-4.8 ,3.2 ,-4.8 ,1.6 | 0
0 ,0 ,0 ,-0.909 ,-2.364 ,7.091 | 0
0 ,0 ,3.109 ,-0.345 ,-3.8 ,0.691 | 0
0 ,0 ,-1.091 ,-0.545 ,-2 ,7.091 | 0

R5 --> R5 + 0.648*R3

5 ,0 ,0 ,-0.606 ,-0.909 ,1.061 | 0
0 ,11 ,0 ,8.667 ,2 ,-9.667 | 0
0 ,0 ,-4.8 ,3.2 ,-4.8 ,1.6 | 0
0 ,0 ,0 ,-0.909 ,-2.364 ,7.091 | 0
0 ,0 ,0 ,1.727 ,-6.909 ,1.727 | 0
0 ,0 ,-1.091 ,-0.545 ,-2 ,7.091 | 0

R6 --> R6 - 0.227*R3

5 ,0 ,0 ,-0.606 ,-0.909 ,1.061 | 0
0 ,11 ,0 ,8.667 ,2 ,-9.667 | 0
0 ,0 ,-4.8 ,3.2 ,-4.8 ,1.6 | 0
0 ,0 ,0 ,-0.909 ,-2.364 ,7.091 | 0
0 ,0 ,0 ,1.727 ,-6.909 ,1.727 | 0
0 ,0 ,0 ,-1.273 ,-0.909 ,6.727 | 0

R1 --> R1 - 0.667*R4

5 ,0 ,0 ,0 ,0.667 ,-3.667 | 0
0 ,11 ,0 ,8.667 ,2 ,-9.667 | 0
0 ,0 ,-4.8 ,3.2 ,-4.8 ,1.6 | 0
0 ,0 ,0 ,-0.909 ,-2.364 ,7.091 | 0
0 ,0 ,0 ,1.727 ,-6.909 ,1.727 | 0
0 ,0 ,0 ,-1.273 ,-0.909 ,6.727 | 0

R2 --> R2 + 9.533*R4

5 ,0 ,0 ,0 ,0.667 ,-3.667 | 0
0 ,11 ,0 ,0 ,-20.533 ,57.933 | 0
0 ,0 ,-4.8 ,3.2 ,-4.8 ,1.6 | 0
0 ,0 ,0 ,-0.909 ,-2.364 ,7.091 | 0
0 ,0 ,0 ,1.727 ,-6.909 ,1.727 | 0
0 ,0 ,0 ,-1.273 ,-0.909 ,6.727 | 0

R3 --> R3 + 3.52*R4

5 ,0 ,0 ,0 ,0.667 ,-3.667 | 0
0 ,11 ,0 ,0 ,-20.533 ,57.933 | 0
0 ,0 ,-4.8 ,0 ,-13.12 ,26.56 | 0
0 ,0 ,0 ,-0.909 ,-2.364 ,7.091 | 0
0 ,0 ,0 ,1.727 ,-6.909 ,1.727 | 0
0 ,0 ,0 ,-1.273 ,-0.909 ,6.727 | 0

R5 --> R5 + 1.9*R4

5 ,0 ,0 ,0 ,0.667 ,-3.667 | 0
0 ,11 ,0 ,0 ,-20.533 ,57.933 | 0
0 ,0 ,-4.8 ,0 ,-13.12 ,26.56 | 0
0 ,0 ,0 ,-0.909 ,-2.364 ,7.091 | 0
0 ,0 ,0 ,0 ,-11.4 ,15.2 | 0
0 ,0 ,0 ,-1.273 ,-0.909 ,6.727 | 0

R6 --> R6 - 1.4*R4

5 ,0 ,0 ,0 ,0.667 ,-3.667 | 0
0 ,11 ,0 ,0 ,-20.533 ,57.933 | 0
0 ,0 ,-4.8 ,0 ,-13.12 ,26.56 | 0
0 ,0 ,0 ,-0.909 ,-2.364 ,7.091 | 0
0 ,0 ,0 ,0 ,-11.4 ,15.2 | 0
0 ,0 ,0 ,0 ,2.4 ,-3.2 | 0

R1 --> R1 + 0.058*R5

5 ,0 ,0 ,0 ,0 ,-2.778 | 0
0 ,11 ,0 ,0 ,-20.533 ,57.933 | 0
0 ,0 ,-4.8 ,0 ,-13.12 ,26.56 | 0
0 ,0 ,0 ,-0.909 ,-2.364 ,7.091 | 0
0 ,0 ,0 ,0 ,-11.4 ,15.2 | 0
0 ,0 ,0 ,0 ,2.4 ,-3.2 | 0

R2 --> R2 - 1.801*R5

5 ,0 ,0 ,0 ,0 ,-2.778 | 0
0 ,11 ,0 ,0 ,0 ,30.556 | 0
0 ,0 ,-4.8 ,0 ,-13.12 ,26.56 | 0
0 ,0 ,0 ,-0.909 ,-2.364 ,7.091 | 0
0 ,0 ,0 ,0 ,-11.4 ,15.2 | 0
0 ,0 ,0 ,0 ,2.4 ,-3.2 | 0

R3 --> R3 - 1.151*R5

5 ,0 ,0 ,0 ,0 ,-2.778 | 0
0 ,11 ,0 ,0 ,0 ,30.556 | 0
0 ,0 ,-4.8 ,0 ,0 ,9.067 | 0
0 ,0 ,0 ,-0.909 ,-2.364 ,7.091 | 0
0 ,0 ,0 ,0 ,-11.4 ,15.2 | 0
0 ,0 ,0 ,0 ,2.4 ,-3.2 | 0

R4 --> R4 - 0.207*R5

5 ,0 ,0 ,0 ,0 ,-2.778 | 0
0 ,11 ,0 ,0 ,0 ,30.556 | 0
0 ,0 ,-4.8 ,0 ,0 ,9.067 | 0
0 ,0 ,0 ,-0.909 ,0 ,3.939 | 0
0 ,0 ,0 ,0 ,-11.4 ,15.2 | 0
0 ,0 ,0 ,0 ,2.4 ,-3.2 | 0

R6 --> R6 + 0.211*R5

5 ,0 ,0 ,0 ,0 ,-2.778 | 0
0 ,11 ,0 ,0 ,0 ,30.556 | 0
0 ,0 ,-4.8 ,0 ,0 ,9.067 | 0
0 ,0 ,0 ,-0.909 ,0 ,3.939 | 0
0 ,0 ,0 ,0 ,-11.4 ,15.2 | 0
0 ,0 ,0 ,0 ,0 ,0 | 0

define a new column in the vector b when x6 is a free variable in R6 space:
5 ,0 ,0 ,0 ,0 ,-2.778 | 0 ,0
0 ,11 ,0 ,0 ,0 ,30.556 | 0 ,0
0 ,0 ,-4.8 ,0 ,0 ,9.067 | 0 ,0
0 ,0 ,0 ,-0.909 ,0 ,3.939 | 0 ,0
0 ,0 ,0 ,0 ,-11.4 ,15.2 | 0 ,0
0 ,0 ,0 ,0 ,0 ,1 | 0 ,1

R1 --> R1 + 2.778*R6

5 ,0 ,0 ,0 ,0 ,0 | 0 ,2.778
0 ,11 ,0 ,0 ,0 ,30.556 | 0 ,0
0 ,0 ,-4.8 ,0 ,0 ,9.067 | 0 ,0
0 ,0 ,0 ,-0.909 ,0 ,3.939 | 0 ,0
0 ,0 ,0 ,0 ,-11.4 ,15.2 | 0 ,0
0 ,0 ,0 ,0 ,0 ,1 | 0 ,1

R1 --> 0.2*R1

1 ,0 ,0 ,0 ,0 ,0 | 0 ,0.556
0 ,11 ,0 ,0 ,0 ,30.556 | 0 ,0
0 ,0 ,-4.8 ,0 ,0 ,9.067 | 0 ,0
0 ,0 ,0 ,-0.909 ,0 ,3.939 | 0 ,0
0 ,0 ,0 ,0 ,-11.4 ,15.2 | 0 ,0
0 ,0 ,0 ,0 ,0 ,1 | 0 ,1

R2 --> R2 - 30.556*R6

1 ,0 ,0 ,0 ,0 ,0 | 0 ,0.556
0 ,11 ,0 ,0 ,0 ,0 | 0 ,-30.556
0 ,0 ,-4.8 ,0 ,0 ,9.067 | 0 ,0
0 ,0 ,0 ,-0.909 ,0 ,3.939 | 0 ,0
0 ,0 ,0 ,0 ,-11.4 ,15.2 | 0 ,0
0 ,0 ,0 ,0 ,0 ,1 | 0 ,1

R2 --> 0.091*R2

1 ,0 ,0 ,0 ,0 ,0 | 0 ,0.556
0 ,1 ,0 ,0 ,0 ,0 | 0 ,-2.778
0 ,0 ,-4.8 ,0 ,0 ,9.067 | 0 ,0
0 ,0 ,0 ,-0.909 ,0 ,3.939 | 0 ,0
0 ,0 ,0 ,0 ,-11.4 ,15.2 | 0 ,0
0 ,0 ,0 ,0 ,0 ,1 | 0 ,1

R3 --> R3 - 9.067*R6

1 ,0 ,0 ,0 ,0 ,0 | 0 ,0.556
0 ,1 ,0 ,0 ,0 ,0 | 0 ,-2.778
0 ,0 ,-4.8 ,0 ,0 ,0 | 0 ,-9.067
0 ,0 ,0 ,-0.909 ,0 ,3.939 | 0 ,0
0 ,0 ,0 ,0 ,-11.4 ,15.2 | 0 ,0
0 ,0 ,0 ,0 ,0 ,1 | 0 ,1

R3 --> -0.208*R3

1 ,0 ,0 ,0 ,0 ,0 | 0 ,0.556
0 ,1 ,0 ,0 ,0 ,0 | 0 ,-2.778
0 ,0 ,1 ,0 ,0 ,0 | 0 ,1.889
0 ,0 ,0 ,-0.909 ,0 ,3.939 | 0 ,0
0 ,0 ,0 ,0 ,-11.4 ,15.2 | 0 ,0
0 ,0 ,0 ,0 ,0 ,1 | 0 ,1

R4 --> R4 - 3.939*R6

1 ,0 ,0 ,0 ,0 ,0 | 0 ,0.556
0 ,1 ,0 ,0 ,0 ,0 | 0 ,-2.778
0 ,0 ,1 ,0 ,0 ,0 | 0 ,1.889
0 ,0 ,0 ,-0.909 ,0 ,0 | 0 ,-3.939
0 ,0 ,0 ,0 ,-11.4 ,15.2 | 0 ,0
0 ,0 ,0 ,0 ,0 ,1 | 0 ,1

R4 --> -1.1*R4

1 ,0 ,0 ,0 ,0 ,0 | 0 ,0.556
0 ,1 ,0 ,0 ,0 ,0 | 0 ,-2.778
0 ,0 ,1 ,0 ,0 ,0 | 0 ,1.889
0 ,0 ,0 ,1 ,0 ,0 | 0 ,4.333
0 ,0 ,0 ,0 ,-11.4 ,15.2 | 0 ,0
0 ,0 ,0 ,0 ,0 ,1 | 0 ,1

R5 --> R5 - 15.2*R6

1 ,0 ,0 ,0 ,0 ,0 | 0 ,0.556
0 ,1 ,0 ,0 ,0 ,0 | 0 ,-2.778
0 ,0 ,1 ,0 ,0 ,0 | 0 ,1.889
0 ,0 ,0 ,1 ,0 ,0 | 0 ,4.333
0 ,0 ,0 ,0 ,-11.4 ,0 | 0 ,-15.2
0 ,0 ,0 ,0 ,0 ,1 | 0 ,1

R5 --> -0.088*R5

1 ,0 ,0 ,0 ,0 ,0 | 0 ,0.556
0 ,1 ,0 ,0 ,0 ,0 | 0 ,-2.778
0 ,0 ,1 ,0 ,0 ,0 | 0 ,1.889
0 ,0 ,0 ,1 ,0 ,0 | 0 ,4.333
0 ,0 ,0 ,0 ,1 ,0 | 0 ,1.333
0 ,0 ,0 ,0 ,0 ,1 | 0 ,1

the solution is an infinite set of vectors in R6 space which are linearly dependents in the vector space:
x = λ*(0.556 ,-2.778 ,1.889 ,4.333 ,1.333 ,1) when λ it's a free scalar that belongs to the R set
