solve the next system in R6 space (6 equations)(6 unknowns):
eq1: - 2*x1        - 4*x3 - 2*x4 + 5*x5 - 6*x6  = 0
eq2: + 6*x1 -   x2 - 2*x3        +   x5         = 0
eq3: + 6*x1               - 2*x4 + 5*x5 + 2*x6  = 0
eq4: - 2*x1        + 3*x3 + 2*x4 + 2*x5 + 3*x6  = 0
eq5: - 4*x1 - 2*x2 + 3*x3 - 6*x4 + 4*x5 - 4*x6  = 0
eq6: + 5*x1 +   x2 - 5*x3 -   x4 + 5*x5 - 2*x6  = 0

-2 ,0 ,-4 ,-2 ,5 ,-6 | 0
6 ,-1 ,-2 ,0 ,1 ,0 | 0
6 ,0 ,0 ,-2 ,5 ,2 | 0
-2 ,0 ,3 ,2 ,2 ,3 | 0
-4 ,-2 ,3 ,-6 ,4 ,-4 | 0
5 ,1 ,-5 ,-1 ,5 ,-2 | 0

implement the solution by elementary ranking method:
transform A matrix to I by an elementary matrices:
R2 --> R2 + 3*R1

-2 ,0 ,-4 ,-2 ,5 ,-6 | 0
0 ,-1 ,-14 ,-6 ,16 ,-18 | 0
6 ,0 ,0 ,-2 ,5 ,2 | 0
-2 ,0 ,3 ,2 ,2 ,3 | 0
-4 ,-2 ,3 ,-6 ,4 ,-4 | 0
5 ,1 ,-5 ,-1 ,5 ,-2 | 0

R3 --> R3 + 3*R1

-2 ,0 ,-4 ,-2 ,5 ,-6 | 0
0 ,-1 ,-14 ,-6 ,16 ,-18 | 0
0 ,0 ,-12 ,-8 ,20 ,-16 | 0
-2 ,0 ,3 ,2 ,2 ,3 | 0
-4 ,-2 ,3 ,-6 ,4 ,-4 | 0
5 ,1 ,-5 ,-1 ,5 ,-2 | 0

R4 --> R4 - R1

-2 ,0 ,-4 ,-2 ,5 ,-6 | 0
0 ,-1 ,-14 ,-6 ,16 ,-18 | 0
0 ,0 ,-12 ,-8 ,20 ,-16 | 0
0 ,0 ,7 ,4 ,-3 ,9 | 0
-4 ,-2 ,3 ,-6 ,4 ,-4 | 0
5 ,1 ,-5 ,-1 ,5 ,-2 | 0

R5 --> R5 - 2*R1

-2 ,0 ,-4 ,-2 ,5 ,-6 | 0
0 ,-1 ,-14 ,-6 ,16 ,-18 | 0
0 ,0 ,-12 ,-8 ,20 ,-16 | 0
0 ,0 ,7 ,4 ,-3 ,9 | 0
0 ,-2 ,11 ,-2 ,-6 ,8 | 0
5 ,1 ,-5 ,-1 ,5 ,-2 | 0

R6 --> R6 + 2.5*R1

-2 ,0 ,-4 ,-2 ,5 ,-6 | 0
0 ,-1 ,-14 ,-6 ,16 ,-18 | 0
0 ,0 ,-12 ,-8 ,20 ,-16 | 0
0 ,0 ,7 ,4 ,-3 ,9 | 0
0 ,-2 ,11 ,-2 ,-6 ,8 | 0
0 ,1 ,-15 ,-6 ,17.5 ,-17 | 0

R5 --> R5 - 2*R2

-2 ,0 ,-4 ,-2 ,5 ,-6 | 0
0 ,-1 ,-14 ,-6 ,16 ,-18 | 0
0 ,0 ,-12 ,-8 ,20 ,-16 | 0
0 ,0 ,7 ,4 ,-3 ,9 | 0
0 ,0 ,39 ,10 ,-38 ,44 | 0
0 ,1 ,-15 ,-6 ,17.5 ,-17 | 0

R6 --> R6 + R2

-2 ,0 ,-4 ,-2 ,5 ,-6 | 0
0 ,-1 ,-14 ,-6 ,16 ,-18 | 0
0 ,0 ,-12 ,-8 ,20 ,-16 | 0
0 ,0 ,7 ,4 ,-3 ,9 | 0
0 ,0 ,39 ,10 ,-38 ,44 | 0
0 ,0 ,-29 ,-12 ,33.5 ,-35 | 0

R1 --> R1 - 0.333*R3

-2 ,0 ,0 ,0.667 ,-1.667 ,-0.667 | 0
0 ,-1 ,-14 ,-6 ,16 ,-18 | 0
0 ,0 ,-12 ,-8 ,20 ,-16 | 0
0 ,0 ,7 ,4 ,-3 ,9 | 0
0 ,0 ,39 ,10 ,-38 ,44 | 0
0 ,0 ,-29 ,-12 ,33.5 ,-35 | 0

R2 --> R2 - 1.167*R3

-2 ,0 ,0 ,0.667 ,-1.667 ,-0.667 | 0
0 ,-1 ,0 ,3.333 ,-7.333 ,0.667 | 0
0 ,0 ,-12 ,-8 ,20 ,-16 | 0
0 ,0 ,7 ,4 ,-3 ,9 | 0
0 ,0 ,39 ,10 ,-38 ,44 | 0
0 ,0 ,-29 ,-12 ,33.5 ,-35 | 0

R4 --> R4 + 0.583*R3

-2 ,0 ,0 ,0.667 ,-1.667 ,-0.667 | 0
0 ,-1 ,0 ,3.333 ,-7.333 ,0.667 | 0
0 ,0 ,-12 ,-8 ,20 ,-16 | 0
0 ,0 ,0 ,-0.667 ,8.667 ,-0.333 | 0
0 ,0 ,39 ,10 ,-38 ,44 | 0
0 ,0 ,-29 ,-12 ,33.5 ,-35 | 0

R5 --> R5 + 3.25*R3

-2 ,0 ,0 ,0.667 ,-1.667 ,-0.667 | 0
0 ,-1 ,0 ,3.333 ,-7.333 ,0.667 | 0
0 ,0 ,-12 ,-8 ,20 ,-16 | 0
0 ,0 ,0 ,-0.667 ,8.667 ,-0.333 | 0
0 ,0 ,0 ,-16 ,27 ,-8 | 0
0 ,0 ,-29 ,-12 ,33.5 ,-35 | 0

R6 --> R6 - 2.417*R3

-2 ,0 ,0 ,0.667 ,-1.667 ,-0.667 | 0
0 ,-1 ,0 ,3.333 ,-7.333 ,0.667 | 0
0 ,0 ,-12 ,-8 ,20 ,-16 | 0
0 ,0 ,0 ,-0.667 ,8.667 ,-0.333 | 0
0 ,0 ,0 ,-16 ,27 ,-8 | 0
0 ,0 ,0 ,7.333 ,-14.833 ,3.667 | 0

R1 --> R1 + R4

-2 ,0 ,0 ,0 ,7 ,-1 | 0
0 ,-1 ,0 ,3.333 ,-7.333 ,0.667 | 0
0 ,0 ,-12 ,-8 ,20 ,-16 | 0
0 ,0 ,0 ,-0.667 ,8.667 ,-0.333 | 0
0 ,0 ,0 ,-16 ,27 ,-8 | 0
0 ,0 ,0 ,7.333 ,-14.833 ,3.667 | 0

R2 --> R2 + 5*R4

-2 ,0 ,0 ,0 ,7 ,-1 | 0
0 ,-1 ,0 ,0 ,36 ,-1 | 0
0 ,0 ,-12 ,-8 ,20 ,-16 | 0
0 ,0 ,0 ,-0.667 ,8.667 ,-0.333 | 0
0 ,0 ,0 ,-16 ,27 ,-8 | 0
0 ,0 ,0 ,7.333 ,-14.833 ,3.667 | 0

R3 --> R3 - 12*R4

-2 ,0 ,0 ,0 ,7 ,-1 | 0
0 ,-1 ,0 ,0 ,36 ,-1 | 0
0 ,0 ,-12 ,0 ,-84 ,-12 | 0
0 ,0 ,0 ,-0.667 ,8.667 ,-0.333 | 0
0 ,0 ,0 ,-16 ,27 ,-8 | 0
0 ,0 ,0 ,7.333 ,-14.833 ,3.667 | 0

R5 --> R5 - 24*R4

-2 ,0 ,0 ,0 ,7 ,-1 | 0
0 ,-1 ,0 ,0 ,36 ,-1 | 0
0 ,0 ,-12 ,0 ,-84 ,-12 | 0
0 ,0 ,0 ,-0.667 ,8.667 ,-0.333 | 0
0 ,0 ,0 ,0 ,-181 ,0 | 0
0 ,0 ,0 ,7.333 ,-14.833 ,3.667 | 0

R6 --> R6 + 11*R4

-2 ,0 ,0 ,0 ,7 ,-1 | 0
0 ,-1 ,0 ,0 ,36 ,-1 | 0
0 ,0 ,-12 ,0 ,-84 ,-12 | 0
0 ,0 ,0 ,-0.667 ,8.667 ,-0.333 | 0
0 ,0 ,0 ,0 ,-181 ,0 | 0
0 ,0 ,0 ,0 ,80.5 ,0 | 0

R6 --> 0.012*R6

-2 ,0 ,0 ,0 ,7 ,-1 | 0
0 ,-1 ,0 ,0 ,36 ,-1 | 0
0 ,0 ,-12 ,0 ,-84 ,-12 | 0
0 ,0 ,0 ,-0.667 ,8.667 ,-0.333 | 0
0 ,0 ,0 ,0 ,-181 ,0 | 0
0 ,0 ,0 ,0 ,1 ,0 | 0

R1 --> R1 + 0.039*R5

-2 ,0 ,0 ,0 ,0 ,-1 | 0
0 ,-1 ,0 ,0 ,36 ,-1 | 0
0 ,0 ,-12 ,0 ,-84 ,-12 | 0
0 ,0 ,0 ,-0.667 ,8.667 ,-0.333 | 0
0 ,0 ,0 ,0 ,-181 ,0 | 0
0 ,0 ,0 ,0 ,1 ,0 | 0

R2 --> R2 + 0.199*R5

-2 ,0 ,0 ,0 ,0 ,-1 | 0
0 ,-1 ,0 ,0 ,0 ,-1 | 0
0 ,0 ,-12 ,0 ,-84 ,-12 | 0
0 ,0 ,0 ,-0.667 ,8.667 ,-0.333 | 0
0 ,0 ,0 ,0 ,-181 ,0 | 0
0 ,0 ,0 ,0 ,1 ,0 | 0

R3 --> R3 - 0.464*R5

-2 ,0 ,0 ,0 ,0 ,-1 | 0
0 ,-1 ,0 ,0 ,0 ,-1 | 0
0 ,0 ,-12 ,0 ,0 ,-12 | 0
0 ,0 ,0 ,-0.667 ,8.667 ,-0.333 | 0
0 ,0 ,0 ,0 ,-181 ,0 | 0
0 ,0 ,0 ,0 ,1 ,0 | 0

R4 --> R4 + 0.048*R5

-2 ,0 ,0 ,0 ,0 ,-1 | 0
0 ,-1 ,0 ,0 ,0 ,-1 | 0
0 ,0 ,-12 ,0 ,0 ,-12 | 0
0 ,0 ,0 ,-0.667 ,0 ,-0.333 | 0
0 ,0 ,0 ,0 ,-181 ,0 | 0
0 ,0 ,0 ,0 ,1 ,0 | 0

R6 --> R6 + 0.006*R5

-2 ,0 ,0 ,0 ,0 ,-1 | 0
0 ,-1 ,0 ,0 ,0 ,-1 | 0
0 ,0 ,-12 ,0 ,0 ,-12 | 0
0 ,0 ,0 ,-0.667 ,0 ,-0.333 | 0
0 ,0 ,0 ,0 ,-181 ,0 | 0
0 ,0 ,0 ,0 ,0 ,0 | 0

define a new column in the vector b when x6 is a free variable in R6 space:
-2 ,0 ,0 ,0 ,0 ,-1 | 0 ,0
0 ,-1 ,0 ,0 ,0 ,-1 | 0 ,0
0 ,0 ,-12 ,0 ,0 ,-12 | 0 ,0
0 ,0 ,0 ,-0.667 ,0 ,-0.333 | 0 ,0
0 ,0 ,0 ,0 ,-181 ,0 | 0 ,0
0 ,0 ,0 ,0 ,0 ,1 | 0 ,1

R1 --> R1 + R6

-2 ,0 ,0 ,0 ,0 ,0 | 0 ,1
0 ,-1 ,0 ,0 ,0 ,-1 | 0 ,0
0 ,0 ,-12 ,0 ,0 ,-12 | 0 ,0
0 ,0 ,0 ,-0.667 ,0 ,-0.333 | 0 ,0
0 ,0 ,0 ,0 ,-181 ,0 | 0 ,0
0 ,0 ,0 ,0 ,0 ,1 | 0 ,1

R1 --> -0.5*R1

1 ,0 ,0 ,0 ,0 ,0 | 0 ,-0.5
0 ,-1 ,0 ,0 ,0 ,-1 | 0 ,0
0 ,0 ,-12 ,0 ,0 ,-12 | 0 ,0
0 ,0 ,0 ,-0.667 ,0 ,-0.333 | 0 ,0
0 ,0 ,0 ,0 ,-181 ,0 | 0 ,0
0 ,0 ,0 ,0 ,0 ,1 | 0 ,1

R2 --> R2 + R6

1 ,0 ,0 ,0 ,0 ,0 | 0 ,-0.5
0 ,-1 ,0 ,0 ,0 ,0 | 0 ,1
0 ,0 ,-12 ,0 ,0 ,-12 | 0 ,0
0 ,0 ,0 ,-0.667 ,0 ,-0.333 | 0 ,0
0 ,0 ,0 ,0 ,-181 ,0 | 0 ,0
0 ,0 ,0 ,0 ,0 ,1 | 0 ,1

R2 --> - R2

1 ,0 ,0 ,0 ,0 ,0 | 0 ,-0.5
0 ,1 ,0 ,0 ,0 ,0 | 0 ,-1
0 ,0 ,-12 ,0 ,0 ,-12 | 0 ,0
0 ,0 ,0 ,-0.667 ,0 ,-0.333 | 0 ,0
0 ,0 ,0 ,0 ,-181 ,0 | 0 ,0
0 ,0 ,0 ,0 ,0 ,1 | 0 ,1

R3 --> R3 + 12*R6

1 ,0 ,0 ,0 ,0 ,0 | 0 ,-0.5
0 ,1 ,0 ,0 ,0 ,0 | 0 ,-1
0 ,0 ,-12 ,0 ,0 ,0 | 0 ,12
0 ,0 ,0 ,-0.667 ,0 ,-0.333 | 0 ,0
0 ,0 ,0 ,0 ,-181 ,0 | 0 ,0
0 ,0 ,0 ,0 ,0 ,1 | 0 ,1

R3 --> -0.083*R3

1 ,0 ,0 ,0 ,0 ,0 | 0 ,-0.5
0 ,1 ,0 ,0 ,0 ,0 | 0 ,-1
0 ,0 ,1 ,0 ,0 ,0 | 0 ,-1
0 ,0 ,0 ,-0.667 ,0 ,-0.333 | 0 ,0
0 ,0 ,0 ,0 ,-181 ,0 | 0 ,0
0 ,0 ,0 ,0 ,0 ,1 | 0 ,1

R4 --> R4 + 0.333*R6

1 ,0 ,0 ,0 ,0 ,0 | 0 ,-0.5
0 ,1 ,0 ,0 ,0 ,0 | 0 ,-1
0 ,0 ,1 ,0 ,0 ,0 | 0 ,-1
0 ,0 ,0 ,-0.667 ,0 ,0 | 0 ,0.333
0 ,0 ,0 ,0 ,-181 ,0 | 0 ,0
0 ,0 ,0 ,0 ,0 ,1 | 0 ,1

R4 --> -1.5*R4

1 ,0 ,0 ,0 ,0 ,0 | 0 ,-0.5
0 ,1 ,0 ,0 ,0 ,0 | 0 ,-1
0 ,0 ,1 ,0 ,0 ,0 | 0 ,-1
0 ,0 ,0 ,1 ,0 ,0 | 0 ,-0.5
0 ,0 ,0 ,0 ,-181 ,0 | 0 ,0
0 ,0 ,0 ,0 ,0 ,1 | 0 ,1

R5 --> R5 + 0*R6

1 ,0 ,0 ,0 ,0 ,0 | 0 ,-0.5
0 ,1 ,0 ,0 ,0 ,0 | 0 ,-1
0 ,0 ,1 ,0 ,0 ,0 | 0 ,-1
0 ,0 ,0 ,1 ,0 ,0 | 0 ,-0.5
0 ,0 ,0 ,0 ,-181 ,0 | 0 ,0
0 ,0 ,0 ,0 ,0 ,1 | 0 ,1

R5 --> -0.006*R5

1 ,0 ,0 ,0 ,0 ,0 | 0 ,-0.5
0 ,1 ,0 ,0 ,0 ,0 | 0 ,-1
0 ,0 ,1 ,0 ,0 ,0 | 0 ,-1
0 ,0 ,0 ,1 ,0 ,0 | 0 ,-0.5
0 ,0 ,0 ,0 ,1 ,0 | 0 ,0
0 ,0 ,0 ,0 ,0 ,1 | 0 ,1

the solution is an infinite set of vectors in R6 space which are linearly dependents in the vector space:
x = λ*(-0.5 ,-1 ,-1 ,-0.5 ,0 ,1) when λ it's a free scalar that belongs to the R set
