solve the next system in R8 space (8 equations)(8 unknowns):
eq1:        -   x2 -   x3                      +   x7         = 0
eq2: +   x1 + 3*x2               - 2*x5 -   x6                = 0
eq3: +   x1 + 2*x2 - 2*x3 +   x4               -   x7 -   x8  = 0
eq4: - 3*x1 -   x2 + 3*x3 + 3*x4 - 3*x5        + 2*x7 + 2*x8  = 0
eq5: - 2*x1 + 3*x2 -   x3 - 2*x4 +   x5 + 2*x6 - 3*x7 - 3*x8  = 0
eq6: -   x1        - 2*x3 - 2*x4 +   x5 - 3*x6 +   x7 +   x8  = 0
eq7: - 2*x1        - 3*x3        + 3*x5        -   x7 - 2*x8  = 0
eq8: -   x1 - 2*x2 -   x3 - 3*x4 + 3*x5 - 2*x6 - 2*x7 + 3*x8  = 0

0 ,-1 ,-1 ,0 ,0 ,0 ,1 ,0 | 0
1 ,3 ,0 ,0 ,-2 ,-1 ,0 ,0 | 0
1 ,2 ,-2 ,1 ,0 ,0 ,-1 ,-1 | 0
-3 ,-1 ,3 ,3 ,-3 ,0 ,2 ,2 | 0
-2 ,3 ,-1 ,-2 ,1 ,2 ,-3 ,-3 | 0
-1 ,0 ,-2 ,-2 ,1 ,-3 ,1 ,1 | 0
-2 ,0 ,-3 ,0 ,3 ,0 ,-1 ,-2 | 0
-1 ,-2 ,-1 ,-3 ,3 ,-2 ,-2 ,3 | 0

implement the solution by lower --> upper ranking method:
transform A matrix to L by a lower ranking:
R7 --> R7 + 0.667*R8

0 ,-1 ,-1 ,0 ,0 ,0 ,1 ,0 | 0
1 ,3 ,0 ,0 ,-2 ,-1 ,0 ,0 | 0
1 ,2 ,-2 ,1 ,0 ,0 ,-1 ,-1 | 0
-3 ,-1 ,3 ,3 ,-3 ,0 ,2 ,2 | 0
-2 ,3 ,-1 ,-2 ,1 ,2 ,-3 ,-3 | 0
-1 ,0 ,-2 ,-2 ,1 ,-3 ,1 ,1 | 0
-2.667 ,-1.333 ,-3.667 ,-2 ,5 ,-1.333 ,-2.333 ,0 | 0
-1 ,-2 ,-1 ,-3 ,3 ,-2 ,-2 ,3 | 0

R6 --> R6 - 0.333*R8

0 ,-1 ,-1 ,0 ,0 ,0 ,1 ,0 | 0
1 ,3 ,0 ,0 ,-2 ,-1 ,0 ,0 | 0
1 ,2 ,-2 ,1 ,0 ,0 ,-1 ,-1 | 0
-3 ,-1 ,3 ,3 ,-3 ,0 ,2 ,2 | 0
-2 ,3 ,-1 ,-2 ,1 ,2 ,-3 ,-3 | 0
-0.667 ,0.667 ,-1.667 ,-1 ,0 ,-2.333 ,1.667 ,0 | 0
-2.667 ,-1.333 ,-3.667 ,-2 ,5 ,-1.333 ,-2.333 ,0 | 0
-1 ,-2 ,-1 ,-3 ,3 ,-2 ,-2 ,3 | 0

R5 --> R5 + R8

0 ,-1 ,-1 ,0 ,0 ,0 ,1 ,0 | 0
1 ,3 ,0 ,0 ,-2 ,-1 ,0 ,0 | 0
1 ,2 ,-2 ,1 ,0 ,0 ,-1 ,-1 | 0
-3 ,-1 ,3 ,3 ,-3 ,0 ,2 ,2 | 0
-3 ,1 ,-2 ,-5 ,4 ,0 ,-5 ,0 | 0
-0.667 ,0.667 ,-1.667 ,-1 ,0 ,-2.333 ,1.667 ,0 | 0
-2.667 ,-1.333 ,-3.667 ,-2 ,5 ,-1.333 ,-2.333 ,0 | 0
-1 ,-2 ,-1 ,-3 ,3 ,-2 ,-2 ,3 | 0

R4 --> R4 - 0.667*R8

0 ,-1 ,-1 ,0 ,0 ,0 ,1 ,0 | 0
1 ,3 ,0 ,0 ,-2 ,-1 ,0 ,0 | 0
1 ,2 ,-2 ,1 ,0 ,0 ,-1 ,-1 | 0
-2.333 ,0.333 ,3.667 ,5 ,-5 ,1.333 ,3.333 ,0 | 0
-3 ,1 ,-2 ,-5 ,4 ,0 ,-5 ,0 | 0
-0.667 ,0.667 ,-1.667 ,-1 ,0 ,-2.333 ,1.667 ,0 | 0
-2.667 ,-1.333 ,-3.667 ,-2 ,5 ,-1.333 ,-2.333 ,0 | 0
-1 ,-2 ,-1 ,-3 ,3 ,-2 ,-2 ,3 | 0

R3 --> R3 + 0.333*R8

0 ,-1 ,-1 ,0 ,0 ,0 ,1 ,0 | 0
1 ,3 ,0 ,0 ,-2 ,-1 ,0 ,0 | 0
0.667 ,1.333 ,-2.333 ,0 ,1 ,-0.667 ,-1.667 ,0 | 0
-2.333 ,0.333 ,3.667 ,5 ,-5 ,1.333 ,3.333 ,0 | 0
-3 ,1 ,-2 ,-5 ,4 ,0 ,-5 ,0 | 0
-0.667 ,0.667 ,-1.667 ,-1 ,0 ,-2.333 ,1.667 ,0 | 0
-2.667 ,-1.333 ,-3.667 ,-2 ,5 ,-1.333 ,-2.333 ,0 | 0
-1 ,-2 ,-1 ,-3 ,3 ,-2 ,-2 ,3 | 0

R6 --> R6 + 0.714*R7

0 ,-1 ,-1 ,0 ,0 ,0 ,1 ,0 | 0
1 ,3 ,0 ,0 ,-2 ,-1 ,0 ,0 | 0
0.667 ,1.333 ,-2.333 ,0 ,1 ,-0.667 ,-1.667 ,0 | 0
-2.333 ,0.333 ,3.667 ,5 ,-5 ,1.333 ,3.333 ,0 | 0
-3 ,1 ,-2 ,-5 ,4 ,0 ,-5 ,0 | 0
-2.571 ,-0.286 ,-4.286 ,-2.429 ,3.571 ,-3.286 ,0 ,0 | 0
-2.667 ,-1.333 ,-3.667 ,-2 ,5 ,-1.333 ,-2.333 ,0 | 0
-1 ,-2 ,-1 ,-3 ,3 ,-2 ,-2 ,3 | 0

R5 --> R5 - 2.143*R7

0 ,-1 ,-1 ,0 ,0 ,0 ,1 ,0 | 0
1 ,3 ,0 ,0 ,-2 ,-1 ,0 ,0 | 0
0.667 ,1.333 ,-2.333 ,0 ,1 ,-0.667 ,-1.667 ,0 | 0
-2.333 ,0.333 ,3.667 ,5 ,-5 ,1.333 ,3.333 ,0 | 0
2.714 ,3.857 ,5.857 ,-0.714 ,-6.714 ,2.857 ,0 ,0 | 0
-2.571 ,-0.286 ,-4.286 ,-2.429 ,3.571 ,-3.286 ,0 ,0 | 0
-2.667 ,-1.333 ,-3.667 ,-2 ,5 ,-1.333 ,-2.333 ,0 | 0
-1 ,-2 ,-1 ,-3 ,3 ,-2 ,-2 ,3 | 0

R4 --> R4 + 1.429*R7

0 ,-1 ,-1 ,0 ,0 ,0 ,1 ,0 | 0
1 ,3 ,0 ,0 ,-2 ,-1 ,0 ,0 | 0
0.667 ,1.333 ,-2.333 ,0 ,1 ,-0.667 ,-1.667 ,0 | 0
-6.143 ,-1.571 ,-1.571 ,2.143 ,2.143 ,-0.571 ,0 ,0 | 0
2.714 ,3.857 ,5.857 ,-0.714 ,-6.714 ,2.857 ,0 ,0 | 0
-2.571 ,-0.286 ,-4.286 ,-2.429 ,3.571 ,-3.286 ,0 ,0 | 0
-2.667 ,-1.333 ,-3.667 ,-2 ,5 ,-1.333 ,-2.333 ,0 | 0
-1 ,-2 ,-1 ,-3 ,3 ,-2 ,-2 ,3 | 0

R3 --> R3 - 0.714*R7

0 ,-1 ,-1 ,0 ,0 ,0 ,1 ,0 | 0
1 ,3 ,0 ,0 ,-2 ,-1 ,0 ,0 | 0
2.571 ,2.286 ,0.286 ,1.429 ,-2.571 ,0.286 ,0 ,0 | 0
-6.143 ,-1.571 ,-1.571 ,2.143 ,2.143 ,-0.571 ,0 ,0 | 0
2.714 ,3.857 ,5.857 ,-0.714 ,-6.714 ,2.857 ,0 ,0 | 0
-2.571 ,-0.286 ,-4.286 ,-2.429 ,3.571 ,-3.286 ,0 ,0 | 0
-2.667 ,-1.333 ,-3.667 ,-2 ,5 ,-1.333 ,-2.333 ,0 | 0
-1 ,-2 ,-1 ,-3 ,3 ,-2 ,-2 ,3 | 0

R1 --> R1 + 0.429*R7

-1.143 ,-1.571 ,-2.571 ,-0.857 ,2.143 ,-0.571 ,0 ,0 | 0
1 ,3 ,0 ,0 ,-2 ,-1 ,0 ,0 | 0
2.571 ,2.286 ,0.286 ,1.429 ,-2.571 ,0.286 ,0 ,0 | 0
-6.143 ,-1.571 ,-1.571 ,2.143 ,2.143 ,-0.571 ,0 ,0 | 0
2.714 ,3.857 ,5.857 ,-0.714 ,-6.714 ,2.857 ,0 ,0 | 0
-2.571 ,-0.286 ,-4.286 ,-2.429 ,3.571 ,-3.286 ,0 ,0 | 0
-2.667 ,-1.333 ,-3.667 ,-2 ,5 ,-1.333 ,-2.333 ,0 | 0
-1 ,-2 ,-1 ,-3 ,3 ,-2 ,-2 ,3 | 0

R5 --> R5 + 0.87*R6

-1.143 ,-1.571 ,-2.571 ,-0.857 ,2.143 ,-0.571 ,0 ,0 | 0
1 ,3 ,0 ,0 ,-2 ,-1 ,0 ,0 | 0
2.571 ,2.286 ,0.286 ,1.429 ,-2.571 ,0.286 ,0 ,0 | 0
-6.143 ,-1.571 ,-1.571 ,2.143 ,2.143 ,-0.571 ,0 ,0 | 0
0.478 ,3.609 ,2.13 ,-2.826 ,-3.609 ,0 ,0 ,0 | 0
-2.571 ,-0.286 ,-4.286 ,-2.429 ,3.571 ,-3.286 ,0 ,0 | 0
-2.667 ,-1.333 ,-3.667 ,-2 ,5 ,-1.333 ,-2.333 ,0 | 0
-1 ,-2 ,-1 ,-3 ,3 ,-2 ,-2 ,3 | 0

R4 --> R4 - 0.174*R6

-1.143 ,-1.571 ,-2.571 ,-0.857 ,2.143 ,-0.571 ,0 ,0 | 0
1 ,3 ,0 ,0 ,-2 ,-1 ,0 ,0 | 0
2.571 ,2.286 ,0.286 ,1.429 ,-2.571 ,0.286 ,0 ,0 | 0
-5.696 ,-1.522 ,-0.826 ,2.565 ,1.522 ,0 ,0 ,0 | 0
0.478 ,3.609 ,2.13 ,-2.826 ,-3.609 ,0 ,0 ,0 | 0
-2.571 ,-0.286 ,-4.286 ,-2.429 ,3.571 ,-3.286 ,0 ,0 | 0
-2.667 ,-1.333 ,-3.667 ,-2 ,5 ,-1.333 ,-2.333 ,0 | 0
-1 ,-2 ,-1 ,-3 ,3 ,-2 ,-2 ,3 | 0

R3 --> R3 + 0.087*R6

-1.143 ,-1.571 ,-2.571 ,-0.857 ,2.143 ,-0.571 ,0 ,0 | 0
1 ,3 ,0 ,0 ,-2 ,-1 ,0 ,0 | 0
2.348 ,2.261 ,-0.087 ,1.217 ,-2.261 ,0 ,0 ,0 | 0
-5.696 ,-1.522 ,-0.826 ,2.565 ,1.522 ,0 ,0 ,0 | 0
0.478 ,3.609 ,2.13 ,-2.826 ,-3.609 ,0 ,0 ,0 | 0
-2.571 ,-0.286 ,-4.286 ,-2.429 ,3.571 ,-3.286 ,0 ,0 | 0
-2.667 ,-1.333 ,-3.667 ,-2 ,5 ,-1.333 ,-2.333 ,0 | 0
-1 ,-2 ,-1 ,-3 ,3 ,-2 ,-2 ,3 | 0

R2 --> R2 - 0.304*R6

-1.143 ,-1.571 ,-2.571 ,-0.857 ,2.143 ,-0.571 ,0 ,0 | 0
1.783 ,3.087 ,1.304 ,0.739 ,-3.087 ,0 ,0 ,0 | 0
2.348 ,2.261 ,-0.087 ,1.217 ,-2.261 ,0 ,0 ,0 | 0
-5.696 ,-1.522 ,-0.826 ,2.565 ,1.522 ,0 ,0 ,0 | 0
0.478 ,3.609 ,2.13 ,-2.826 ,-3.609 ,0 ,0 ,0 | 0
-2.571 ,-0.286 ,-4.286 ,-2.429 ,3.571 ,-3.286 ,0 ,0 | 0
-2.667 ,-1.333 ,-3.667 ,-2 ,5 ,-1.333 ,-2.333 ,0 | 0
-1 ,-2 ,-1 ,-3 ,3 ,-2 ,-2 ,3 | 0

R1 --> R1 - 0.174*R6

-0.696 ,-1.522 ,-1.826 ,-0.435 ,1.522 ,0 ,0 ,0 | 0
1.783 ,3.087 ,1.304 ,0.739 ,-3.087 ,0 ,0 ,0 | 0
2.348 ,2.261 ,-0.087 ,1.217 ,-2.261 ,0 ,0 ,0 | 0
-5.696 ,-1.522 ,-0.826 ,2.565 ,1.522 ,0 ,0 ,0 | 0
0.478 ,3.609 ,2.13 ,-2.826 ,-3.609 ,0 ,0 ,0 | 0
-2.571 ,-0.286 ,-4.286 ,-2.429 ,3.571 ,-3.286 ,0 ,0 | 0
-2.667 ,-1.333 ,-3.667 ,-2 ,5 ,-1.333 ,-2.333 ,0 | 0
-1 ,-2 ,-1 ,-3 ,3 ,-2 ,-2 ,3 | 0

R4 --> R4 + 0.422*R5

-0.696 ,-1.522 ,-1.826 ,-0.435 ,1.522 ,0 ,0 ,0 | 0
1.783 ,3.087 ,1.304 ,0.739 ,-3.087 ,0 ,0 ,0 | 0
2.348 ,2.261 ,-0.087 ,1.217 ,-2.261 ,0 ,0 ,0 | 0
-5.494 ,0 ,0.072 ,1.373 ,0 ,0 ,0 ,0 | 0
0.478 ,3.609 ,2.13 ,-2.826 ,-3.609 ,0 ,0 ,0 | 0
-2.571 ,-0.286 ,-4.286 ,-2.429 ,3.571 ,-3.286 ,0 ,0 | 0
-2.667 ,-1.333 ,-3.667 ,-2 ,5 ,-1.333 ,-2.333 ,0 | 0
-1 ,-2 ,-1 ,-3 ,3 ,-2 ,-2 ,3 | 0

R3 --> R3 - 0.627*R5

-0.696 ,-1.522 ,-1.826 ,-0.435 ,1.522 ,0 ,0 ,0 | 0
1.783 ,3.087 ,1.304 ,0.739 ,-3.087 ,0 ,0 ,0 | 0
2.048 ,0 ,-1.422 ,2.988 ,0 ,0 ,0 ,0 | 0
-5.494 ,0 ,0.072 ,1.373 ,0 ,0 ,0 ,0 | 0
0.478 ,3.609 ,2.13 ,-2.826 ,-3.609 ,0 ,0 ,0 | 0
-2.571 ,-0.286 ,-4.286 ,-2.429 ,3.571 ,-3.286 ,0 ,0 | 0
-2.667 ,-1.333 ,-3.667 ,-2 ,5 ,-1.333 ,-2.333 ,0 | 0
-1 ,-2 ,-1 ,-3 ,3 ,-2 ,-2 ,3 | 0

R2 --> R2 - 0.855*R5

-0.696 ,-1.522 ,-1.826 ,-0.435 ,1.522 ,0 ,0 ,0 | 0
1.373 ,0 ,-0.518 ,3.157 ,0 ,0 ,0 ,0 | 0
2.048 ,0 ,-1.422 ,2.988 ,0 ,0 ,0 ,0 | 0
-5.494 ,0 ,0.072 ,1.373 ,0 ,0 ,0 ,0 | 0
0.478 ,3.609 ,2.13 ,-2.826 ,-3.609 ,0 ,0 ,0 | 0
-2.571 ,-0.286 ,-4.286 ,-2.429 ,3.571 ,-3.286 ,0 ,0 | 0
-2.667 ,-1.333 ,-3.667 ,-2 ,5 ,-1.333 ,-2.333 ,0 | 0
-1 ,-2 ,-1 ,-3 ,3 ,-2 ,-2 ,3 | 0

R1 --> R1 + 0.422*R5

-0.494 ,0 ,-0.928 ,-1.627 ,0 ,0 ,0 ,0 | 0
1.373 ,0 ,-0.518 ,3.157 ,0 ,0 ,0 ,0 | 0
2.048 ,0 ,-1.422 ,2.988 ,0 ,0 ,0 ,0 | 0
-5.494 ,0 ,0.072 ,1.373 ,0 ,0 ,0 ,0 | 0
0.478 ,3.609 ,2.13 ,-2.826 ,-3.609 ,0 ,0 ,0 | 0
-2.571 ,-0.286 ,-4.286 ,-2.429 ,3.571 ,-3.286 ,0 ,0 | 0
-2.667 ,-1.333 ,-3.667 ,-2 ,5 ,-1.333 ,-2.333 ,0 | 0
-1 ,-2 ,-1 ,-3 ,3 ,-2 ,-2 ,3 | 0

R3 --> R3 - 2.175*R4

-0.494 ,0 ,-0.928 ,-1.627 ,0 ,0 ,0 ,0 | 0
1.373 ,0 ,-0.518 ,3.157 ,0 ,0 ,0 ,0 | 0
14 ,0 ,-1.579 ,0 ,0 ,0 ,0 ,0 | 0
-5.494 ,0 ,0.072 ,1.373 ,0 ,0 ,0 ,0 | 0
0.478 ,3.609 ,2.13 ,-2.826 ,-3.609 ,0 ,0 ,0 | 0
-2.571 ,-0.286 ,-4.286 ,-2.429 ,3.571 ,-3.286 ,0 ,0 | 0
-2.667 ,-1.333 ,-3.667 ,-2 ,5 ,-1.333 ,-2.333 ,0 | 0
-1 ,-2 ,-1 ,-3 ,3 ,-2 ,-2 ,3 | 0

R2 --> R2 - 2.298*R4

-0.494 ,0 ,-0.928 ,-1.627 ,0 ,0 ,0 ,0 | 0
14 ,0 ,-0.684 ,0 ,0 ,0 ,0 ,0 | 0
14 ,0 ,-1.579 ,0 ,0 ,0 ,0 ,0 | 0
-5.494 ,0 ,0.072 ,1.373 ,0 ,0 ,0 ,0 | 0
0.478 ,3.609 ,2.13 ,-2.826 ,-3.609 ,0 ,0 ,0 | 0
-2.571 ,-0.286 ,-4.286 ,-2.429 ,3.571 ,-3.286 ,0 ,0 | 0
-2.667 ,-1.333 ,-3.667 ,-2 ,5 ,-1.333 ,-2.333 ,0 | 0
-1 ,-2 ,-1 ,-3 ,3 ,-2 ,-2 ,3 | 0

R1 --> R1 + 1.184*R4

-7 ,0 ,-0.842 ,0 ,0 ,0 ,0 ,0 | 0
14 ,0 ,-0.684 ,0 ,0 ,0 ,0 ,0 | 0
14 ,0 ,-1.579 ,0 ,0 ,0 ,0 ,0 | 0
-5.494 ,0 ,0.072 ,1.373 ,0 ,0 ,0 ,0 | 0
0.478 ,3.609 ,2.13 ,-2.826 ,-3.609 ,0 ,0 ,0 | 0
-2.571 ,-0.286 ,-4.286 ,-2.429 ,3.571 ,-3.286 ,0 ,0 | 0
-2.667 ,-1.333 ,-3.667 ,-2 ,5 ,-1.333 ,-2.333 ,0 | 0
-1 ,-2 ,-1 ,-3 ,3 ,-2 ,-2 ,3 | 0

R2 --> R2 - 0.433*R3

-7 ,0 ,-0.842 ,0 ,0 ,0 ,0 ,0 | 0
7.933 ,0 ,0 ,0 ,0 ,0 ,0 ,0 | 0
14 ,0 ,-1.579 ,0 ,0 ,0 ,0 ,0 | 0
-5.494 ,0 ,0.072 ,1.373 ,0 ,0 ,0 ,0 | 0
0.478 ,3.609 ,2.13 ,-2.826 ,-3.609 ,0 ,0 ,0 | 0
-2.571 ,-0.286 ,-4.286 ,-2.429 ,3.571 ,-3.286 ,0 ,0 | 0
-2.667 ,-1.333 ,-3.667 ,-2 ,5 ,-1.333 ,-2.333 ,0 | 0
-1 ,-2 ,-1 ,-3 ,3 ,-2 ,-2 ,3 | 0

R2 --> 0.126*R2

-7 ,0 ,-0.842 ,0 ,0 ,0 ,0 ,0 | 0
1 ,0 ,0 ,0 ,0 ,0 ,0 ,0 | 0
14 ,0 ,-1.579 ,0 ,0 ,0 ,0 ,0 | 0
-5.494 ,0 ,0.072 ,1.373 ,0 ,0 ,0 ,0 | 0
0.478 ,3.609 ,2.13 ,-2.826 ,-3.609 ,0 ,0 ,0 | 0
-2.571 ,-0.286 ,-4.286 ,-2.429 ,3.571 ,-3.286 ,0 ,0 | 0
-2.667 ,-1.333 ,-3.667 ,-2 ,5 ,-1.333 ,-2.333 ,0 | 0
-1 ,-2 ,-1 ,-3 ,3 ,-2 ,-2 ,3 | 0

R1 --> R1 - 0.533*R3

-14.467 ,0 ,0 ,0 ,0 ,0 ,0 ,0 | 0
1 ,0 ,0 ,0 ,0 ,0 ,0 ,0 | 0
14 ,0 ,-1.579 ,0 ,0 ,0 ,0 ,0 | 0
-5.494 ,0 ,0.072 ,1.373 ,0 ,0 ,0 ,0 | 0
0.478 ,3.609 ,2.13 ,-2.826 ,-3.609 ,0 ,0 ,0 | 0
-2.571 ,-0.286 ,-4.286 ,-2.429 ,3.571 ,-3.286 ,0 ,0 | 0
-2.667 ,-1.333 ,-3.667 ,-2 ,5 ,-1.333 ,-2.333 ,0 | 0
-1 ,-2 ,-1 ,-3 ,3 ,-2 ,-2 ,3 | 0

R1 <--> R2

1 ,0 ,0 ,0 ,0 ,0 ,0 ,0 | 0
-14.467 ,0 ,0 ,0 ,0 ,0 ,0 ,0 | 0
14 ,0 ,-1.579 ,0 ,0 ,0 ,0 ,0 | 0
-5.494 ,0 ,0.072 ,1.373 ,0 ,0 ,0 ,0 | 0
0.478 ,3.609 ,2.13 ,-2.826 ,-3.609 ,0 ,0 ,0 | 0
-2.571 ,-0.286 ,-4.286 ,-2.429 ,3.571 ,-3.286 ,0 ,0 | 0
-2.667 ,-1.333 ,-3.667 ,-2 ,5 ,-1.333 ,-2.333 ,0 | 0
-1 ,-2 ,-1 ,-3 ,3 ,-2 ,-2 ,3 | 0

and now transform L matrix to I by an upper ranking:
R2 --> R2 + 14.467*R1

1 ,0 ,0 ,0 ,0 ,0 ,0 ,0 | 0
0 ,0 ,0 ,0 ,0 ,0 ,0 ,0 | 0
14 ,0 ,-1.579 ,0 ,0 ,0 ,0 ,0 | 0
-5.494 ,0 ,0.072 ,1.373 ,0 ,0 ,0 ,0 | 0
0.478 ,3.609 ,2.13 ,-2.826 ,-3.609 ,0 ,0 ,0 | 0
-2.571 ,-0.286 ,-4.286 ,-2.429 ,3.571 ,-3.286 ,0 ,0 | 0
-2.667 ,-1.333 ,-3.667 ,-2 ,5 ,-1.333 ,-2.333 ,0 | 0
-1 ,-2 ,-1 ,-3 ,3 ,-2 ,-2 ,3 | 0

R3 --> R3 - 14*R1

1 ,0 ,0 ,0 ,0 ,0 ,0 ,0 | 0
0 ,0 ,0 ,0 ,0 ,0 ,0 ,0 | 0
0 ,0 ,-1.579 ,0 ,0 ,0 ,0 ,0 | 0
-5.494 ,0 ,0.072 ,1.373 ,0 ,0 ,0 ,0 | 0
0.478 ,3.609 ,2.13 ,-2.826 ,-3.609 ,0 ,0 ,0 | 0
-2.571 ,-0.286 ,-4.286 ,-2.429 ,3.571 ,-3.286 ,0 ,0 | 0
-2.667 ,-1.333 ,-3.667 ,-2 ,5 ,-1.333 ,-2.333 ,0 | 0
-1 ,-2 ,-1 ,-3 ,3 ,-2 ,-2 ,3 | 0

R4 --> R4 + 5.494*R1

1 ,0 ,0 ,0 ,0 ,0 ,0 ,0 | 0
0 ,0 ,0 ,0 ,0 ,0 ,0 ,0 | 0
0 ,0 ,-1.579 ,0 ,0 ,0 ,0 ,0 | 0
0 ,0 ,0.072 ,1.373 ,0 ,0 ,0 ,0 | 0
0.478 ,3.609 ,2.13 ,-2.826 ,-3.609 ,0 ,0 ,0 | 0
-2.571 ,-0.286 ,-4.286 ,-2.429 ,3.571 ,-3.286 ,0 ,0 | 0
-2.667 ,-1.333 ,-3.667 ,-2 ,5 ,-1.333 ,-2.333 ,0 | 0
-1 ,-2 ,-1 ,-3 ,3 ,-2 ,-2 ,3 | 0

R5 --> R5 - 0.478*R1

1 ,0 ,0 ,0 ,0 ,0 ,0 ,0 | 0
0 ,0 ,0 ,0 ,0 ,0 ,0 ,0 | 0
0 ,0 ,-1.579 ,0 ,0 ,0 ,0 ,0 | 0
0 ,0 ,0.072 ,1.373 ,0 ,0 ,0 ,0 | 0
0 ,3.609 ,2.13 ,-2.826 ,-3.609 ,0 ,0 ,0 | 0
-2.571 ,-0.286 ,-4.286 ,-2.429 ,3.571 ,-3.286 ,0 ,0 | 0
-2.667 ,-1.333 ,-3.667 ,-2 ,5 ,-1.333 ,-2.333 ,0 | 0
-1 ,-2 ,-1 ,-3 ,3 ,-2 ,-2 ,3 | 0

R6 --> R6 + 2.571*R1

1 ,0 ,0 ,0 ,0 ,0 ,0 ,0 | 0
0 ,0 ,0 ,0 ,0 ,0 ,0 ,0 | 0
0 ,0 ,-1.579 ,0 ,0 ,0 ,0 ,0 | 0
0 ,0 ,0.072 ,1.373 ,0 ,0 ,0 ,0 | 0
0 ,3.609 ,2.13 ,-2.826 ,-3.609 ,0 ,0 ,0 | 0
0 ,-0.286 ,-4.286 ,-2.429 ,3.571 ,-3.286 ,0 ,0 | 0
-2.667 ,-1.333 ,-3.667 ,-2 ,5 ,-1.333 ,-2.333 ,0 | 0
-1 ,-2 ,-1 ,-3 ,3 ,-2 ,-2 ,3 | 0

R7 --> R7 + 2.667*R1

1 ,0 ,0 ,0 ,0 ,0 ,0 ,0 | 0
0 ,0 ,0 ,0 ,0 ,0 ,0 ,0 | 0
0 ,0 ,-1.579 ,0 ,0 ,0 ,0 ,0 | 0
0 ,0 ,0.072 ,1.373 ,0 ,0 ,0 ,0 | 0
0 ,3.609 ,2.13 ,-2.826 ,-3.609 ,0 ,0 ,0 | 0
0 ,-0.286 ,-4.286 ,-2.429 ,3.571 ,-3.286 ,0 ,0 | 0
0 ,-1.333 ,-3.667 ,-2 ,5 ,-1.333 ,-2.333 ,0 | 0
-1 ,-2 ,-1 ,-3 ,3 ,-2 ,-2 ,3 | 0

R8 --> R8 + R1

1 ,0 ,0 ,0 ,0 ,0 ,0 ,0 | 0
0 ,0 ,0 ,0 ,0 ,0 ,0 ,0 | 0
0 ,0 ,-1.579 ,0 ,0 ,0 ,0 ,0 | 0
0 ,0 ,0.072 ,1.373 ,0 ,0 ,0 ,0 | 0
0 ,3.609 ,2.13 ,-2.826 ,-3.609 ,0 ,0 ,0 | 0
0 ,-0.286 ,-4.286 ,-2.429 ,3.571 ,-3.286 ,0 ,0 | 0
0 ,-1.333 ,-3.667 ,-2 ,5 ,-1.333 ,-2.333 ,0 | 0
0 ,-2 ,-1 ,-3 ,3 ,-2 ,-2 ,3 | 0

define a new column in the vector b when x2 is a free variable in R8 space:
1 ,0 ,0 ,0 ,0 ,0 ,0 ,0 | 0 ,0
0 ,1 ,0 ,0 ,0 ,0 ,0 ,0 | 0 ,1
0 ,0 ,-1.579 ,0 ,0 ,0 ,0 ,0 | 0 ,0
0 ,0 ,0.072 ,1.373 ,0 ,0 ,0 ,0 | 0 ,0
0 ,3.609 ,2.13 ,-2.826 ,-3.609 ,0 ,0 ,0 | 0 ,0
0 ,-0.286 ,-4.286 ,-2.429 ,3.571 ,-3.286 ,0 ,0 | 0 ,0
0 ,-1.333 ,-3.667 ,-2 ,5 ,-1.333 ,-2.333 ,0 | 0 ,0
0 ,-2 ,-1 ,-3 ,3 ,-2 ,-2 ,3 | 0 ,0

R3 --> R3 + 0*R2

1 ,0 ,0 ,0 ,0 ,0 ,0 ,0 | 0 ,0
0 ,1 ,0 ,0 ,0 ,0 ,0 ,0 | 0 ,1
0 ,0 ,-1.579 ,0 ,0 ,0 ,0 ,0 | 0 ,0
0 ,0 ,0.072 ,1.373 ,0 ,0 ,0 ,0 | 0 ,0
0 ,3.609 ,2.13 ,-2.826 ,-3.609 ,0 ,0 ,0 | 0 ,0
0 ,-0.286 ,-4.286 ,-2.429 ,3.571 ,-3.286 ,0 ,0 | 0 ,0
0 ,-1.333 ,-3.667 ,-2 ,5 ,-1.333 ,-2.333 ,0 | 0 ,0
0 ,-2 ,-1 ,-3 ,3 ,-2 ,-2 ,3 | 0 ,0

R3 --> -0.633*R3

1 ,0 ,0 ,0 ,0 ,0 ,0 ,0 | 0 ,0
0 ,1 ,0 ,0 ,0 ,0 ,0 ,0 | 0 ,1
0 ,0 ,1 ,0 ,0 ,0 ,0 ,0 | 0 ,0
0 ,0 ,0.072 ,1.373 ,0 ,0 ,0 ,0 | 0 ,0
0 ,3.609 ,2.13 ,-2.826 ,-3.609 ,0 ,0 ,0 | 0 ,0
0 ,-0.286 ,-4.286 ,-2.429 ,3.571 ,-3.286 ,0 ,0 | 0 ,0
0 ,-1.333 ,-3.667 ,-2 ,5 ,-1.333 ,-2.333 ,0 | 0 ,0
0 ,-2 ,-1 ,-3 ,3 ,-2 ,-2 ,3 | 0 ,0

R5 --> R5 - 3.609*R2

1 ,0 ,0 ,0 ,0 ,0 ,0 ,0 | 0 ,0
0 ,1 ,0 ,0 ,0 ,0 ,0 ,0 | 0 ,1
0 ,0 ,1 ,0 ,0 ,0 ,0 ,0 | 0 ,0
0 ,0 ,0.072 ,1.373 ,0 ,0 ,0 ,0 | 0 ,0
0 ,0 ,2.13 ,-2.826 ,-3.609 ,0 ,0 ,0 | 0 ,-3.609
0 ,-0.286 ,-4.286 ,-2.429 ,3.571 ,-3.286 ,0 ,0 | 0 ,0
0 ,-1.333 ,-3.667 ,-2 ,5 ,-1.333 ,-2.333 ,0 | 0 ,0
0 ,-2 ,-1 ,-3 ,3 ,-2 ,-2 ,3 | 0 ,0

R6 --> R6 + 0.286*R2

1 ,0 ,0 ,0 ,0 ,0 ,0 ,0 | 0 ,0
0 ,1 ,0 ,0 ,0 ,0 ,0 ,0 | 0 ,1
0 ,0 ,1 ,0 ,0 ,0 ,0 ,0 | 0 ,0
0 ,0 ,0.072 ,1.373 ,0 ,0 ,0 ,0 | 0 ,0
0 ,0 ,2.13 ,-2.826 ,-3.609 ,0 ,0 ,0 | 0 ,-3.609
0 ,0 ,-4.286 ,-2.429 ,3.571 ,-3.286 ,0 ,0 | 0 ,0.286
0 ,-1.333 ,-3.667 ,-2 ,5 ,-1.333 ,-2.333 ,0 | 0 ,0
0 ,-2 ,-1 ,-3 ,3 ,-2 ,-2 ,3 | 0 ,0

R7 --> R7 + 1.333*R2

1 ,0 ,0 ,0 ,0 ,0 ,0 ,0 | 0 ,0
0 ,1 ,0 ,0 ,0 ,0 ,0 ,0 | 0 ,1
0 ,0 ,1 ,0 ,0 ,0 ,0 ,0 | 0 ,0
0 ,0 ,0.072 ,1.373 ,0 ,0 ,0 ,0 | 0 ,0
0 ,0 ,2.13 ,-2.826 ,-3.609 ,0 ,0 ,0 | 0 ,-3.609
0 ,0 ,-4.286 ,-2.429 ,3.571 ,-3.286 ,0 ,0 | 0 ,0.286
0 ,0 ,-3.667 ,-2 ,5 ,-1.333 ,-2.333 ,0 | 0 ,1.333
0 ,-2 ,-1 ,-3 ,3 ,-2 ,-2 ,3 | 0 ,0

R8 --> R8 + 2*R2

1 ,0 ,0 ,0 ,0 ,0 ,0 ,0 | 0 ,0
0 ,1 ,0 ,0 ,0 ,0 ,0 ,0 | 0 ,1
0 ,0 ,1 ,0 ,0 ,0 ,0 ,0 | 0 ,0
0 ,0 ,0.072 ,1.373 ,0 ,0 ,0 ,0 | 0 ,0
0 ,0 ,2.13 ,-2.826 ,-3.609 ,0 ,0 ,0 | 0 ,-3.609
0 ,0 ,-4.286 ,-2.429 ,3.571 ,-3.286 ,0 ,0 | 0 ,0.286
0 ,0 ,-3.667 ,-2 ,5 ,-1.333 ,-2.333 ,0 | 0 ,1.333
0 ,0 ,-1 ,-3 ,3 ,-2 ,-2 ,3 | 0 ,2

R4 --> R4 - 0.072*R3

1 ,0 ,0 ,0 ,0 ,0 ,0 ,0 | 0 ,0
0 ,1 ,0 ,0 ,0 ,0 ,0 ,0 | 0 ,1
0 ,0 ,1 ,0 ,0 ,0 ,0 ,0 | 0 ,0
0 ,0 ,0 ,1.373 ,0 ,0 ,0 ,0 | 0 ,0
0 ,0 ,2.13 ,-2.826 ,-3.609 ,0 ,0 ,0 | 0 ,-3.609
0 ,0 ,-4.286 ,-2.429 ,3.571 ,-3.286 ,0 ,0 | 0 ,0.286
0 ,0 ,-3.667 ,-2 ,5 ,-1.333 ,-2.333 ,0 | 0 ,1.333
0 ,0 ,-1 ,-3 ,3 ,-2 ,-2 ,3 | 0 ,2

R4 --> 0.728*R4

1 ,0 ,0 ,0 ,0 ,0 ,0 ,0 | 0 ,0
0 ,1 ,0 ,0 ,0 ,0 ,0 ,0 | 0 ,1
0 ,0 ,1 ,0 ,0 ,0 ,0 ,0 | 0 ,0
0 ,0 ,0 ,1 ,0 ,0 ,0 ,0 | 0 ,0
0 ,0 ,2.13 ,-2.826 ,-3.609 ,0 ,0 ,0 | 0 ,-3.609
0 ,0 ,-4.286 ,-2.429 ,3.571 ,-3.286 ,0 ,0 | 0 ,0.286
0 ,0 ,-3.667 ,-2 ,5 ,-1.333 ,-2.333 ,0 | 0 ,1.333
0 ,0 ,-1 ,-3 ,3 ,-2 ,-2 ,3 | 0 ,2

R5 --> R5 - 2.13*R3

1 ,0 ,0 ,0 ,0 ,0 ,0 ,0 | 0 ,0
0 ,1 ,0 ,0 ,0 ,0 ,0 ,0 | 0 ,1
0 ,0 ,1 ,0 ,0 ,0 ,0 ,0 | 0 ,0
0 ,0 ,0 ,1 ,0 ,0 ,0 ,0 | 0 ,0
0 ,0 ,0 ,-2.826 ,-3.609 ,0 ,0 ,0 | 0 ,-3.609
0 ,0 ,-4.286 ,-2.429 ,3.571 ,-3.286 ,0 ,0 | 0 ,0.286
0 ,0 ,-3.667 ,-2 ,5 ,-1.333 ,-2.333 ,0 | 0 ,1.333
0 ,0 ,-1 ,-3 ,3 ,-2 ,-2 ,3 | 0 ,2

R6 --> R6 + 4.286*R3

1 ,0 ,0 ,0 ,0 ,0 ,0 ,0 | 0 ,0
0 ,1 ,0 ,0 ,0 ,0 ,0 ,0 | 0 ,1
0 ,0 ,1 ,0 ,0 ,0 ,0 ,0 | 0 ,0
0 ,0 ,0 ,1 ,0 ,0 ,0 ,0 | 0 ,0
0 ,0 ,0 ,-2.826 ,-3.609 ,0 ,0 ,0 | 0 ,-3.609
0 ,0 ,0 ,-2.429 ,3.571 ,-3.286 ,0 ,0 | 0 ,0.286
0 ,0 ,-3.667 ,-2 ,5 ,-1.333 ,-2.333 ,0 | 0 ,1.333
0 ,0 ,-1 ,-3 ,3 ,-2 ,-2 ,3 | 0 ,2

R7 --> R7 + 3.667*R3

1 ,0 ,0 ,0 ,0 ,0 ,0 ,0 | 0 ,0
0 ,1 ,0 ,0 ,0 ,0 ,0 ,0 | 0 ,1
0 ,0 ,1 ,0 ,0 ,0 ,0 ,0 | 0 ,0
0 ,0 ,0 ,1 ,0 ,0 ,0 ,0 | 0 ,0
0 ,0 ,0 ,-2.826 ,-3.609 ,0 ,0 ,0 | 0 ,-3.609
0 ,0 ,0 ,-2.429 ,3.571 ,-3.286 ,0 ,0 | 0 ,0.286
0 ,0 ,0 ,-2 ,5 ,-1.333 ,-2.333 ,0 | 0 ,1.333
0 ,0 ,-1 ,-3 ,3 ,-2 ,-2 ,3 | 0 ,2

R8 --> R8 + R3

1 ,0 ,0 ,0 ,0 ,0 ,0 ,0 | 0 ,0
0 ,1 ,0 ,0 ,0 ,0 ,0 ,0 | 0 ,1
0 ,0 ,1 ,0 ,0 ,0 ,0 ,0 | 0 ,0
0 ,0 ,0 ,1 ,0 ,0 ,0 ,0 | 0 ,0
0 ,0 ,0 ,-2.826 ,-3.609 ,0 ,0 ,0 | 0 ,-3.609
0 ,0 ,0 ,-2.429 ,3.571 ,-3.286 ,0 ,0 | 0 ,0.286
0 ,0 ,0 ,-2 ,5 ,-1.333 ,-2.333 ,0 | 0 ,1.333
0 ,0 ,0 ,-3 ,3 ,-2 ,-2 ,3 | 0 ,2

R5 --> R5 + 2.826*R4

1 ,0 ,0 ,0 ,0 ,0 ,0 ,0 | 0 ,0
0 ,1 ,0 ,0 ,0 ,0 ,0 ,0 | 0 ,1
0 ,0 ,1 ,0 ,0 ,0 ,0 ,0 | 0 ,0
0 ,0 ,0 ,1 ,0 ,0 ,0 ,0 | 0 ,0
0 ,0 ,0 ,0 ,-3.609 ,0 ,0 ,0 | 0 ,-3.609
0 ,0 ,0 ,-2.429 ,3.571 ,-3.286 ,0 ,0 | 0 ,0.286
0 ,0 ,0 ,-2 ,5 ,-1.333 ,-2.333 ,0 | 0 ,1.333
0 ,0 ,0 ,-3 ,3 ,-2 ,-2 ,3 | 0 ,2

R5 --> -0.277*R5

1 ,0 ,0 ,0 ,0 ,0 ,0 ,0 | 0 ,0
0 ,1 ,0 ,0 ,0 ,0 ,0 ,0 | 0 ,1
0 ,0 ,1 ,0 ,0 ,0 ,0 ,0 | 0 ,0
0 ,0 ,0 ,1 ,0 ,0 ,0 ,0 | 0 ,0
0 ,0 ,0 ,0 ,1 ,0 ,0 ,0 | 0 ,1
0 ,0 ,0 ,-2.429 ,3.571 ,-3.286 ,0 ,0 | 0 ,0.286
0 ,0 ,0 ,-2 ,5 ,-1.333 ,-2.333 ,0 | 0 ,1.333
0 ,0 ,0 ,-3 ,3 ,-2 ,-2 ,3 | 0 ,2

R6 --> R6 + 2.429*R4

1 ,0 ,0 ,0 ,0 ,0 ,0 ,0 | 0 ,0
0 ,1 ,0 ,0 ,0 ,0 ,0 ,0 | 0 ,1
0 ,0 ,1 ,0 ,0 ,0 ,0 ,0 | 0 ,0
0 ,0 ,0 ,1 ,0 ,0 ,0 ,0 | 0 ,0
0 ,0 ,0 ,0 ,1 ,0 ,0 ,0 | 0 ,1
0 ,0 ,0 ,0 ,3.571 ,-3.286 ,0 ,0 | 0 ,0.286
0 ,0 ,0 ,-2 ,5 ,-1.333 ,-2.333 ,0 | 0 ,1.333
0 ,0 ,0 ,-3 ,3 ,-2 ,-2 ,3 | 0 ,2

R7 --> R7 + 2*R4

1 ,0 ,0 ,0 ,0 ,0 ,0 ,0 | 0 ,0
0 ,1 ,0 ,0 ,0 ,0 ,0 ,0 | 0 ,1
0 ,0 ,1 ,0 ,0 ,0 ,0 ,0 | 0 ,0
0 ,0 ,0 ,1 ,0 ,0 ,0 ,0 | 0 ,0
0 ,0 ,0 ,0 ,1 ,0 ,0 ,0 | 0 ,1
0 ,0 ,0 ,0 ,3.571 ,-3.286 ,0 ,0 | 0 ,0.286
0 ,0 ,0 ,0 ,5 ,-1.333 ,-2.333 ,0 | 0 ,1.333
0 ,0 ,0 ,-3 ,3 ,-2 ,-2 ,3 | 0 ,2

R8 --> R8 + 3*R4

1 ,0 ,0 ,0 ,0 ,0 ,0 ,0 | 0 ,0
0 ,1 ,0 ,0 ,0 ,0 ,0 ,0 | 0 ,1
0 ,0 ,1 ,0 ,0 ,0 ,0 ,0 | 0 ,0
0 ,0 ,0 ,1 ,0 ,0 ,0 ,0 | 0 ,0
0 ,0 ,0 ,0 ,1 ,0 ,0 ,0 | 0 ,1
0 ,0 ,0 ,0 ,3.571 ,-3.286 ,0 ,0 | 0 ,0.286
0 ,0 ,0 ,0 ,5 ,-1.333 ,-2.333 ,0 | 0 ,1.333
0 ,0 ,0 ,0 ,3 ,-2 ,-2 ,3 | 0 ,2

R6 --> R6 - 3.571*R5

1 ,0 ,0 ,0 ,0 ,0 ,0 ,0 | 0 ,0
0 ,1 ,0 ,0 ,0 ,0 ,0 ,0 | 0 ,1
0 ,0 ,1 ,0 ,0 ,0 ,0 ,0 | 0 ,0
0 ,0 ,0 ,1 ,0 ,0 ,0 ,0 | 0 ,0
0 ,0 ,0 ,0 ,1 ,0 ,0 ,0 | 0 ,1
0 ,0 ,0 ,0 ,0 ,-3.286 ,0 ,0 | 0 ,-3.286
0 ,0 ,0 ,0 ,5 ,-1.333 ,-2.333 ,0 | 0 ,1.333
0 ,0 ,0 ,0 ,3 ,-2 ,-2 ,3 | 0 ,2

R6 --> -0.304*R6

1 ,0 ,0 ,0 ,0 ,0 ,0 ,0 | 0 ,0
0 ,1 ,0 ,0 ,0 ,0 ,0 ,0 | 0 ,1
0 ,0 ,1 ,0 ,0 ,0 ,0 ,0 | 0 ,0
0 ,0 ,0 ,1 ,0 ,0 ,0 ,0 | 0 ,0
0 ,0 ,0 ,0 ,1 ,0 ,0 ,0 | 0 ,1
0 ,0 ,0 ,0 ,0 ,1 ,0 ,0 | 0 ,1
0 ,0 ,0 ,0 ,5 ,-1.333 ,-2.333 ,0 | 0 ,1.333
0 ,0 ,0 ,0 ,3 ,-2 ,-2 ,3 | 0 ,2

R7 --> R7 - 5*R5

1 ,0 ,0 ,0 ,0 ,0 ,0 ,0 | 0 ,0
0 ,1 ,0 ,0 ,0 ,0 ,0 ,0 | 0 ,1
0 ,0 ,1 ,0 ,0 ,0 ,0 ,0 | 0 ,0
0 ,0 ,0 ,1 ,0 ,0 ,0 ,0 | 0 ,0
0 ,0 ,0 ,0 ,1 ,0 ,0 ,0 | 0 ,1
0 ,0 ,0 ,0 ,0 ,1 ,0 ,0 | 0 ,1
0 ,0 ,0 ,0 ,0 ,-1.333 ,-2.333 ,0 | 0 ,-3.667
0 ,0 ,0 ,0 ,3 ,-2 ,-2 ,3 | 0 ,2

R8 --> R8 - 3*R5

1 ,0 ,0 ,0 ,0 ,0 ,0 ,0 | 0 ,0
0 ,1 ,0 ,0 ,0 ,0 ,0 ,0 | 0 ,1
0 ,0 ,1 ,0 ,0 ,0 ,0 ,0 | 0 ,0
0 ,0 ,0 ,1 ,0 ,0 ,0 ,0 | 0 ,0
0 ,0 ,0 ,0 ,1 ,0 ,0 ,0 | 0 ,1
0 ,0 ,0 ,0 ,0 ,1 ,0 ,0 | 0 ,1
0 ,0 ,0 ,0 ,0 ,-1.333 ,-2.333 ,0 | 0 ,-3.667
0 ,0 ,0 ,0 ,0 ,-2 ,-2 ,3 | 0 ,-1

R7 --> R7 + 1.333*R6

1 ,0 ,0 ,0 ,0 ,0 ,0 ,0 | 0 ,0
0 ,1 ,0 ,0 ,0 ,0 ,0 ,0 | 0 ,1
0 ,0 ,1 ,0 ,0 ,0 ,0 ,0 | 0 ,0
0 ,0 ,0 ,1 ,0 ,0 ,0 ,0 | 0 ,0
0 ,0 ,0 ,0 ,1 ,0 ,0 ,0 | 0 ,1
0 ,0 ,0 ,0 ,0 ,1 ,0 ,0 | 0 ,1
0 ,0 ,0 ,0 ,0 ,0 ,-2.333 ,0 | 0 ,-2.333
0 ,0 ,0 ,0 ,0 ,-2 ,-2 ,3 | 0 ,-1

R7 --> -0.429*R7

1 ,0 ,0 ,0 ,0 ,0 ,0 ,0 | 0 ,0
0 ,1 ,0 ,0 ,0 ,0 ,0 ,0 | 0 ,1
0 ,0 ,1 ,0 ,0 ,0 ,0 ,0 | 0 ,0
0 ,0 ,0 ,1 ,0 ,0 ,0 ,0 | 0 ,0
0 ,0 ,0 ,0 ,1 ,0 ,0 ,0 | 0 ,1
0 ,0 ,0 ,0 ,0 ,1 ,0 ,0 | 0 ,1
0 ,0 ,0 ,0 ,0 ,0 ,1 ,0 | 0 ,1
0 ,0 ,0 ,0 ,0 ,-2 ,-2 ,3 | 0 ,-1

R8 --> R8 + 2*R6

1 ,0 ,0 ,0 ,0 ,0 ,0 ,0 | 0 ,0
0 ,1 ,0 ,0 ,0 ,0 ,0 ,0 | 0 ,1
0 ,0 ,1 ,0 ,0 ,0 ,0 ,0 | 0 ,0
0 ,0 ,0 ,1 ,0 ,0 ,0 ,0 | 0 ,0
0 ,0 ,0 ,0 ,1 ,0 ,0 ,0 | 0 ,1
0 ,0 ,0 ,0 ,0 ,1 ,0 ,0 | 0 ,1
0 ,0 ,0 ,0 ,0 ,0 ,1 ,0 | 0 ,1
0 ,0 ,0 ,0 ,0 ,0 ,-2 ,3 | 0 ,1

R8 --> R8 + 2*R7

1 ,0 ,0 ,0 ,0 ,0 ,0 ,0 | 0 ,0
0 ,1 ,0 ,0 ,0 ,0 ,0 ,0 | 0 ,1
0 ,0 ,1 ,0 ,0 ,0 ,0 ,0 | 0 ,0
0 ,0 ,0 ,1 ,0 ,0 ,0 ,0 | 0 ,0
0 ,0 ,0 ,0 ,1 ,0 ,0 ,0 | 0 ,1
0 ,0 ,0 ,0 ,0 ,1 ,0 ,0 | 0 ,1
0 ,0 ,0 ,0 ,0 ,0 ,1 ,0 | 0 ,1
0 ,0 ,0 ,0 ,0 ,0 ,0 ,3 | 0 ,3

R8 --> 0.333*R8

1 ,0 ,0 ,0 ,0 ,0 ,0 ,0 | 0 ,0
0 ,1 ,0 ,0 ,0 ,0 ,0 ,0 | 0 ,1
0 ,0 ,1 ,0 ,0 ,0 ,0 ,0 | 0 ,0
0 ,0 ,0 ,1 ,0 ,0 ,0 ,0 | 0 ,0
0 ,0 ,0 ,0 ,1 ,0 ,0 ,0 | 0 ,1
0 ,0 ,0 ,0 ,0 ,1 ,0 ,0 | 0 ,1
0 ,0 ,0 ,0 ,0 ,0 ,1 ,0 | 0 ,1
0 ,0 ,0 ,0 ,0 ,0 ,0 ,1 | 0 ,1

the solution is an infinite set of vectors in R8 space which are linearly dependents in the vector space:
x = λ*(0 ,1 ,0 ,0 ,1 ,1 ,1 ,1) when λ it's a free scalar that belongs to the R set
