solve the next system in R6 space:
eq1: - 2*x1        - 4*x3 - 2*x4 + 5*x5 - 6*x6  = 0
eq2: + 6*x1 -   x2 - 2*x3        +   x5         = 0
eq3: + 6*x1               - 2*x4 + 5*x5 + 2*x6  = 0
eq4: - 2*x1        + 3*x3 + 2*x4 + 2*x5 + 3*x6  = 0
eq5: - 4*x1 - 2*x2 + 3*x3 - 6*x4 + 4*x5 - 4*x6  = 0
eq6: + 5*x1 +   x2 - 5*x3 -   x4 + 5*x5 - 2*x6  = 0

-2 ,0 ,-4 ,-2 ,5 ,-6 | 0
6 ,-1 ,-2 ,0 ,1 ,0 | 0
6 ,0 ,0 ,-2 ,5 ,2 | 0
-2 ,0 ,3 ,2 ,2 ,3 | 0
-4 ,-2 ,3 ,-6 ,4 ,-4 | 0
5 ,1 ,-5 ,-1 ,5 ,-2 | 0

implement the solution by lower --> upper ranking method:
transform A matrix to L by a lower ranking:
R5 --> R5 - 2*R6

-2 ,0 ,-4 ,-2 ,5 ,-6 | 0
6 ,-1 ,-2 ,0 ,1 ,0 | 0
6 ,0 ,0 ,-2 ,5 ,2 | 0
-2 ,0 ,3 ,2 ,2 ,3 | 0
-14 ,-4 ,13 ,-4 ,-6 ,0 | 0
5 ,1 ,-5 ,-1 ,5 ,-2 | 0

R4 --> R4 + 1.5*R6

-2 ,0 ,-4 ,-2 ,5 ,-6 | 0
6 ,-1 ,-2 ,0 ,1 ,0 | 0
6 ,0 ,0 ,-2 ,5 ,2 | 0
5.5 ,1.5 ,-4.5 ,0.5 ,9.5 ,0 | 0
-14 ,-4 ,13 ,-4 ,-6 ,0 | 0
5 ,1 ,-5 ,-1 ,5 ,-2 | 0

R3 --> R3 + R6

-2 ,0 ,-4 ,-2 ,5 ,-6 | 0
6 ,-1 ,-2 ,0 ,1 ,0 | 0
11 ,1 ,-5 ,-3 ,10 ,0 | 0
5.5 ,1.5 ,-4.5 ,0.5 ,9.5 ,0 | 0
-14 ,-4 ,13 ,-4 ,-6 ,0 | 0
5 ,1 ,-5 ,-1 ,5 ,-2 | 0

R1 --> R1 - 3*R6

-17 ,-3 ,11 ,1 ,-10 ,0 | 0
6 ,-1 ,-2 ,0 ,1 ,0 | 0
11 ,1 ,-5 ,-3 ,10 ,0 | 0
5.5 ,1.5 ,-4.5 ,0.5 ,9.5 ,0 | 0
-14 ,-4 ,13 ,-4 ,-6 ,0 | 0
5 ,1 ,-5 ,-1 ,5 ,-2 | 0

R4 --> R4 + 1.583*R5

-17 ,-3 ,11 ,1 ,-10 ,0 | 0
6 ,-1 ,-2 ,0 ,1 ,0 | 0
11 ,1 ,-5 ,-3 ,10 ,0 | 0
-16.667 ,-4.833 ,16.083 ,-5.833 ,0 ,0 | 0
-14 ,-4 ,13 ,-4 ,-6 ,0 | 0
5 ,1 ,-5 ,-1 ,5 ,-2 | 0

R3 --> R3 + 1.667*R5

-17 ,-3 ,11 ,1 ,-10 ,0 | 0
6 ,-1 ,-2 ,0 ,1 ,0 | 0
-12.333 ,-5.667 ,16.667 ,-9.667 ,0 ,0 | 0
-16.667 ,-4.833 ,16.083 ,-5.833 ,0 ,0 | 0
-14 ,-4 ,13 ,-4 ,-6 ,0 | 0
5 ,1 ,-5 ,-1 ,5 ,-2 | 0

R2 --> R2 + 0.167*R5

-17 ,-3 ,11 ,1 ,-10 ,0 | 0
3.667 ,-1.667 ,0.167 ,-0.667 ,0 ,0 | 0
-12.333 ,-5.667 ,16.667 ,-9.667 ,0 ,0 | 0
-16.667 ,-4.833 ,16.083 ,-5.833 ,0 ,0 | 0
-14 ,-4 ,13 ,-4 ,-6 ,0 | 0
5 ,1 ,-5 ,-1 ,5 ,-2 | 0

R1 --> R1 - 1.667*R5

6.333 ,3.667 ,-10.667 ,7.667 ,0 ,0 | 0
3.667 ,-1.667 ,0.167 ,-0.667 ,0 ,0 | 0
-12.333 ,-5.667 ,16.667 ,-9.667 ,0 ,0 | 0
-16.667 ,-4.833 ,16.083 ,-5.833 ,0 ,0 | 0
-14 ,-4 ,13 ,-4 ,-6 ,0 | 0
5 ,1 ,-5 ,-1 ,5 ,-2 | 0

R3 --> R3 - 1.657*R4

6.333 ,3.667 ,-10.667 ,7.667 ,0 ,0 | 0
3.667 ,-1.667 ,0.167 ,-0.667 ,0 ,0 | 0
15.286 ,2.343 ,-9.986 ,0 ,0 ,0 | 0
-16.667 ,-4.833 ,16.083 ,-5.833 ,0 ,0 | 0
-14 ,-4 ,13 ,-4 ,-6 ,0 | 0
5 ,1 ,-5 ,-1 ,5 ,-2 | 0

R2 --> R2 - 0.114*R4

6.333 ,3.667 ,-10.667 ,7.667 ,0 ,0 | 0
5.571 ,-1.114 ,-1.671 ,0 ,0 ,0 | 0
15.286 ,2.343 ,-9.986 ,0 ,0 ,0 | 0
-16.667 ,-4.833 ,16.083 ,-5.833 ,0 ,0 | 0
-14 ,-4 ,13 ,-4 ,-6 ,0 | 0
5 ,1 ,-5 ,-1 ,5 ,-2 | 0

R1 --> R1 + 1.314*R4

-15.571 ,-2.686 ,10.471 ,0 ,0 ,0 | 0
5.571 ,-1.114 ,-1.671 ,0 ,0 ,0 | 0
15.286 ,2.343 ,-9.986 ,0 ,0 ,0 | 0
-16.667 ,-4.833 ,16.083 ,-5.833 ,0 ,0 | 0
-14 ,-4 ,13 ,-4 ,-6 ,0 | 0
5 ,1 ,-5 ,-1 ,5 ,-2 | 0

R2 --> R2 - 0.167*R3

-15.571 ,-2.686 ,10.471 ,0 ,0 ,0 | 0
3.013 ,-1.506 ,0 ,0 ,0 ,0 | 0
15.286 ,2.343 ,-9.986 ,0 ,0 ,0 | 0
-16.667 ,-4.833 ,16.083 ,-5.833 ,0 ,0 | 0
-14 ,-4 ,13 ,-4 ,-6 ,0 | 0
5 ,1 ,-5 ,-1 ,5 ,-2 | 0

R1 --> R1 + 1.049*R3

0.458 ,-0.229 ,0 ,0 ,0 ,0 | 0
3.013 ,-1.506 ,0 ,0 ,0 ,0 | 0
15.286 ,2.343 ,-9.986 ,0 ,0 ,0 | 0
-16.667 ,-4.833 ,16.083 ,-5.833 ,0 ,0 | 0
-14 ,-4 ,13 ,-4 ,-6 ,0 | 0
5 ,1 ,-5 ,-1 ,5 ,-2 | 0

R1 --> R1 - 0.152*R2

0 ,0 ,0 ,0 ,0 ,0 | 0
3.013 ,-1.506 ,0 ,0 ,0 ,0 | 0
15.286 ,2.343 ,-9.986 ,0 ,0 ,0 | 0
-16.667 ,-4.833 ,16.083 ,-5.833 ,0 ,0 | 0
-14 ,-4 ,13 ,-4 ,-6 ,0 | 0
5 ,1 ,-5 ,-1 ,5 ,-2 | 0

and now transform L matrix to I by an upper ranking:
define a new column in the vector b when x1 is a free variable in R6 space:
1 ,0 ,0 ,0 ,0 ,0 | 0 ,1
3.013 ,-1.506 ,0 ,0 ,0 ,0 | 0 ,0
15.286 ,2.343 ,-9.986 ,0 ,0 ,0 | 0 ,0
-16.667 ,-4.833 ,16.083 ,-5.833 ,0 ,0 | 0 ,0
-14 ,-4 ,13 ,-4 ,-6 ,0 | 0 ,0
5 ,1 ,-5 ,-1 ,5 ,-2 | 0 ,0

R2 --> R2 - 3.013*R1

1 ,0 ,0 ,0 ,0 ,0 | 0 ,1
0 ,-1.506 ,0 ,0 ,0 ,0 | 0 ,-3.013
15.286 ,2.343 ,-9.986 ,0 ,0 ,0 | 0 ,0
-16.667 ,-4.833 ,16.083 ,-5.833 ,0 ,0 | 0 ,0
-14 ,-4 ,13 ,-4 ,-6 ,0 | 0 ,0
5 ,1 ,-5 ,-1 ,5 ,-2 | 0 ,0

R2 --> -0.664*R2

1 ,0 ,0 ,0 ,0 ,0 | 0 ,1
0 ,1 ,0 ,0 ,0 ,0 | 0 ,2
15.286 ,2.343 ,-9.986 ,0 ,0 ,0 | 0 ,0
-16.667 ,-4.833 ,16.083 ,-5.833 ,0 ,0 | 0 ,0
-14 ,-4 ,13 ,-4 ,-6 ,0 | 0 ,0
5 ,1 ,-5 ,-1 ,5 ,-2 | 0 ,0

R3 --> R3 - 15.286*R1

1 ,0 ,0 ,0 ,0 ,0 | 0 ,1
0 ,1 ,0 ,0 ,0 ,0 | 0 ,2
0 ,2.343 ,-9.986 ,0 ,0 ,0 | 0 ,-15.286
-16.667 ,-4.833 ,16.083 ,-5.833 ,0 ,0 | 0 ,0
-14 ,-4 ,13 ,-4 ,-6 ,0 | 0 ,0
5 ,1 ,-5 ,-1 ,5 ,-2 | 0 ,0

R4 --> R4 + 16.667*R1

1 ,0 ,0 ,0 ,0 ,0 | 0 ,1
0 ,1 ,0 ,0 ,0 ,0 | 0 ,2
0 ,2.343 ,-9.986 ,0 ,0 ,0 | 0 ,-15.286
0 ,-4.833 ,16.083 ,-5.833 ,0 ,0 | 0 ,16.667
-14 ,-4 ,13 ,-4 ,-6 ,0 | 0 ,0
5 ,1 ,-5 ,-1 ,5 ,-2 | 0 ,0

R5 --> R5 + 14*R1

1 ,0 ,0 ,0 ,0 ,0 | 0 ,1
0 ,1 ,0 ,0 ,0 ,0 | 0 ,2
0 ,2.343 ,-9.986 ,0 ,0 ,0 | 0 ,-15.286
0 ,-4.833 ,16.083 ,-5.833 ,0 ,0 | 0 ,16.667
0 ,-4 ,13 ,-4 ,-6 ,0 | 0 ,14
5 ,1 ,-5 ,-1 ,5 ,-2 | 0 ,0

R6 --> R6 - 5*R1

1 ,0 ,0 ,0 ,0 ,0 | 0 ,1
0 ,1 ,0 ,0 ,0 ,0 | 0 ,2
0 ,2.343 ,-9.986 ,0 ,0 ,0 | 0 ,-15.286
0 ,-4.833 ,16.083 ,-5.833 ,0 ,0 | 0 ,16.667
0 ,-4 ,13 ,-4 ,-6 ,0 | 0 ,14
0 ,1 ,-5 ,-1 ,5 ,-2 | 0 ,-5

R3 --> R3 - 2.343*R2

1 ,0 ,0 ,0 ,0 ,0 | 0 ,1
0 ,1 ,0 ,0 ,0 ,0 | 0 ,2
0 ,0 ,-9.986 ,0 ,0 ,0 | 0 ,-19.971
0 ,-4.833 ,16.083 ,-5.833 ,0 ,0 | 0 ,16.667
0 ,-4 ,13 ,-4 ,-6 ,0 | 0 ,14
0 ,1 ,-5 ,-1 ,5 ,-2 | 0 ,-5

R3 --> -0.1*R3

1 ,0 ,0 ,0 ,0 ,0 | 0 ,1
0 ,1 ,0 ,0 ,0 ,0 | 0 ,2
0 ,0 ,1 ,0 ,0 ,0 | 0 ,2
0 ,-4.833 ,16.083 ,-5.833 ,0 ,0 | 0 ,16.667
0 ,-4 ,13 ,-4 ,-6 ,0 | 0 ,14
0 ,1 ,-5 ,-1 ,5 ,-2 | 0 ,-5

R4 --> R4 + 4.833*R2

1 ,0 ,0 ,0 ,0 ,0 | 0 ,1
0 ,1 ,0 ,0 ,0 ,0 | 0 ,2
0 ,0 ,1 ,0 ,0 ,0 | 0 ,2
0 ,0 ,16.083 ,-5.833 ,0 ,0 | 0 ,26.333
0 ,-4 ,13 ,-4 ,-6 ,0 | 0 ,14
0 ,1 ,-5 ,-1 ,5 ,-2 | 0 ,-5

R5 --> R5 + 4*R2

1 ,0 ,0 ,0 ,0 ,0 | 0 ,1
0 ,1 ,0 ,0 ,0 ,0 | 0 ,2
0 ,0 ,1 ,0 ,0 ,0 | 0 ,2
0 ,0 ,16.083 ,-5.833 ,0 ,0 | 0 ,26.333
0 ,0 ,13 ,-4 ,-6 ,0 | 0 ,22
0 ,1 ,-5 ,-1 ,5 ,-2 | 0 ,-5

R6 --> R6 - R2

1 ,0 ,0 ,0 ,0 ,0 | 0 ,1
0 ,1 ,0 ,0 ,0 ,0 | 0 ,2
0 ,0 ,1 ,0 ,0 ,0 | 0 ,2
0 ,0 ,16.083 ,-5.833 ,0 ,0 | 0 ,26.333
0 ,0 ,13 ,-4 ,-6 ,0 | 0 ,22
0 ,0 ,-5 ,-1 ,5 ,-2 | 0 ,-7

R4 --> R4 - 16.083*R3

1 ,0 ,0 ,0 ,0 ,0 | 0 ,1
0 ,1 ,0 ,0 ,0 ,0 | 0 ,2
0 ,0 ,1 ,0 ,0 ,0 | 0 ,2
0 ,0 ,0 ,-5.833 ,0 ,0 | 0 ,-5.833
0 ,0 ,13 ,-4 ,-6 ,0 | 0 ,22
0 ,0 ,-5 ,-1 ,5 ,-2 | 0 ,-7

R4 --> -0.171*R4

1 ,0 ,0 ,0 ,0 ,0 | 0 ,1
0 ,1 ,0 ,0 ,0 ,0 | 0 ,2
0 ,0 ,1 ,0 ,0 ,0 | 0 ,2
0 ,0 ,0 ,1 ,0 ,0 | 0 ,1
0 ,0 ,13 ,-4 ,-6 ,0 | 0 ,22
0 ,0 ,-5 ,-1 ,5 ,-2 | 0 ,-7

R5 --> R5 - 13*R3

1 ,0 ,0 ,0 ,0 ,0 | 0 ,1
0 ,1 ,0 ,0 ,0 ,0 | 0 ,2
0 ,0 ,1 ,0 ,0 ,0 | 0 ,2
0 ,0 ,0 ,1 ,0 ,0 | 0 ,1
0 ,0 ,0 ,-4 ,-6 ,0 | 0 ,-4
0 ,0 ,-5 ,-1 ,5 ,-2 | 0 ,-7

R6 --> R6 + 5*R3

1 ,0 ,0 ,0 ,0 ,0 | 0 ,1
0 ,1 ,0 ,0 ,0 ,0 | 0 ,2
0 ,0 ,1 ,0 ,0 ,0 | 0 ,2
0 ,0 ,0 ,1 ,0 ,0 | 0 ,1
0 ,0 ,0 ,-4 ,-6 ,0 | 0 ,-4
0 ,0 ,0 ,-1 ,5 ,-2 | 0 ,3

R5 --> R5 + 4*R4

1 ,0 ,0 ,0 ,0 ,0 | 0 ,1
0 ,1 ,0 ,0 ,0 ,0 | 0 ,2
0 ,0 ,1 ,0 ,0 ,0 | 0 ,2
0 ,0 ,0 ,1 ,0 ,0 | 0 ,1
0 ,0 ,0 ,0 ,-6 ,0 | 0 ,0
0 ,0 ,0 ,-1 ,5 ,-2 | 0 ,3

R5 --> -0.167*R5

1 ,0 ,0 ,0 ,0 ,0 | 0 ,1
0 ,1 ,0 ,0 ,0 ,0 | 0 ,2
0 ,0 ,1 ,0 ,0 ,0 | 0 ,2
0 ,0 ,0 ,1 ,0 ,0 | 0 ,1
0 ,0 ,0 ,0 ,1 ,0 | 0 ,0
0 ,0 ,0 ,-1 ,5 ,-2 | 0 ,3

R6 --> R6 + R4

1 ,0 ,0 ,0 ,0 ,0 | 0 ,1
0 ,1 ,0 ,0 ,0 ,0 | 0 ,2
0 ,0 ,1 ,0 ,0 ,0 | 0 ,2
0 ,0 ,0 ,1 ,0 ,0 | 0 ,1
0 ,0 ,0 ,0 ,1 ,0 | 0 ,0
0 ,0 ,0 ,0 ,5 ,-2 | 0 ,4

R6 --> R6 - 5*R5

1 ,0 ,0 ,0 ,0 ,0 | 0 ,1
0 ,1 ,0 ,0 ,0 ,0 | 0 ,2
0 ,0 ,1 ,0 ,0 ,0 | 0 ,2
0 ,0 ,0 ,1 ,0 ,0 | 0 ,1
0 ,0 ,0 ,0 ,1 ,0 | 0 ,0
0 ,0 ,0 ,0 ,0 ,-2 | 0 ,4

R6 --> -0.5*R6

1 ,0 ,0 ,0 ,0 ,0 | 0 ,1
0 ,1 ,0 ,0 ,0 ,0 | 0 ,2
0 ,0 ,1 ,0 ,0 ,0 | 0 ,2
0 ,0 ,0 ,1 ,0 ,0 | 0 ,1
0 ,0 ,0 ,0 ,1 ,0 | 0 ,0
0 ,0 ,0 ,0 ,0 ,1 | 0 ,-2

the solution is an infinite set of vectors in R6 space which are linearly dependents in the vector space:
x = λ*(1 ,2 ,2 ,1 ,0 ,-2) when λ it's a free scalar that belongs to the R set
