solve the next system in R7 space:
eq1: + 6*x1 - 3*x2 + 7*x3 - 6*x4 - 5*x5 - 2*x6 + 3*x7  = -2
eq2: + 5*x1 + 4*x2 + 7*x3 + 6*x4 + 6*x5 + 2*x6 - 5*x7  = -9
eq3: - 4*x1 - 2*x2 -   x3 - 5*x4 - 2*x5 + 3*x6 - 5*x7  = 15
eq4: - 7*x1 +   x2 + 2*x3 -   x4 - 5*x5        + 6*x7  = 0
eq5: + 7*x1 - 2*x2        + 7*x4 - 2*x5 + 4*x6 - 2*x7  = 18
eq6: -   x1 - 3*x2 - 4*x3 - 4*x4               + 2*x7  = -13
eq7: + 7*x1 - 6*x2 - 6*x3 - 4*x4 + 6*x5 -   x6 + 2*x7  = -15

6 ,-3 ,7 ,-6 ,-5 ,-2 ,3 | -2
5 ,4 ,7 ,6 ,6 ,2 ,-5 | -9
-4 ,-2 ,-1 ,-5 ,-2 ,3 ,-5 | 15
-7 ,1 ,2 ,-1 ,-5 ,0 ,6 | 0
7 ,-2 ,0 ,7 ,-2 ,4 ,-2 | 18
-1 ,-3 ,-4 ,-4 ,0 ,0 ,2 | -13
7 ,-6 ,-6 ,-4 ,6 ,-1 ,2 | -15

implement the solution by parallel ranking method:
transform A matrix to I by a parallel ranking:
R2 --> R2 - 0.833*R1

6 ,-3 ,7 ,-6 ,-5 ,-2 ,3 | -2
0 ,6.5 ,1.167 ,11 ,10.167 ,3.667 ,-7.5 | -7.333
-4 ,-2 ,-1 ,-5 ,-2 ,3 ,-5 | 15
-7 ,1 ,2 ,-1 ,-5 ,0 ,6 | 0
7 ,-2 ,0 ,7 ,-2 ,4 ,-2 | 18
-1 ,-3 ,-4 ,-4 ,0 ,0 ,2 | -13
7 ,-6 ,-6 ,-4 ,6 ,-1 ,2 | -15

R3 --> R3 + 0.667*R1

6 ,-3 ,7 ,-6 ,-5 ,-2 ,3 | -2
0 ,6.5 ,1.167 ,11 ,10.167 ,3.667 ,-7.5 | -7.333
0 ,-4 ,3.667 ,-9 ,-5.333 ,1.667 ,-3 | 13.667
-7 ,1 ,2 ,-1 ,-5 ,0 ,6 | 0
7 ,-2 ,0 ,7 ,-2 ,4 ,-2 | 18
-1 ,-3 ,-4 ,-4 ,0 ,0 ,2 | -13
7 ,-6 ,-6 ,-4 ,6 ,-1 ,2 | -15

R4 --> R4 + 1.167*R1

6 ,-3 ,7 ,-6 ,-5 ,-2 ,3 | -2
0 ,6.5 ,1.167 ,11 ,10.167 ,3.667 ,-7.5 | -7.333
0 ,-4 ,3.667 ,-9 ,-5.333 ,1.667 ,-3 | 13.667
0 ,-2.5 ,10.167 ,-8 ,-10.833 ,-2.333 ,9.5 | -2.333
7 ,-2 ,0 ,7 ,-2 ,4 ,-2 | 18
-1 ,-3 ,-4 ,-4 ,0 ,0 ,2 | -13
7 ,-6 ,-6 ,-4 ,6 ,-1 ,2 | -15

R5 --> R5 - 1.167*R1

6 ,-3 ,7 ,-6 ,-5 ,-2 ,3 | -2
0 ,6.5 ,1.167 ,11 ,10.167 ,3.667 ,-7.5 | -7.333
0 ,-4 ,3.667 ,-9 ,-5.333 ,1.667 ,-3 | 13.667
0 ,-2.5 ,10.167 ,-8 ,-10.833 ,-2.333 ,9.5 | -2.333
0 ,1.5 ,-8.167 ,14 ,3.833 ,6.333 ,-5.5 | 20.333
-1 ,-3 ,-4 ,-4 ,0 ,0 ,2 | -13
7 ,-6 ,-6 ,-4 ,6 ,-1 ,2 | -15

R6 --> R6 + 0.167*R1

6 ,-3 ,7 ,-6 ,-5 ,-2 ,3 | -2
0 ,6.5 ,1.167 ,11 ,10.167 ,3.667 ,-7.5 | -7.333
0 ,-4 ,3.667 ,-9 ,-5.333 ,1.667 ,-3 | 13.667
0 ,-2.5 ,10.167 ,-8 ,-10.833 ,-2.333 ,9.5 | -2.333
0 ,1.5 ,-8.167 ,14 ,3.833 ,6.333 ,-5.5 | 20.333
0 ,-3.5 ,-2.833 ,-5 ,-0.833 ,-0.333 ,2.5 | -13.333
7 ,-6 ,-6 ,-4 ,6 ,-1 ,2 | -15

R7 --> R7 - 1.167*R1

6 ,-3 ,7 ,-6 ,-5 ,-2 ,3 | -2
0 ,6.5 ,1.167 ,11 ,10.167 ,3.667 ,-7.5 | -7.333
0 ,-4 ,3.667 ,-9 ,-5.333 ,1.667 ,-3 | 13.667
0 ,-2.5 ,10.167 ,-8 ,-10.833 ,-2.333 ,9.5 | -2.333
0 ,1.5 ,-8.167 ,14 ,3.833 ,6.333 ,-5.5 | 20.333
0 ,-3.5 ,-2.833 ,-5 ,-0.833 ,-0.333 ,2.5 | -13.333
0 ,-2.5 ,-14.167 ,3 ,11.833 ,1.333 ,-1.5 | -12.667

R1 --> R1 + 0.462*R2

6 ,0 ,7.538 ,-0.923 ,-0.308 ,-0.308 ,-0.462 | -5.385
0 ,6.5 ,1.167 ,11 ,10.167 ,3.667 ,-7.5 | -7.333
0 ,-4 ,3.667 ,-9 ,-5.333 ,1.667 ,-3 | 13.667
0 ,-2.5 ,10.167 ,-8 ,-10.833 ,-2.333 ,9.5 | -2.333
0 ,1.5 ,-8.167 ,14 ,3.833 ,6.333 ,-5.5 | 20.333
0 ,-3.5 ,-2.833 ,-5 ,-0.833 ,-0.333 ,2.5 | -13.333
0 ,-2.5 ,-14.167 ,3 ,11.833 ,1.333 ,-1.5 | -12.667

R3 --> R3 + 0.615*R2

6 ,0 ,7.538 ,-0.923 ,-0.308 ,-0.308 ,-0.462 | -5.385
0 ,6.5 ,1.167 ,11 ,10.167 ,3.667 ,-7.5 | -7.333
0 ,0 ,4.385 ,-2.231 ,0.923 ,3.923 ,-7.615 | 9.154
0 ,-2.5 ,10.167 ,-8 ,-10.833 ,-2.333 ,9.5 | -2.333
0 ,1.5 ,-8.167 ,14 ,3.833 ,6.333 ,-5.5 | 20.333
0 ,-3.5 ,-2.833 ,-5 ,-0.833 ,-0.333 ,2.5 | -13.333
0 ,-2.5 ,-14.167 ,3 ,11.833 ,1.333 ,-1.5 | -12.667

R4 --> R4 + 0.385*R2

6 ,0 ,7.538 ,-0.923 ,-0.308 ,-0.308 ,-0.462 | -5.385
0 ,6.5 ,1.167 ,11 ,10.167 ,3.667 ,-7.5 | -7.333
0 ,0 ,4.385 ,-2.231 ,0.923 ,3.923 ,-7.615 | 9.154
0 ,0 ,10.615 ,-3.769 ,-6.923 ,-0.923 ,6.615 | -5.154
0 ,1.5 ,-8.167 ,14 ,3.833 ,6.333 ,-5.5 | 20.333
0 ,-3.5 ,-2.833 ,-5 ,-0.833 ,-0.333 ,2.5 | -13.333
0 ,-2.5 ,-14.167 ,3 ,11.833 ,1.333 ,-1.5 | -12.667

R5 --> R5 - 0.231*R2

6 ,0 ,7.538 ,-0.923 ,-0.308 ,-0.308 ,-0.462 | -5.385
0 ,6.5 ,1.167 ,11 ,10.167 ,3.667 ,-7.5 | -7.333
0 ,0 ,4.385 ,-2.231 ,0.923 ,3.923 ,-7.615 | 9.154
0 ,0 ,10.615 ,-3.769 ,-6.923 ,-0.923 ,6.615 | -5.154
0 ,0 ,-8.436 ,11.462 ,1.487 ,5.487 ,-3.769 | 22.026
0 ,-3.5 ,-2.833 ,-5 ,-0.833 ,-0.333 ,2.5 | -13.333
0 ,-2.5 ,-14.167 ,3 ,11.833 ,1.333 ,-1.5 | -12.667

R6 --> R6 + 0.538*R2

6 ,0 ,7.538 ,-0.923 ,-0.308 ,-0.308 ,-0.462 | -5.385
0 ,6.5 ,1.167 ,11 ,10.167 ,3.667 ,-7.5 | -7.333
0 ,0 ,4.385 ,-2.231 ,0.923 ,3.923 ,-7.615 | 9.154
0 ,0 ,10.615 ,-3.769 ,-6.923 ,-0.923 ,6.615 | -5.154
0 ,0 ,-8.436 ,11.462 ,1.487 ,5.487 ,-3.769 | 22.026
0 ,0 ,-2.205 ,0.923 ,4.641 ,1.641 ,-1.538 | -17.282
0 ,-2.5 ,-14.167 ,3 ,11.833 ,1.333 ,-1.5 | -12.667

R7 --> R7 + 0.385*R2

6 ,0 ,7.538 ,-0.923 ,-0.308 ,-0.308 ,-0.462 | -5.385
0 ,6.5 ,1.167 ,11 ,10.167 ,3.667 ,-7.5 | -7.333
0 ,0 ,4.385 ,-2.231 ,0.923 ,3.923 ,-7.615 | 9.154
0 ,0 ,10.615 ,-3.769 ,-6.923 ,-0.923 ,6.615 | -5.154
0 ,0 ,-8.436 ,11.462 ,1.487 ,5.487 ,-3.769 | 22.026
0 ,0 ,-2.205 ,0.923 ,4.641 ,1.641 ,-1.538 | -17.282
0 ,0 ,-13.718 ,7.231 ,15.744 ,2.744 ,-4.385 | -15.487

R1 --> R1 - 1.719*R3

6 ,0 ,0 ,2.912 ,-1.895 ,-7.053 ,12.632 | -21.123
0 ,6.5 ,1.167 ,11 ,10.167 ,3.667 ,-7.5 | -7.333
0 ,0 ,4.385 ,-2.231 ,0.923 ,3.923 ,-7.615 | 9.154
0 ,0 ,10.615 ,-3.769 ,-6.923 ,-0.923 ,6.615 | -5.154
0 ,0 ,-8.436 ,11.462 ,1.487 ,5.487 ,-3.769 | 22.026
0 ,0 ,-2.205 ,0.923 ,4.641 ,1.641 ,-1.538 | -17.282
0 ,0 ,-13.718 ,7.231 ,15.744 ,2.744 ,-4.385 | -15.487

R2 --> R2 - 0.266*R3

6 ,0 ,0 ,2.912 ,-1.895 ,-7.053 ,12.632 | -21.123
0 ,6.5 ,0 ,11.594 ,9.921 ,2.623 ,-5.474 | -9.769
0 ,0 ,4.385 ,-2.231 ,0.923 ,3.923 ,-7.615 | 9.154
0 ,0 ,10.615 ,-3.769 ,-6.923 ,-0.923 ,6.615 | -5.154
0 ,0 ,-8.436 ,11.462 ,1.487 ,5.487 ,-3.769 | 22.026
0 ,0 ,-2.205 ,0.923 ,4.641 ,1.641 ,-1.538 | -17.282
0 ,0 ,-13.718 ,7.231 ,15.744 ,2.744 ,-4.385 | -15.487

R4 --> R4 - 2.421*R3

6 ,0 ,0 ,2.912 ,-1.895 ,-7.053 ,12.632 | -21.123
0 ,6.5 ,0 ,11.594 ,9.921 ,2.623 ,-5.474 | -9.769
0 ,0 ,4.385 ,-2.231 ,0.923 ,3.923 ,-7.615 | 9.154
0 ,0 ,0 ,1.632 ,-9.158 ,-10.421 ,25.053 | -27.316
0 ,0 ,-8.436 ,11.462 ,1.487 ,5.487 ,-3.769 | 22.026
0 ,0 ,-2.205 ,0.923 ,4.641 ,1.641 ,-1.538 | -17.282
0 ,0 ,-13.718 ,7.231 ,15.744 ,2.744 ,-4.385 | -15.487

R5 --> R5 + 1.924*R3

6 ,0 ,0 ,2.912 ,-1.895 ,-7.053 ,12.632 | -21.123
0 ,6.5 ,0 ,11.594 ,9.921 ,2.623 ,-5.474 | -9.769
0 ,0 ,4.385 ,-2.231 ,0.923 ,3.923 ,-7.615 | 9.154
0 ,0 ,0 ,1.632 ,-9.158 ,-10.421 ,25.053 | -27.316
0 ,0 ,0 ,7.17 ,3.263 ,13.035 ,-18.421 | 39.637
0 ,0 ,-2.205 ,0.923 ,4.641 ,1.641 ,-1.538 | -17.282
0 ,0 ,-13.718 ,7.231 ,15.744 ,2.744 ,-4.385 | -15.487

R6 --> R6 + 0.503*R3

6 ,0 ,0 ,2.912 ,-1.895 ,-7.053 ,12.632 | -21.123
0 ,6.5 ,0 ,11.594 ,9.921 ,2.623 ,-5.474 | -9.769
0 ,0 ,4.385 ,-2.231 ,0.923 ,3.923 ,-7.615 | 9.154
0 ,0 ,0 ,1.632 ,-9.158 ,-10.421 ,25.053 | -27.316
0 ,0 ,0 ,7.17 ,3.263 ,13.035 ,-18.421 | 39.637
0 ,0 ,0 ,-0.199 ,5.105 ,3.614 ,-5.368 | -12.678
0 ,0 ,-13.718 ,7.231 ,15.744 ,2.744 ,-4.385 | -15.487

R7 --> R7 + 3.129*R3

6 ,0 ,0 ,2.912 ,-1.895 ,-7.053 ,12.632 | -21.123
0 ,6.5 ,0 ,11.594 ,9.921 ,2.623 ,-5.474 | -9.769
0 ,0 ,4.385 ,-2.231 ,0.923 ,3.923 ,-7.615 | 9.154
0 ,0 ,0 ,1.632 ,-9.158 ,-10.421 ,25.053 | -27.316
0 ,0 ,0 ,7.17 ,3.263 ,13.035 ,-18.421 | 39.637
0 ,0 ,0 ,-0.199 ,5.105 ,3.614 ,-5.368 | -12.678
0 ,0 ,0 ,0.251 ,18.632 ,15.018 ,-28.211 | 13.152

R1 --> R1 - 1.785*R4

6 ,0 ,0 ,0 ,14.452 ,11.548 ,-32.086 | 27.634
0 ,6.5 ,0 ,11.594 ,9.921 ,2.623 ,-5.474 | -9.769
0 ,0 ,4.385 ,-2.231 ,0.923 ,3.923 ,-7.615 | 9.154
0 ,0 ,0 ,1.632 ,-9.158 ,-10.421 ,25.053 | -27.316
0 ,0 ,0 ,7.17 ,3.263 ,13.035 ,-18.421 | 39.637
0 ,0 ,0 ,-0.199 ,5.105 ,3.614 ,-5.368 | -12.678
0 ,0 ,0 ,0.251 ,18.632 ,15.018 ,-28.211 | 13.152

R2 --> R2 - 7.106*R4

6 ,0 ,0 ,0 ,14.452 ,11.548 ,-32.086 | 27.634
0 ,6.5 ,0 ,0 ,74.995 ,76.672 ,-183.491 | 184.33
0 ,0 ,4.385 ,-2.231 ,0.923 ,3.923 ,-7.615 | 9.154
0 ,0 ,0 ,1.632 ,-9.158 ,-10.421 ,25.053 | -27.316
0 ,0 ,0 ,7.17 ,3.263 ,13.035 ,-18.421 | 39.637
0 ,0 ,0 ,-0.199 ,5.105 ,3.614 ,-5.368 | -12.678
0 ,0 ,0 ,0.251 ,18.632 ,15.018 ,-28.211 | 13.152

R3 --> R3 + 1.367*R4

6 ,0 ,0 ,0 ,14.452 ,11.548 ,-32.086 | 27.634
0 ,6.5 ,0 ,0 ,74.995 ,76.672 ,-183.491 | 184.33
0 ,0 ,4.385 ,0 ,-11.598 ,-10.325 ,26.638 | -28.194
0 ,0 ,0 ,1.632 ,-9.158 ,-10.421 ,25.053 | -27.316
0 ,0 ,0 ,7.17 ,3.263 ,13.035 ,-18.421 | 39.637
0 ,0 ,0 ,-0.199 ,5.105 ,3.614 ,-5.368 | -12.678
0 ,0 ,0 ,0.251 ,18.632 ,15.018 ,-28.211 | 13.152

R5 --> R5 - 4.394*R4

6 ,0 ,0 ,0 ,14.452 ,11.548 ,-32.086 | 27.634
0 ,6.5 ,0 ,0 ,74.995 ,76.672 ,-183.491 | 184.33
0 ,0 ,4.385 ,0 ,-11.598 ,-10.325 ,26.638 | -28.194
0 ,0 ,0 ,1.632 ,-9.158 ,-10.421 ,25.053 | -27.316
0 ,0 ,0 ,0 ,43.505 ,58.828 ,-128.509 | 159.67
0 ,0 ,0 ,-0.199 ,5.105 ,3.614 ,-5.368 | -12.678
0 ,0 ,0 ,0.251 ,18.632 ,15.018 ,-28.211 | 13.152

R6 --> R6 + 0.122*R4

6 ,0 ,0 ,0 ,14.452 ,11.548 ,-32.086 | 27.634
0 ,6.5 ,0 ,0 ,74.995 ,76.672 ,-183.491 | 184.33
0 ,0 ,4.385 ,0 ,-11.598 ,-10.325 ,26.638 | -28.194
0 ,0 ,0 ,1.632 ,-9.158 ,-10.421 ,25.053 | -27.316
0 ,0 ,0 ,0 ,43.505 ,58.828 ,-128.509 | 159.67
0 ,0 ,0 ,0 ,3.989 ,2.344 ,-2.315 | -16.007
0 ,0 ,0 ,0.251 ,18.632 ,15.018 ,-28.211 | 13.152

R7 --> R7 - 0.154*R4

6 ,0 ,0 ,0 ,14.452 ,11.548 ,-32.086 | 27.634
0 ,6.5 ,0 ,0 ,74.995 ,76.672 ,-183.491 | 184.33
0 ,0 ,4.385 ,0 ,-11.598 ,-10.325 ,26.638 | -28.194
0 ,0 ,0 ,1.632 ,-9.158 ,-10.421 ,25.053 | -27.316
0 ,0 ,0 ,0 ,43.505 ,58.828 ,-128.509 | 159.67
0 ,0 ,0 ,0 ,3.989 ,2.344 ,-2.315 | -16.007
0 ,0 ,0 ,0 ,20.043 ,16.624 ,-32.072 | 17.362

R1 --> R1 - 0.332*R5

6 ,0 ,0 ,0 ,0 ,-7.993 ,10.602 | -25.405
0 ,6.5 ,0 ,0 ,74.995 ,76.672 ,-183.491 | 184.33
0 ,0 ,4.385 ,0 ,-11.598 ,-10.325 ,26.638 | -28.194
0 ,0 ,0 ,1.632 ,-9.158 ,-10.421 ,25.053 | -27.316
0 ,0 ,0 ,0 ,43.505 ,58.828 ,-128.509 | 159.67
0 ,0 ,0 ,0 ,3.989 ,2.344 ,-2.315 | -16.007
0 ,0 ,0 ,0 ,20.043 ,16.624 ,-32.072 | 17.362

R2 --> R2 - 1.724*R5

6 ,0 ,0 ,0 ,0 ,-7.993 ,10.602 | -25.405
0 ,6.5 ,0 ,0 ,0 ,-24.736 ,38.033 | -90.91
0 ,0 ,4.385 ,0 ,-11.598 ,-10.325 ,26.638 | -28.194
0 ,0 ,0 ,1.632 ,-9.158 ,-10.421 ,25.053 | -27.316
0 ,0 ,0 ,0 ,43.505 ,58.828 ,-128.509 | 159.67
0 ,0 ,0 ,0 ,3.989 ,2.344 ,-2.315 | -16.007
0 ,0 ,0 ,0 ,20.043 ,16.624 ,-32.072 | 17.362

R3 --> R3 + 0.267*R5

6 ,0 ,0 ,0 ,0 ,-7.993 ,10.602 | -25.405
0 ,6.5 ,0 ,0 ,0 ,-24.736 ,38.033 | -90.91
0 ,0 ,4.385 ,0 ,0 ,5.358 ,-7.621 | 14.373
0 ,0 ,0 ,1.632 ,-9.158 ,-10.421 ,25.053 | -27.316
0 ,0 ,0 ,0 ,43.505 ,58.828 ,-128.509 | 159.67
0 ,0 ,0 ,0 ,3.989 ,2.344 ,-2.315 | -16.007
0 ,0 ,0 ,0 ,20.043 ,16.624 ,-32.072 | 17.362

R4 --> R4 + 0.211*R5

6 ,0 ,0 ,0 ,0 ,-7.993 ,10.602 | -25.405
0 ,6.5 ,0 ,0 ,0 ,-24.736 ,38.033 | -90.91
0 ,0 ,4.385 ,0 ,0 ,5.358 ,-7.621 | 14.373
0 ,0 ,0 ,1.632 ,0 ,1.962 ,-1.999 | 6.295
0 ,0 ,0 ,0 ,43.505 ,58.828 ,-128.509 | 159.67
0 ,0 ,0 ,0 ,3.989 ,2.344 ,-2.315 | -16.007
0 ,0 ,0 ,0 ,20.043 ,16.624 ,-32.072 | 17.362

R6 --> R6 - 0.092*R5

6 ,0 ,0 ,0 ,0 ,-7.993 ,10.602 | -25.405
0 ,6.5 ,0 ,0 ,0 ,-24.736 ,38.033 | -90.91
0 ,0 ,4.385 ,0 ,0 ,5.358 ,-7.621 | 14.373
0 ,0 ,0 ,1.632 ,0 ,1.962 ,-1.999 | 6.295
0 ,0 ,0 ,0 ,43.505 ,58.828 ,-128.509 | 159.67
0 ,0 ,0 ,0 ,0 ,-3.05 ,9.468 | -30.648
0 ,0 ,0 ,0 ,20.043 ,16.624 ,-32.072 | 17.362

R7 --> R7 - 0.461*R5

6 ,0 ,0 ,0 ,0 ,-7.993 ,10.602 | -25.405
0 ,6.5 ,0 ,0 ,0 ,-24.736 ,38.033 | -90.91
0 ,0 ,4.385 ,0 ,0 ,5.358 ,-7.621 | 14.373
0 ,0 ,0 ,1.632 ,0 ,1.962 ,-1.999 | 6.295
0 ,0 ,0 ,0 ,43.505 ,58.828 ,-128.509 | 159.67
0 ,0 ,0 ,0 ,0 ,-3.05 ,9.468 | -30.648
0 ,0 ,0 ,0 ,0 ,-10.478 ,27.133 | -56.198

R1 --> R1 - 2.621*R6

6 ,0 ,0 ,0 ,0 ,0 ,-14.21 | 54.91
0 ,6.5 ,0 ,0 ,0 ,-24.736 ,38.033 | -90.91
0 ,0 ,4.385 ,0 ,0 ,5.358 ,-7.621 | 14.373
0 ,0 ,0 ,1.632 ,0 ,1.962 ,-1.999 | 6.295
0 ,0 ,0 ,0 ,43.505 ,58.828 ,-128.509 | 159.67
0 ,0 ,0 ,0 ,0 ,-3.05 ,9.468 | -30.648
0 ,0 ,0 ,0 ,0 ,-10.478 ,27.133 | -56.198

R2 --> R2 - 8.11*R6

6 ,0 ,0 ,0 ,0 ,0 ,-14.21 | 54.91
0 ,6.5 ,0 ,0 ,0 ,0 ,-38.751 | 157.634
0 ,0 ,4.385 ,0 ,0 ,5.358 ,-7.621 | 14.373
0 ,0 ,0 ,1.632 ,0 ,1.962 ,-1.999 | 6.295
0 ,0 ,0 ,0 ,43.505 ,58.828 ,-128.509 | 159.67
0 ,0 ,0 ,0 ,0 ,-3.05 ,9.468 | -30.648
0 ,0 ,0 ,0 ,0 ,-10.478 ,27.133 | -56.198

R3 --> R3 + 1.757*R6

6 ,0 ,0 ,0 ,0 ,0 ,-14.21 | 54.91
0 ,6.5 ,0 ,0 ,0 ,0 ,-38.751 | 157.634
0 ,0 ,4.385 ,0 ,0 ,0 ,9.01 | -39.462
0 ,0 ,0 ,1.632 ,0 ,1.962 ,-1.999 | 6.295
0 ,0 ,0 ,0 ,43.505 ,58.828 ,-128.509 | 159.67
0 ,0 ,0 ,0 ,0 ,-3.05 ,9.468 | -30.648
0 ,0 ,0 ,0 ,0 ,-10.478 ,27.133 | -56.198

R4 --> R4 + 0.643*R6

6 ,0 ,0 ,0 ,0 ,0 ,-14.21 | 54.91
0 ,6.5 ,0 ,0 ,0 ,0 ,-38.751 | 157.634
0 ,0 ,4.385 ,0 ,0 ,0 ,9.01 | -39.462
0 ,0 ,0 ,1.632 ,0 ,0 ,4.093 | -13.422
0 ,0 ,0 ,0 ,43.505 ,58.828 ,-128.509 | 159.67
0 ,0 ,0 ,0 ,0 ,-3.05 ,9.468 | -30.648
0 ,0 ,0 ,0 ,0 ,-10.478 ,27.133 | -56.198

R5 --> R5 + 19.287*R6

6 ,0 ,0 ,0 ,0 ,0 ,-14.21 | 54.91
0 ,6.5 ,0 ,0 ,0 ,0 ,-38.751 | 157.634
0 ,0 ,4.385 ,0 ,0 ,0 ,9.01 | -39.462
0 ,0 ,0 ,1.632 ,0 ,0 ,4.093 | -13.422
0 ,0 ,0 ,0 ,43.505 ,0 ,54.104 | -431.435
0 ,0 ,0 ,0 ,0 ,-3.05 ,9.468 | -30.648
0 ,0 ,0 ,0 ,0 ,-10.478 ,27.133 | -56.198

R7 --> R7 - 3.435*R6

6 ,0 ,0 ,0 ,0 ,0 ,-14.21 | 54.91
0 ,6.5 ,0 ,0 ,0 ,0 ,-38.751 | 157.634
0 ,0 ,4.385 ,0 ,0 ,0 ,9.01 | -39.462
0 ,0 ,0 ,1.632 ,0 ,0 ,4.093 | -13.422
0 ,0 ,0 ,0 ,43.505 ,0 ,54.104 | -431.435
0 ,0 ,0 ,0 ,0 ,-3.05 ,9.468 | -30.648
0 ,0 ,0 ,0 ,0 ,0 ,-5.394 | 49.09

R7 --> -0.185*R7

6 ,0 ,0 ,0 ,0 ,0 ,-14.21 | 54.91
0 ,6.5 ,0 ,0 ,0 ,0 ,-38.751 | 157.634
0 ,0 ,4.385 ,0 ,0 ,0 ,9.01 | -39.462
0 ,0 ,0 ,1.632 ,0 ,0 ,4.093 | -13.422
0 ,0 ,0 ,0 ,43.505 ,0 ,54.104 | -431.435
0 ,0 ,0 ,0 ,0 ,-3.05 ,9.468 | -30.648
0 ,0 ,0 ,0 ,0 ,0 ,1 | -9.1

R1 --> R1 + 14.21*R7

6 ,0 ,0 ,0 ,0 ,0 ,0 | -74.4
0 ,6.5 ,0 ,0 ,0 ,0 ,-38.751 | 157.634
0 ,0 ,4.385 ,0 ,0 ,0 ,9.01 | -39.462
0 ,0 ,0 ,1.632 ,0 ,0 ,4.093 | -13.422
0 ,0 ,0 ,0 ,43.505 ,0 ,54.104 | -431.435
0 ,0 ,0 ,0 ,0 ,-3.05 ,9.468 | -30.648
0 ,0 ,0 ,0 ,0 ,0 ,1 | -9.1

R1 --> 0.167*R1

1 ,0 ,0 ,0 ,0 ,0 ,0 | -12.4
0 ,6.5 ,0 ,0 ,0 ,0 ,-38.751 | 157.634
0 ,0 ,4.385 ,0 ,0 ,0 ,9.01 | -39.462
0 ,0 ,0 ,1.632 ,0 ,0 ,4.093 | -13.422
0 ,0 ,0 ,0 ,43.505 ,0 ,54.104 | -431.435
0 ,0 ,0 ,0 ,0 ,-3.05 ,9.468 | -30.648
0 ,0 ,0 ,0 ,0 ,0 ,1 | -9.1

R2 --> R2 + 38.751*R7

1 ,0 ,0 ,0 ,0 ,0 ,0 | -12.4
0 ,6.5 ,0 ,0 ,0 ,0 ,0 | -195
0 ,0 ,4.385 ,0 ,0 ,0 ,9.01 | -39.462
0 ,0 ,0 ,1.632 ,0 ,0 ,4.093 | -13.422
0 ,0 ,0 ,0 ,43.505 ,0 ,54.104 | -431.435
0 ,0 ,0 ,0 ,0 ,-3.05 ,9.468 | -30.648
0 ,0 ,0 ,0 ,0 ,0 ,1 | -9.1

R2 --> 0.154*R2

1 ,0 ,0 ,0 ,0 ,0 ,0 | -12.4
0 ,1 ,0 ,0 ,0 ,0 ,0 | -30
0 ,0 ,4.385 ,0 ,0 ,0 ,9.01 | -39.462
0 ,0 ,0 ,1.632 ,0 ,0 ,4.093 | -13.422
0 ,0 ,0 ,0 ,43.505 ,0 ,54.104 | -431.435
0 ,0 ,0 ,0 ,0 ,-3.05 ,9.468 | -30.648
0 ,0 ,0 ,0 ,0 ,0 ,1 | -9.1

R3 --> R3 - 9.01*R7

1 ,0 ,0 ,0 ,0 ,0 ,0 | -12.4
0 ,1 ,0 ,0 ,0 ,0 ,0 | -30
0 ,0 ,4.385 ,0 ,0 ,0 ,0 | 42.531
0 ,0 ,0 ,1.632 ,0 ,0 ,4.093 | -13.422
0 ,0 ,0 ,0 ,43.505 ,0 ,54.104 | -431.435
0 ,0 ,0 ,0 ,0 ,-3.05 ,9.468 | -30.648
0 ,0 ,0 ,0 ,0 ,0 ,1 | -9.1

R3 --> 0.228*R3

1 ,0 ,0 ,0 ,0 ,0 ,0 | -12.4
0 ,1 ,0 ,0 ,0 ,0 ,0 | -30
0 ,0 ,1 ,0 ,0 ,0 ,0 | 9.7
0 ,0 ,0 ,1.632 ,0 ,0 ,4.093 | -13.422
0 ,0 ,0 ,0 ,43.505 ,0 ,54.104 | -431.435
0 ,0 ,0 ,0 ,0 ,-3.05 ,9.468 | -30.648
0 ,0 ,0 ,0 ,0 ,0 ,1 | -9.1

R4 --> R4 - 4.093*R7

1 ,0 ,0 ,0 ,0 ,0 ,0 | -12.4
0 ,1 ,0 ,0 ,0 ,0 ,0 | -30
0 ,0 ,1 ,0 ,0 ,0 ,0 | 9.7
0 ,0 ,0 ,1.632 ,0 ,0 ,0 | 23.821
0 ,0 ,0 ,0 ,43.505 ,0 ,54.104 | -431.435
0 ,0 ,0 ,0 ,0 ,-3.05 ,9.468 | -30.648
0 ,0 ,0 ,0 ,0 ,0 ,1 | -9.1

R4 --> 0.613*R4

1 ,0 ,0 ,0 ,0 ,0 ,0 | -12.4
0 ,1 ,0 ,0 ,0 ,0 ,0 | -30
0 ,0 ,1 ,0 ,0 ,0 ,0 | 9.7
0 ,0 ,0 ,1 ,0 ,0 ,0 | 14.6
0 ,0 ,0 ,0 ,43.505 ,0 ,54.104 | -431.435
0 ,0 ,0 ,0 ,0 ,-3.05 ,9.468 | -30.648
0 ,0 ,0 ,0 ,0 ,0 ,1 | -9.1

R5 --> R5 - 54.104*R7

1 ,0 ,0 ,0 ,0 ,0 ,0 | -12.4
0 ,1 ,0 ,0 ,0 ,0 ,0 | -30
0 ,0 ,1 ,0 ,0 ,0 ,0 | 9.7
0 ,0 ,0 ,1 ,0 ,0 ,0 | 14.6
0 ,0 ,0 ,0 ,43.505 ,0 ,0 | 60.907
0 ,0 ,0 ,0 ,0 ,-3.05 ,9.468 | -30.648
0 ,0 ,0 ,0 ,0 ,0 ,1 | -9.1

R5 --> 0.023*R5

1 ,0 ,0 ,0 ,0 ,0 ,0 | -12.4
0 ,1 ,0 ,0 ,0 ,0 ,0 | -30
0 ,0 ,1 ,0 ,0 ,0 ,0 | 9.7
0 ,0 ,0 ,1 ,0 ,0 ,0 | 14.6
0 ,0 ,0 ,0 ,1 ,0 ,0 | 1.4
0 ,0 ,0 ,0 ,0 ,-3.05 ,9.468 | -30.648
0 ,0 ,0 ,0 ,0 ,0 ,1 | -9.1

R6 --> R6 - 9.468*R7

1 ,0 ,0 ,0 ,0 ,0 ,0 | -12.4
0 ,1 ,0 ,0 ,0 ,0 ,0 | -30
0 ,0 ,1 ,0 ,0 ,0 ,0 | 9.7
0 ,0 ,0 ,1 ,0 ,0 ,0 | 14.6
0 ,0 ,0 ,0 ,1 ,0 ,0 | 1.4
0 ,0 ,0 ,0 ,0 ,-3.05 ,0 | 55.513
0 ,0 ,0 ,0 ,0 ,0 ,1 | -9.1

R6 --> -0.328*R6

1 ,0 ,0 ,0 ,0 ,0 ,0 | -12.4
0 ,1 ,0 ,0 ,0 ,0 ,0 | -30
0 ,0 ,1 ,0 ,0 ,0 ,0 | 9.7
0 ,0 ,0 ,1 ,0 ,0 ,0 | 14.6
0 ,0 ,0 ,0 ,1 ,0 ,0 | 1.4
0 ,0 ,0 ,0 ,0 ,1 ,0 | -18.2
0 ,0 ,0 ,0 ,0 ,0 ,1 | -9.1

exist a single solution in R7 space for the system which is:
x = (-12.4 ,-30 ,9.7 ,14.6 ,1.4 ,-18.2 ,-9.1)
