solve the next system in R7 space:
eq1: - 3*x1 + 6*x2 - 3*x3 + 3*x4 - 4*x5 + 6*x6 + 6*x7  = 14
eq2: + 4*x1        + 2*x3 - 4*x4 - 6*x5 - 6*x6 - 3*x7  = -6
eq3: - 2*x1 - 2*x2 - 7*x3 + 5*x4 + 3*x5 + 3*x6 + 2*x7  = 20
eq4: - 5*x1        + 2*x3        + 3*x5 + 2*x6 + 4*x7  = 6
eq5: - 6*x1               + 7*x4 - 3*x5 + 4*x6 + 6*x7  = 16
eq6: + 5*x1 - 5*x2 + 2*x3 +   x4 + 7*x5 - 2*x6 - 5*x7  = -10
eq7: - 3*x1 - 2*x2 + 6*x3 + 5*x4        -   x6 + 7*x7  = -15

-3 ,6 ,-3 ,3 ,-4 ,6 ,6 | 14
4 ,0 ,2 ,-4 ,-6 ,-6 ,-3 | -6
-2 ,-2 ,-7 ,5 ,3 ,3 ,2 | 20
-5 ,0 ,2 ,0 ,3 ,2 ,4 | 6
-6 ,0 ,0 ,7 ,-3 ,4 ,6 | 16
5 ,-5 ,2 ,1 ,7 ,-2 ,-5 | -10
-3 ,-2 ,6 ,5 ,0 ,-1 ,7 | -15

implement the solution by parallel ranking method:
transform A matrix to I by a parallel ranking:
R2 --> R2 + 1.333*R1

-3 ,6 ,-3 ,3 ,-4 ,6 ,6 | 14
0 ,8 ,-2 ,0 ,-11.333 ,2 ,5 | 12.667
-2 ,-2 ,-7 ,5 ,3 ,3 ,2 | 20
-5 ,0 ,2 ,0 ,3 ,2 ,4 | 6
-6 ,0 ,0 ,7 ,-3 ,4 ,6 | 16
5 ,-5 ,2 ,1 ,7 ,-2 ,-5 | -10
-3 ,-2 ,6 ,5 ,0 ,-1 ,7 | -15

R3 --> R3 - 0.667*R1

-3 ,6 ,-3 ,3 ,-4 ,6 ,6 | 14
0 ,8 ,-2 ,0 ,-11.333 ,2 ,5 | 12.667
0 ,-6 ,-5 ,3 ,5.667 ,-1 ,-2 | 10.667
-5 ,0 ,2 ,0 ,3 ,2 ,4 | 6
-6 ,0 ,0 ,7 ,-3 ,4 ,6 | 16
5 ,-5 ,2 ,1 ,7 ,-2 ,-5 | -10
-3 ,-2 ,6 ,5 ,0 ,-1 ,7 | -15

R4 --> R4 - 1.667*R1

-3 ,6 ,-3 ,3 ,-4 ,6 ,6 | 14
0 ,8 ,-2 ,0 ,-11.333 ,2 ,5 | 12.667
0 ,-6 ,-5 ,3 ,5.667 ,-1 ,-2 | 10.667
0 ,-10 ,7 ,-5 ,9.667 ,-8 ,-6 | -17.333
-6 ,0 ,0 ,7 ,-3 ,4 ,6 | 16
5 ,-5 ,2 ,1 ,7 ,-2 ,-5 | -10
-3 ,-2 ,6 ,5 ,0 ,-1 ,7 | -15

R5 --> R5 - 2*R1

-3 ,6 ,-3 ,3 ,-4 ,6 ,6 | 14
0 ,8 ,-2 ,0 ,-11.333 ,2 ,5 | 12.667
0 ,-6 ,-5 ,3 ,5.667 ,-1 ,-2 | 10.667
0 ,-10 ,7 ,-5 ,9.667 ,-8 ,-6 | -17.333
0 ,-12 ,6 ,1 ,5 ,-8 ,-6 | -12
5 ,-5 ,2 ,1 ,7 ,-2 ,-5 | -10
-3 ,-2 ,6 ,5 ,0 ,-1 ,7 | -15

R6 --> R6 + 1.667*R1

-3 ,6 ,-3 ,3 ,-4 ,6 ,6 | 14
0 ,8 ,-2 ,0 ,-11.333 ,2 ,5 | 12.667
0 ,-6 ,-5 ,3 ,5.667 ,-1 ,-2 | 10.667
0 ,-10 ,7 ,-5 ,9.667 ,-8 ,-6 | -17.333
0 ,-12 ,6 ,1 ,5 ,-8 ,-6 | -12
0 ,5 ,-3 ,6 ,0.333 ,8 ,5 | 13.333
-3 ,-2 ,6 ,5 ,0 ,-1 ,7 | -15

R7 --> R7 - R1

-3 ,6 ,-3 ,3 ,-4 ,6 ,6 | 14
0 ,8 ,-2 ,0 ,-11.333 ,2 ,5 | 12.667
0 ,-6 ,-5 ,3 ,5.667 ,-1 ,-2 | 10.667
0 ,-10 ,7 ,-5 ,9.667 ,-8 ,-6 | -17.333
0 ,-12 ,6 ,1 ,5 ,-8 ,-6 | -12
0 ,5 ,-3 ,6 ,0.333 ,8 ,5 | 13.333
0 ,-8 ,9 ,2 ,4 ,-7 ,1 | -29

R1 --> R1 - 0.75*R2

-3 ,0 ,-1.5 ,3 ,4.5 ,4.5 ,2.25 | 4.5
0 ,8 ,-2 ,0 ,-11.333 ,2 ,5 | 12.667
0 ,-6 ,-5 ,3 ,5.667 ,-1 ,-2 | 10.667
0 ,-10 ,7 ,-5 ,9.667 ,-8 ,-6 | -17.333
0 ,-12 ,6 ,1 ,5 ,-8 ,-6 | -12
0 ,5 ,-3 ,6 ,0.333 ,8 ,5 | 13.333
0 ,-8 ,9 ,2 ,4 ,-7 ,1 | -29

R3 --> R3 + 0.75*R2

-3 ,0 ,-1.5 ,3 ,4.5 ,4.5 ,2.25 | 4.5
0 ,8 ,-2 ,0 ,-11.333 ,2 ,5 | 12.667
0 ,0 ,-6.5 ,3 ,-2.833 ,0.5 ,1.75 | 20.167
0 ,-10 ,7 ,-5 ,9.667 ,-8 ,-6 | -17.333
0 ,-12 ,6 ,1 ,5 ,-8 ,-6 | -12
0 ,5 ,-3 ,6 ,0.333 ,8 ,5 | 13.333
0 ,-8 ,9 ,2 ,4 ,-7 ,1 | -29

R4 --> R4 + 1.25*R2

-3 ,0 ,-1.5 ,3 ,4.5 ,4.5 ,2.25 | 4.5
0 ,8 ,-2 ,0 ,-11.333 ,2 ,5 | 12.667
0 ,0 ,-6.5 ,3 ,-2.833 ,0.5 ,1.75 | 20.167
0 ,0 ,4.5 ,-5 ,-4.5 ,-5.5 ,0.25 | -1.5
0 ,-12 ,6 ,1 ,5 ,-8 ,-6 | -12
0 ,5 ,-3 ,6 ,0.333 ,8 ,5 | 13.333
0 ,-8 ,9 ,2 ,4 ,-7 ,1 | -29

R5 --> R5 + 1.5*R2

-3 ,0 ,-1.5 ,3 ,4.5 ,4.5 ,2.25 | 4.5
0 ,8 ,-2 ,0 ,-11.333 ,2 ,5 | 12.667
0 ,0 ,-6.5 ,3 ,-2.833 ,0.5 ,1.75 | 20.167
0 ,0 ,4.5 ,-5 ,-4.5 ,-5.5 ,0.25 | -1.5
0 ,0 ,3 ,1 ,-12 ,-5 ,1.5 | 7
0 ,5 ,-3 ,6 ,0.333 ,8 ,5 | 13.333
0 ,-8 ,9 ,2 ,4 ,-7 ,1 | -29

R6 --> R6 - 0.625*R2

-3 ,0 ,-1.5 ,3 ,4.5 ,4.5 ,2.25 | 4.5
0 ,8 ,-2 ,0 ,-11.333 ,2 ,5 | 12.667
0 ,0 ,-6.5 ,3 ,-2.833 ,0.5 ,1.75 | 20.167
0 ,0 ,4.5 ,-5 ,-4.5 ,-5.5 ,0.25 | -1.5
0 ,0 ,3 ,1 ,-12 ,-5 ,1.5 | 7
0 ,0 ,-1.75 ,6 ,7.417 ,6.75 ,1.875 | 5.417
0 ,-8 ,9 ,2 ,4 ,-7 ,1 | -29

R7 --> R7 + R2

-3 ,0 ,-1.5 ,3 ,4.5 ,4.5 ,2.25 | 4.5
0 ,8 ,-2 ,0 ,-11.333 ,2 ,5 | 12.667
0 ,0 ,-6.5 ,3 ,-2.833 ,0.5 ,1.75 | 20.167
0 ,0 ,4.5 ,-5 ,-4.5 ,-5.5 ,0.25 | -1.5
0 ,0 ,3 ,1 ,-12 ,-5 ,1.5 | 7
0 ,0 ,-1.75 ,6 ,7.417 ,6.75 ,1.875 | 5.417
0 ,0 ,7 ,2 ,-7.333 ,-5 ,6 | -16.333

R1 --> R1 - 0.231*R3

-3 ,0 ,0 ,2.308 ,5.154 ,4.385 ,1.846 | -0.154
0 ,8 ,-2 ,0 ,-11.333 ,2 ,5 | 12.667
0 ,0 ,-6.5 ,3 ,-2.833 ,0.5 ,1.75 | 20.167
0 ,0 ,4.5 ,-5 ,-4.5 ,-5.5 ,0.25 | -1.5
0 ,0 ,3 ,1 ,-12 ,-5 ,1.5 | 7
0 ,0 ,-1.75 ,6 ,7.417 ,6.75 ,1.875 | 5.417
0 ,0 ,7 ,2 ,-7.333 ,-5 ,6 | -16.333

R2 --> R2 - 0.308*R3

-3 ,0 ,0 ,2.308 ,5.154 ,4.385 ,1.846 | -0.154
0 ,8 ,0 ,-0.923 ,-10.462 ,1.846 ,4.462 | 6.462
0 ,0 ,-6.5 ,3 ,-2.833 ,0.5 ,1.75 | 20.167
0 ,0 ,4.5 ,-5 ,-4.5 ,-5.5 ,0.25 | -1.5
0 ,0 ,3 ,1 ,-12 ,-5 ,1.5 | 7
0 ,0 ,-1.75 ,6 ,7.417 ,6.75 ,1.875 | 5.417
0 ,0 ,7 ,2 ,-7.333 ,-5 ,6 | -16.333

R4 --> R4 + 0.692*R3

-3 ,0 ,0 ,2.308 ,5.154 ,4.385 ,1.846 | -0.154
0 ,8 ,0 ,-0.923 ,-10.462 ,1.846 ,4.462 | 6.462
0 ,0 ,-6.5 ,3 ,-2.833 ,0.5 ,1.75 | 20.167
0 ,0 ,0 ,-2.923 ,-6.462 ,-5.154 ,1.462 | 12.462
0 ,0 ,3 ,1 ,-12 ,-5 ,1.5 | 7
0 ,0 ,-1.75 ,6 ,7.417 ,6.75 ,1.875 | 5.417
0 ,0 ,7 ,2 ,-7.333 ,-5 ,6 | -16.333

R5 --> R5 + 0.462*R3

-3 ,0 ,0 ,2.308 ,5.154 ,4.385 ,1.846 | -0.154
0 ,8 ,0 ,-0.923 ,-10.462 ,1.846 ,4.462 | 6.462
0 ,0 ,-6.5 ,3 ,-2.833 ,0.5 ,1.75 | 20.167
0 ,0 ,0 ,-2.923 ,-6.462 ,-5.154 ,1.462 | 12.462
0 ,0 ,0 ,2.385 ,-13.308 ,-4.769 ,2.308 | 16.308
0 ,0 ,-1.75 ,6 ,7.417 ,6.75 ,1.875 | 5.417
0 ,0 ,7 ,2 ,-7.333 ,-5 ,6 | -16.333

R6 --> R6 - 0.269*R3

-3 ,0 ,0 ,2.308 ,5.154 ,4.385 ,1.846 | -0.154
0 ,8 ,0 ,-0.923 ,-10.462 ,1.846 ,4.462 | 6.462
0 ,0 ,-6.5 ,3 ,-2.833 ,0.5 ,1.75 | 20.167
0 ,0 ,0 ,-2.923 ,-6.462 ,-5.154 ,1.462 | 12.462
0 ,0 ,0 ,2.385 ,-13.308 ,-4.769 ,2.308 | 16.308
0 ,0 ,0 ,5.192 ,8.179 ,6.615 ,1.404 | -0.013
0 ,0 ,7 ,2 ,-7.333 ,-5 ,6 | -16.333

R7 --> R7 + 1.077*R3

-3 ,0 ,0 ,2.308 ,5.154 ,4.385 ,1.846 | -0.154
0 ,8 ,0 ,-0.923 ,-10.462 ,1.846 ,4.462 | 6.462
0 ,0 ,-6.5 ,3 ,-2.833 ,0.5 ,1.75 | 20.167
0 ,0 ,0 ,-2.923 ,-6.462 ,-5.154 ,1.462 | 12.462
0 ,0 ,0 ,2.385 ,-13.308 ,-4.769 ,2.308 | 16.308
0 ,0 ,0 ,5.192 ,8.179 ,6.615 ,1.404 | -0.013
0 ,0 ,0 ,5.231 ,-10.385 ,-4.462 ,7.885 | 5.385

R1 --> R1 + 0.789*R4

-3 ,0 ,0 ,0 ,0.053 ,0.316 ,3 | 9.684
0 ,8 ,0 ,-0.923 ,-10.462 ,1.846 ,4.462 | 6.462
0 ,0 ,-6.5 ,3 ,-2.833 ,0.5 ,1.75 | 20.167
0 ,0 ,0 ,-2.923 ,-6.462 ,-5.154 ,1.462 | 12.462
0 ,0 ,0 ,2.385 ,-13.308 ,-4.769 ,2.308 | 16.308
0 ,0 ,0 ,5.192 ,8.179 ,6.615 ,1.404 | -0.013
0 ,0 ,0 ,5.231 ,-10.385 ,-4.462 ,7.885 | 5.385

R2 --> R2 - 0.316*R4

-3 ,0 ,0 ,0 ,0.053 ,0.316 ,3 | 9.684
0 ,8 ,0 ,0 ,-8.421 ,3.474 ,4 | 2.526
0 ,0 ,-6.5 ,3 ,-2.833 ,0.5 ,1.75 | 20.167
0 ,0 ,0 ,-2.923 ,-6.462 ,-5.154 ,1.462 | 12.462
0 ,0 ,0 ,2.385 ,-13.308 ,-4.769 ,2.308 | 16.308
0 ,0 ,0 ,5.192 ,8.179 ,6.615 ,1.404 | -0.013
0 ,0 ,0 ,5.231 ,-10.385 ,-4.462 ,7.885 | 5.385

R3 --> R3 + 1.026*R4

-3 ,0 ,0 ,0 ,0.053 ,0.316 ,3 | 9.684
0 ,8 ,0 ,0 ,-8.421 ,3.474 ,4 | 2.526
0 ,0 ,-6.5 ,0 ,-9.465 ,-4.789 ,3.25 | 32.956
0 ,0 ,0 ,-2.923 ,-6.462 ,-5.154 ,1.462 | 12.462
0 ,0 ,0 ,2.385 ,-13.308 ,-4.769 ,2.308 | 16.308
0 ,0 ,0 ,5.192 ,8.179 ,6.615 ,1.404 | -0.013
0 ,0 ,0 ,5.231 ,-10.385 ,-4.462 ,7.885 | 5.385

R5 --> R5 + 0.816*R4

-3 ,0 ,0 ,0 ,0.053 ,0.316 ,3 | 9.684
0 ,8 ,0 ,0 ,-8.421 ,3.474 ,4 | 2.526
0 ,0 ,-6.5 ,0 ,-9.465 ,-4.789 ,3.25 | 32.956
0 ,0 ,0 ,-2.923 ,-6.462 ,-5.154 ,1.462 | 12.462
0 ,0 ,0 ,0 ,-18.579 ,-8.974 ,3.5 | 26.474
0 ,0 ,0 ,5.192 ,8.179 ,6.615 ,1.404 | -0.013
0 ,0 ,0 ,5.231 ,-10.385 ,-4.462 ,7.885 | 5.385

R6 --> R6 + 1.776*R4

-3 ,0 ,0 ,0 ,0.053 ,0.316 ,3 | 9.684
0 ,8 ,0 ,0 ,-8.421 ,3.474 ,4 | 2.526
0 ,0 ,-6.5 ,0 ,-9.465 ,-4.789 ,3.25 | 32.956
0 ,0 ,0 ,-2.923 ,-6.462 ,-5.154 ,1.462 | 12.462
0 ,0 ,0 ,0 ,-18.579 ,-8.974 ,3.5 | 26.474
0 ,0 ,0 ,0 ,-3.298 ,-2.539 ,4 | 22.123
0 ,0 ,0 ,5.231 ,-10.385 ,-4.462 ,7.885 | 5.385

R7 --> R7 + 1.789*R4

-3 ,0 ,0 ,0 ,0.053 ,0.316 ,3 | 9.684
0 ,8 ,0 ,0 ,-8.421 ,3.474 ,4 | 2.526
0 ,0 ,-6.5 ,0 ,-9.465 ,-4.789 ,3.25 | 32.956
0 ,0 ,0 ,-2.923 ,-6.462 ,-5.154 ,1.462 | 12.462
0 ,0 ,0 ,0 ,-18.579 ,-8.974 ,3.5 | 26.474
0 ,0 ,0 ,0 ,-3.298 ,-2.539 ,4 | 22.123
0 ,0 ,0 ,0 ,-21.947 ,-13.684 ,10.5 | 27.684

R1 --> R1 + 0.003*R5

-3 ,0 ,0 ,0 ,0 ,0.29 ,3.01 | 9.759
0 ,8 ,0 ,0 ,-8.421 ,3.474 ,4 | 2.526
0 ,0 ,-6.5 ,0 ,-9.465 ,-4.789 ,3.25 | 32.956
0 ,0 ,0 ,-2.923 ,-6.462 ,-5.154 ,1.462 | 12.462
0 ,0 ,0 ,0 ,-18.579 ,-8.974 ,3.5 | 26.474
0 ,0 ,0 ,0 ,-3.298 ,-2.539 ,4 | 22.123
0 ,0 ,0 ,0 ,-21.947 ,-13.684 ,10.5 | 27.684

R2 --> R2 - 0.453*R5

-3 ,0 ,0 ,0 ,0 ,0.29 ,3.01 | 9.759
0 ,8 ,0 ,0 ,0 ,7.541 ,2.414 | -9.473
0 ,0 ,-6.5 ,0 ,-9.465 ,-4.789 ,3.25 | 32.956
0 ,0 ,0 ,-2.923 ,-6.462 ,-5.154 ,1.462 | 12.462
0 ,0 ,0 ,0 ,-18.579 ,-8.974 ,3.5 | 26.474
0 ,0 ,0 ,0 ,-3.298 ,-2.539 ,4 | 22.123
0 ,0 ,0 ,0 ,-21.947 ,-13.684 ,10.5 | 27.684

R3 --> R3 - 0.509*R5

-3 ,0 ,0 ,0 ,0 ,0.29 ,3.01 | 9.759
0 ,8 ,0 ,0 ,0 ,7.541 ,2.414 | -9.473
0 ,0 ,-6.5 ,0 ,0 ,-0.218 ,1.467 | 19.469
0 ,0 ,0 ,-2.923 ,-6.462 ,-5.154 ,1.462 | 12.462
0 ,0 ,0 ,0 ,-18.579 ,-8.974 ,3.5 | 26.474
0 ,0 ,0 ,0 ,-3.298 ,-2.539 ,4 | 22.123
0 ,0 ,0 ,0 ,-21.947 ,-13.684 ,10.5 | 27.684

R4 --> R4 - 0.348*R5

-3 ,0 ,0 ,0 ,0 ,0.29 ,3.01 | 9.759
0 ,8 ,0 ,0 ,0 ,7.541 ,2.414 | -9.473
0 ,0 ,-6.5 ,0 ,0 ,-0.218 ,1.467 | 19.469
0 ,0 ,0 ,-2.923 ,0 ,-2.033 ,0.244 | 3.254
0 ,0 ,0 ,0 ,-18.579 ,-8.974 ,3.5 | 26.474
0 ,0 ,0 ,0 ,-3.298 ,-2.539 ,4 | 22.123
0 ,0 ,0 ,0 ,-21.947 ,-13.684 ,10.5 | 27.684

R6 --> R6 - 0.178*R5

-3 ,0 ,0 ,0 ,0 ,0.29 ,3.01 | 9.759
0 ,8 ,0 ,0 ,0 ,7.541 ,2.414 | -9.473
0 ,0 ,-6.5 ,0 ,0 ,-0.218 ,1.467 | 19.469
0 ,0 ,0 ,-2.923 ,0 ,-2.033 ,0.244 | 3.254
0 ,0 ,0 ,0 ,-18.579 ,-8.974 ,3.5 | 26.474
0 ,0 ,0 ,0 ,0 ,-0.946 ,3.379 | 17.423
0 ,0 ,0 ,0 ,-21.947 ,-13.684 ,10.5 | 27.684

R7 --> R7 - 1.181*R5

-3 ,0 ,0 ,0 ,0 ,0.29 ,3.01 | 9.759
0 ,8 ,0 ,0 ,0 ,7.541 ,2.414 | -9.473
0 ,0 ,-6.5 ,0 ,0 ,-0.218 ,1.467 | 19.469
0 ,0 ,0 ,-2.923 ,0 ,-2.033 ,0.244 | 3.254
0 ,0 ,0 ,0 ,-18.579 ,-8.974 ,3.5 | 26.474
0 ,0 ,0 ,0 ,0 ,-0.946 ,3.379 | 17.423
0 ,0 ,0 ,0 ,0 ,-3.084 ,6.365 | -3.589

R1 --> R1 + 0.307*R6

-3 ,0 ,0 ,0 ,0 ,0 ,4.047 | 15.105
0 ,8 ,0 ,0 ,0 ,7.541 ,2.414 | -9.473
0 ,0 ,-6.5 ,0 ,0 ,-0.218 ,1.467 | 19.469
0 ,0 ,0 ,-2.923 ,0 ,-2.033 ,0.244 | 3.254
0 ,0 ,0 ,0 ,-18.579 ,-8.974 ,3.5 | 26.474
0 ,0 ,0 ,0 ,0 ,-0.946 ,3.379 | 17.423
0 ,0 ,0 ,0 ,0 ,-3.084 ,6.365 | -3.589

R2 --> R2 + 7.968*R6

-3 ,0 ,0 ,0 ,0 ,0 ,4.047 | 15.105
0 ,8 ,0 ,0 ,0 ,0 ,29.335 | 129.355
0 ,0 ,-6.5 ,0 ,0 ,-0.218 ,1.467 | 19.469
0 ,0 ,0 ,-2.923 ,0 ,-2.033 ,0.244 | 3.254
0 ,0 ,0 ,0 ,-18.579 ,-8.974 ,3.5 | 26.474
0 ,0 ,0 ,0 ,0 ,-0.946 ,3.379 | 17.423
0 ,0 ,0 ,0 ,0 ,-3.084 ,6.365 | -3.589

R3 --> R3 - 0.23*R6

-3 ,0 ,0 ,0 ,0 ,0 ,4.047 | 15.105
0 ,8 ,0 ,0 ,0 ,0 ,29.335 | 129.355
0 ,0 ,-6.5 ,0 ,0 ,0 ,0.689 | 15.458
0 ,0 ,0 ,-2.923 ,0 ,-2.033 ,0.244 | 3.254
0 ,0 ,0 ,0 ,-18.579 ,-8.974 ,3.5 | 26.474
0 ,0 ,0 ,0 ,0 ,-0.946 ,3.379 | 17.423
0 ,0 ,0 ,0 ,0 ,-3.084 ,6.365 | -3.589

R4 --> R4 - 2.148*R6

-3 ,0 ,0 ,0 ,0 ,0 ,4.047 | 15.105
0 ,8 ,0 ,0 ,0 ,0 ,29.335 | 129.355
0 ,0 ,-6.5 ,0 ,0 ,0 ,0.689 | 15.458
0 ,0 ,0 ,-2.923 ,0 ,0 ,-7.013 | -34.171
0 ,0 ,0 ,0 ,-18.579 ,-8.974 ,3.5 | 26.474
0 ,0 ,0 ,0 ,0 ,-0.946 ,3.379 | 17.423
0 ,0 ,0 ,0 ,0 ,-3.084 ,6.365 | -3.589

R5 --> R5 - 9.482*R6

-3 ,0 ,0 ,0 ,0 ,0 ,4.047 | 15.105
0 ,8 ,0 ,0 ,0 ,0 ,29.335 | 129.355
0 ,0 ,-6.5 ,0 ,0 ,0 ,0.689 | 15.458
0 ,0 ,0 ,-2.923 ,0 ,0 ,-7.013 | -34.171
0 ,0 ,0 ,0 ,-18.579 ,0 ,-28.536 | -138.728
0 ,0 ,0 ,0 ,0 ,-0.946 ,3.379 | 17.423
0 ,0 ,0 ,0 ,0 ,-3.084 ,6.365 | -3.589

R7 --> R7 - 3.258*R6

-3 ,0 ,0 ,0 ,0 ,0 ,4.047 | 15.105
0 ,8 ,0 ,0 ,0 ,0 ,29.335 | 129.355
0 ,0 ,-6.5 ,0 ,0 ,0 ,0.689 | 15.458
0 ,0 ,0 ,-2.923 ,0 ,0 ,-7.013 | -34.171
0 ,0 ,0 ,0 ,-18.579 ,0 ,-28.536 | -138.728
0 ,0 ,0 ,0 ,0 ,-0.946 ,3.379 | 17.423
0 ,0 ,0 ,0 ,0 ,0 ,-4.643 | -60.357

R7 --> -0.215*R7

-3 ,0 ,0 ,0 ,0 ,0 ,4.047 | 15.105
0 ,8 ,0 ,0 ,0 ,0 ,29.335 | 129.355
0 ,0 ,-6.5 ,0 ,0 ,0 ,0.689 | 15.458
0 ,0 ,0 ,-2.923 ,0 ,0 ,-7.013 | -34.171
0 ,0 ,0 ,0 ,-18.579 ,0 ,-28.536 | -138.728
0 ,0 ,0 ,0 ,0 ,-0.946 ,3.379 | 17.423
0 ,0 ,0 ,0 ,0 ,0 ,1 | 13

R1 --> R1 - 4.047*R7

-3 ,0 ,0 ,0 ,0 ,0 ,0 | -37.5
0 ,8 ,0 ,0 ,0 ,0 ,29.335 | 129.355
0 ,0 ,-6.5 ,0 ,0 ,0 ,0.689 | 15.458
0 ,0 ,0 ,-2.923 ,0 ,0 ,-7.013 | -34.171
0 ,0 ,0 ,0 ,-18.579 ,0 ,-28.536 | -138.728
0 ,0 ,0 ,0 ,0 ,-0.946 ,3.379 | 17.423
0 ,0 ,0 ,0 ,0 ,0 ,1 | 13

R1 --> -0.333*R1

1 ,0 ,0 ,0 ,0 ,0 ,0 | 12.5
0 ,8 ,0 ,0 ,0 ,0 ,29.335 | 129.355
0 ,0 ,-6.5 ,0 ,0 ,0 ,0.689 | 15.458
0 ,0 ,0 ,-2.923 ,0 ,0 ,-7.013 | -34.171
0 ,0 ,0 ,0 ,-18.579 ,0 ,-28.536 | -138.728
0 ,0 ,0 ,0 ,0 ,-0.946 ,3.379 | 17.423
0 ,0 ,0 ,0 ,0 ,0 ,1 | 13

R2 --> R2 - 29.335*R7

1 ,0 ,0 ,0 ,0 ,0 ,0 | 12.5
0 ,8 ,0 ,0 ,0 ,0 ,0 | -252
0 ,0 ,-6.5 ,0 ,0 ,0 ,0.689 | 15.458
0 ,0 ,0 ,-2.923 ,0 ,0 ,-7.013 | -34.171
0 ,0 ,0 ,0 ,-18.579 ,0 ,-28.536 | -138.728
0 ,0 ,0 ,0 ,0 ,-0.946 ,3.379 | 17.423
0 ,0 ,0 ,0 ,0 ,0 ,1 | 13

R2 --> 0.125*R2

1 ,0 ,0 ,0 ,0 ,0 ,0 | 12.5
0 ,1 ,0 ,0 ,0 ,0 ,0 | -31.5
0 ,0 ,-6.5 ,0 ,0 ,0 ,0.689 | 15.458
0 ,0 ,0 ,-2.923 ,0 ,0 ,-7.013 | -34.171
0 ,0 ,0 ,0 ,-18.579 ,0 ,-28.536 | -138.728
0 ,0 ,0 ,0 ,0 ,-0.946 ,3.379 | 17.423
0 ,0 ,0 ,0 ,0 ,0 ,1 | 13

R3 --> R3 - 0.689*R7

1 ,0 ,0 ,0 ,0 ,0 ,0 | 12.5
0 ,1 ,0 ,0 ,0 ,0 ,0 | -31.5
0 ,0 ,-6.5 ,0 ,0 ,0 ,0 | 6.5
0 ,0 ,0 ,-2.923 ,0 ,0 ,-7.013 | -34.171
0 ,0 ,0 ,0 ,-18.579 ,0 ,-28.536 | -138.728
0 ,0 ,0 ,0 ,0 ,-0.946 ,3.379 | 17.423
0 ,0 ,0 ,0 ,0 ,0 ,1 | 13

R3 --> -0.154*R3

1 ,0 ,0 ,0 ,0 ,0 ,0 | 12.5
0 ,1 ,0 ,0 ,0 ,0 ,0 | -31.5
0 ,0 ,1 ,0 ,0 ,0 ,0 | -1
0 ,0 ,0 ,-2.923 ,0 ,0 ,-7.013 | -34.171
0 ,0 ,0 ,0 ,-18.579 ,0 ,-28.536 | -138.728
0 ,0 ,0 ,0 ,0 ,-0.946 ,3.379 | 17.423
0 ,0 ,0 ,0 ,0 ,0 ,1 | 13

R4 --> R4 + 7.013*R7

1 ,0 ,0 ,0 ,0 ,0 ,0 | 12.5
0 ,1 ,0 ,0 ,0 ,0 ,0 | -31.5
0 ,0 ,1 ,0 ,0 ,0 ,0 | -1
0 ,0 ,0 ,-2.923 ,0 ,0 ,0 | 57
0 ,0 ,0 ,0 ,-18.579 ,0 ,-28.536 | -138.728
0 ,0 ,0 ,0 ,0 ,-0.946 ,3.379 | 17.423
0 ,0 ,0 ,0 ,0 ,0 ,1 | 13

R4 --> -0.342*R4

1 ,0 ,0 ,0 ,0 ,0 ,0 | 12.5
0 ,1 ,0 ,0 ,0 ,0 ,0 | -31.5
0 ,0 ,1 ,0 ,0 ,0 ,0 | -1
0 ,0 ,0 ,1 ,0 ,0 ,0 | -19.5
0 ,0 ,0 ,0 ,-18.579 ,0 ,-28.536 | -138.728
0 ,0 ,0 ,0 ,0 ,-0.946 ,3.379 | 17.423
0 ,0 ,0 ,0 ,0 ,0 ,1 | 13

R5 --> R5 + 28.536*R7

1 ,0 ,0 ,0 ,0 ,0 ,0 | 12.5
0 ,1 ,0 ,0 ,0 ,0 ,0 | -31.5
0 ,0 ,1 ,0 ,0 ,0 ,0 | -1
0 ,0 ,0 ,1 ,0 ,0 ,0 | -19.5
0 ,0 ,0 ,0 ,-18.579 ,0 ,0 | 232.237
0 ,0 ,0 ,0 ,0 ,-0.946 ,3.379 | 17.423
0 ,0 ,0 ,0 ,0 ,0 ,1 | 13

R5 --> -0.054*R5

1 ,0 ,0 ,0 ,0 ,0 ,0 | 12.5
0 ,1 ,0 ,0 ,0 ,0 ,0 | -31.5
0 ,0 ,1 ,0 ,0 ,0 ,0 | -1
0 ,0 ,0 ,1 ,0 ,0 ,0 | -19.5
0 ,0 ,0 ,0 ,1 ,0 ,0 | -12.5
0 ,0 ,0 ,0 ,0 ,-0.946 ,3.379 | 17.423
0 ,0 ,0 ,0 ,0 ,0 ,1 | 13

R6 --> R6 - 3.379*R7

1 ,0 ,0 ,0 ,0 ,0 ,0 | 12.5
0 ,1 ,0 ,0 ,0 ,0 ,0 | -31.5
0 ,0 ,1 ,0 ,0 ,0 ,0 | -1
0 ,0 ,0 ,1 ,0 ,0 ,0 | -19.5
0 ,0 ,0 ,0 ,1 ,0 ,0 | -12.5
0 ,0 ,0 ,0 ,0 ,-0.946 ,0 | -26.499
0 ,0 ,0 ,0 ,0 ,0 ,1 | 13

R6 --> -1.057*R6

1 ,0 ,0 ,0 ,0 ,0 ,0 | 12.5
0 ,1 ,0 ,0 ,0 ,0 ,0 | -31.5
0 ,0 ,1 ,0 ,0 ,0 ,0 | -1
0 ,0 ,0 ,1 ,0 ,0 ,0 | -19.5
0 ,0 ,0 ,0 ,1 ,0 ,0 | -12.5
0 ,0 ,0 ,0 ,0 ,1 ,0 | 28
0 ,0 ,0 ,0 ,0 ,0 ,1 | 13

exist a single solution in R7 space for the system which is:
x = (12.5 ,-31.5 ,-1 ,-19.5 ,-12.5 ,28 ,13)
