solve the next system in R7 space:
eq1: + 4*x1 - 5*x2 +   x3 +   x4 -   x5 - 6*x6 + 7*x7  = -13
eq2: - 5*x1        +   x3 - 7*x4 - 2*x5 - 5*x6 - 5*x7  = 19
eq3:        -   x2 + 5*x3        + 7*x5 + 6*x6         = -8
eq4: + 6*x1 - 3*x2 +   x3        - 3*x5 - 3*x6 + 6*x7  = -19
eq5: - 5*x1 - 5*x2 + 4*x3 - 4*x4 + 4*x5 - 4*x6 - 5*x7  = 16
eq6:        +   x2 - 2*x3 + 6*x4 + 4*x5 - 7*x6 + 6*x7  = 11
eq7: -   x1 - 6*x2 + 2*x3 - 2*x4 - 4*x5 +   x6 + 7*x7  = -20

4 ,-5 ,1 ,1 ,-1 ,-6 ,7 | -13
-5 ,0 ,1 ,-7 ,-2 ,-5 ,-5 | 19
0 ,-1 ,5 ,0 ,7 ,6 ,0 | -8
6 ,-3 ,1 ,0 ,-3 ,-3 ,6 | -19
-5 ,-5 ,4 ,-4 ,4 ,-4 ,-5 | 16
0 ,1 ,-2 ,6 ,4 ,-7 ,6 | 11
-1 ,-6 ,2 ,-2 ,-4 ,1 ,7 | -20

implement the solution by parallel ranking method:
transform A matrix to I by a parallel ranking:
R2 --> R2 + 1.25*R1

4 ,-5 ,1 ,1 ,-1 ,-6 ,7 | -13
0 ,-6.25 ,2.25 ,-5.75 ,-3.25 ,-12.5 ,3.75 | 2.75
0 ,-1 ,5 ,0 ,7 ,6 ,0 | -8
6 ,-3 ,1 ,0 ,-3 ,-3 ,6 | -19
-5 ,-5 ,4 ,-4 ,4 ,-4 ,-5 | 16
0 ,1 ,-2 ,6 ,4 ,-7 ,6 | 11
-1 ,-6 ,2 ,-2 ,-4 ,1 ,7 | -20

R4 --> R4 - 1.5*R1

4 ,-5 ,1 ,1 ,-1 ,-6 ,7 | -13
0 ,-6.25 ,2.25 ,-5.75 ,-3.25 ,-12.5 ,3.75 | 2.75
0 ,-1 ,5 ,0 ,7 ,6 ,0 | -8
0 ,4.5 ,-0.5 ,-1.5 ,-1.5 ,6 ,-4.5 | 0.5
-5 ,-5 ,4 ,-4 ,4 ,-4 ,-5 | 16
0 ,1 ,-2 ,6 ,4 ,-7 ,6 | 11
-1 ,-6 ,2 ,-2 ,-4 ,1 ,7 | -20

R5 --> R5 + 1.25*R1

4 ,-5 ,1 ,1 ,-1 ,-6 ,7 | -13
0 ,-6.25 ,2.25 ,-5.75 ,-3.25 ,-12.5 ,3.75 | 2.75
0 ,-1 ,5 ,0 ,7 ,6 ,0 | -8
0 ,4.5 ,-0.5 ,-1.5 ,-1.5 ,6 ,-4.5 | 0.5
0 ,-11.25 ,5.25 ,-2.75 ,2.75 ,-11.5 ,3.75 | -0.25
0 ,1 ,-2 ,6 ,4 ,-7 ,6 | 11
-1 ,-6 ,2 ,-2 ,-4 ,1 ,7 | -20

R7 --> R7 + 0.25*R1

4 ,-5 ,1 ,1 ,-1 ,-6 ,7 | -13
0 ,-6.25 ,2.25 ,-5.75 ,-3.25 ,-12.5 ,3.75 | 2.75
0 ,-1 ,5 ,0 ,7 ,6 ,0 | -8
0 ,4.5 ,-0.5 ,-1.5 ,-1.5 ,6 ,-4.5 | 0.5
0 ,-11.25 ,5.25 ,-2.75 ,2.75 ,-11.5 ,3.75 | -0.25
0 ,1 ,-2 ,6 ,4 ,-7 ,6 | 11
0 ,-7.25 ,2.25 ,-1.75 ,-4.25 ,-0.5 ,8.75 | -23.25

R1 --> R1 - 0.8*R2

4 ,0 ,-0.8 ,5.6 ,1.6 ,4 ,4 | -15.2
0 ,-6.25 ,2.25 ,-5.75 ,-3.25 ,-12.5 ,3.75 | 2.75
0 ,-1 ,5 ,0 ,7 ,6 ,0 | -8
0 ,4.5 ,-0.5 ,-1.5 ,-1.5 ,6 ,-4.5 | 0.5
0 ,-11.25 ,5.25 ,-2.75 ,2.75 ,-11.5 ,3.75 | -0.25
0 ,1 ,-2 ,6 ,4 ,-7 ,6 | 11
0 ,-7.25 ,2.25 ,-1.75 ,-4.25 ,-0.5 ,8.75 | -23.25

R3 --> R3 - 0.16*R2

4 ,0 ,-0.8 ,5.6 ,1.6 ,4 ,4 | -15.2
0 ,-6.25 ,2.25 ,-5.75 ,-3.25 ,-12.5 ,3.75 | 2.75
0 ,0 ,4.64 ,0.92 ,7.52 ,8 ,-0.6 | -8.44
0 ,4.5 ,-0.5 ,-1.5 ,-1.5 ,6 ,-4.5 | 0.5
0 ,-11.25 ,5.25 ,-2.75 ,2.75 ,-11.5 ,3.75 | -0.25
0 ,1 ,-2 ,6 ,4 ,-7 ,6 | 11
0 ,-7.25 ,2.25 ,-1.75 ,-4.25 ,-0.5 ,8.75 | -23.25

R4 --> R4 + 0.72*R2

4 ,0 ,-0.8 ,5.6 ,1.6 ,4 ,4 | -15.2
0 ,-6.25 ,2.25 ,-5.75 ,-3.25 ,-12.5 ,3.75 | 2.75
0 ,0 ,4.64 ,0.92 ,7.52 ,8 ,-0.6 | -8.44
0 ,0 ,1.12 ,-5.64 ,-3.84 ,-3 ,-1.8 | 2.48
0 ,-11.25 ,5.25 ,-2.75 ,2.75 ,-11.5 ,3.75 | -0.25
0 ,1 ,-2 ,6 ,4 ,-7 ,6 | 11
0 ,-7.25 ,2.25 ,-1.75 ,-4.25 ,-0.5 ,8.75 | -23.25

R5 --> R5 - 1.8*R2

4 ,0 ,-0.8 ,5.6 ,1.6 ,4 ,4 | -15.2
0 ,-6.25 ,2.25 ,-5.75 ,-3.25 ,-12.5 ,3.75 | 2.75
0 ,0 ,4.64 ,0.92 ,7.52 ,8 ,-0.6 | -8.44
0 ,0 ,1.12 ,-5.64 ,-3.84 ,-3 ,-1.8 | 2.48
0 ,0 ,1.2 ,7.6 ,8.6 ,11 ,-3 | -5.2
0 ,1 ,-2 ,6 ,4 ,-7 ,6 | 11
0 ,-7.25 ,2.25 ,-1.75 ,-4.25 ,-0.5 ,8.75 | -23.25

R6 --> R6 + 0.16*R2

4 ,0 ,-0.8 ,5.6 ,1.6 ,4 ,4 | -15.2
0 ,-6.25 ,2.25 ,-5.75 ,-3.25 ,-12.5 ,3.75 | 2.75
0 ,0 ,4.64 ,0.92 ,7.52 ,8 ,-0.6 | -8.44
0 ,0 ,1.12 ,-5.64 ,-3.84 ,-3 ,-1.8 | 2.48
0 ,0 ,1.2 ,7.6 ,8.6 ,11 ,-3 | -5.2
0 ,0 ,-1.64 ,5.08 ,3.48 ,-9 ,6.6 | 11.44
0 ,-7.25 ,2.25 ,-1.75 ,-4.25 ,-0.5 ,8.75 | -23.25

R7 --> R7 - 1.16*R2

4 ,0 ,-0.8 ,5.6 ,1.6 ,4 ,4 | -15.2
0 ,-6.25 ,2.25 ,-5.75 ,-3.25 ,-12.5 ,3.75 | 2.75
0 ,0 ,4.64 ,0.92 ,7.52 ,8 ,-0.6 | -8.44
0 ,0 ,1.12 ,-5.64 ,-3.84 ,-3 ,-1.8 | 2.48
0 ,0 ,1.2 ,7.6 ,8.6 ,11 ,-3 | -5.2
0 ,0 ,-1.64 ,5.08 ,3.48 ,-9 ,6.6 | 11.44
0 ,0 ,-0.36 ,4.92 ,-0.48 ,14 ,4.4 | -26.44

R1 --> R1 + 0.172*R3

4 ,0 ,0 ,5.759 ,2.897 ,5.379 ,3.897 | -16.655
0 ,-6.25 ,2.25 ,-5.75 ,-3.25 ,-12.5 ,3.75 | 2.75
0 ,0 ,4.64 ,0.92 ,7.52 ,8 ,-0.6 | -8.44
0 ,0 ,1.12 ,-5.64 ,-3.84 ,-3 ,-1.8 | 2.48
0 ,0 ,1.2 ,7.6 ,8.6 ,11 ,-3 | -5.2
0 ,0 ,-1.64 ,5.08 ,3.48 ,-9 ,6.6 | 11.44
0 ,0 ,-0.36 ,4.92 ,-0.48 ,14 ,4.4 | -26.44

R2 --> R2 - 0.485*R3

4 ,0 ,0 ,5.759 ,2.897 ,5.379 ,3.897 | -16.655
0 ,-6.25 ,0 ,-6.196 ,-6.897 ,-16.379 ,4.041 | 6.843
0 ,0 ,4.64 ,0.92 ,7.52 ,8 ,-0.6 | -8.44
0 ,0 ,1.12 ,-5.64 ,-3.84 ,-3 ,-1.8 | 2.48
0 ,0 ,1.2 ,7.6 ,8.6 ,11 ,-3 | -5.2
0 ,0 ,-1.64 ,5.08 ,3.48 ,-9 ,6.6 | 11.44
0 ,0 ,-0.36 ,4.92 ,-0.48 ,14 ,4.4 | -26.44

R4 --> R4 - 0.241*R3

4 ,0 ,0 ,5.759 ,2.897 ,5.379 ,3.897 | -16.655
0 ,-6.25 ,0 ,-6.196 ,-6.897 ,-16.379 ,4.041 | 6.843
0 ,0 ,4.64 ,0.92 ,7.52 ,8 ,-0.6 | -8.44
0 ,0 ,0 ,-5.862 ,-5.655 ,-4.931 ,-1.655 | 4.517
0 ,0 ,1.2 ,7.6 ,8.6 ,11 ,-3 | -5.2
0 ,0 ,-1.64 ,5.08 ,3.48 ,-9 ,6.6 | 11.44
0 ,0 ,-0.36 ,4.92 ,-0.48 ,14 ,4.4 | -26.44

R5 --> R5 - 0.259*R3

4 ,0 ,0 ,5.759 ,2.897 ,5.379 ,3.897 | -16.655
0 ,-6.25 ,0 ,-6.196 ,-6.897 ,-16.379 ,4.041 | 6.843
0 ,0 ,4.64 ,0.92 ,7.52 ,8 ,-0.6 | -8.44
0 ,0 ,0 ,-5.862 ,-5.655 ,-4.931 ,-1.655 | 4.517
0 ,0 ,0 ,7.362 ,6.655 ,8.931 ,-2.845 | -3.017
0 ,0 ,-1.64 ,5.08 ,3.48 ,-9 ,6.6 | 11.44
0 ,0 ,-0.36 ,4.92 ,-0.48 ,14 ,4.4 | -26.44

R6 --> R6 + 0.353*R3

4 ,0 ,0 ,5.759 ,2.897 ,5.379 ,3.897 | -16.655
0 ,-6.25 ,0 ,-6.196 ,-6.897 ,-16.379 ,4.041 | 6.843
0 ,0 ,4.64 ,0.92 ,7.52 ,8 ,-0.6 | -8.44
0 ,0 ,0 ,-5.862 ,-5.655 ,-4.931 ,-1.655 | 4.517
0 ,0 ,0 ,7.362 ,6.655 ,8.931 ,-2.845 | -3.017
0 ,0 ,0 ,5.405 ,6.138 ,-6.172 ,6.388 | 8.457
0 ,0 ,-0.36 ,4.92 ,-0.48 ,14 ,4.4 | -26.44

R7 --> R7 + 0.078*R3

4 ,0 ,0 ,5.759 ,2.897 ,5.379 ,3.897 | -16.655
0 ,-6.25 ,0 ,-6.196 ,-6.897 ,-16.379 ,4.041 | 6.843
0 ,0 ,4.64 ,0.92 ,7.52 ,8 ,-0.6 | -8.44
0 ,0 ,0 ,-5.862 ,-5.655 ,-4.931 ,-1.655 | 4.517
0 ,0 ,0 ,7.362 ,6.655 ,8.931 ,-2.845 | -3.017
0 ,0 ,0 ,5.405 ,6.138 ,-6.172 ,6.388 | 8.457
0 ,0 ,0 ,4.991 ,0.103 ,14.621 ,4.353 | -27.095

R1 --> R1 + 0.982*R4

4 ,0 ,0 ,0 ,-2.659 ,0.535 ,2.271 | -12.218
0 ,-6.25 ,0 ,-6.196 ,-6.897 ,-16.379 ,4.041 | 6.843
0 ,0 ,4.64 ,0.92 ,7.52 ,8 ,-0.6 | -8.44
0 ,0 ,0 ,-5.862 ,-5.655 ,-4.931 ,-1.655 | 4.517
0 ,0 ,0 ,7.362 ,6.655 ,8.931 ,-2.845 | -3.017
0 ,0 ,0 ,5.405 ,6.138 ,-6.172 ,6.388 | 8.457
0 ,0 ,0 ,4.991 ,0.103 ,14.621 ,4.353 | -27.095

R2 --> R2 - 1.057*R4

4 ,0 ,0 ,0 ,-2.659 ,0.535 ,2.271 | -12.218
0 ,-6.25 ,0 ,0 ,-0.919 ,-11.167 ,5.79 | 2.068
0 ,0 ,4.64 ,0.92 ,7.52 ,8 ,-0.6 | -8.44
0 ,0 ,0 ,-5.862 ,-5.655 ,-4.931 ,-1.655 | 4.517
0 ,0 ,0 ,7.362 ,6.655 ,8.931 ,-2.845 | -3.017
0 ,0 ,0 ,5.405 ,6.138 ,-6.172 ,6.388 | 8.457
0 ,0 ,0 ,4.991 ,0.103 ,14.621 ,4.353 | -27.095

R3 --> R3 + 0.157*R4

4 ,0 ,0 ,0 ,-2.659 ,0.535 ,2.271 | -12.218
0 ,-6.25 ,0 ,0 ,-0.919 ,-11.167 ,5.79 | 2.068
0 ,0 ,4.64 ,0 ,6.632 ,7.226 ,-0.86 | -7.731
0 ,0 ,0 ,-5.862 ,-5.655 ,-4.931 ,-1.655 | 4.517
0 ,0 ,0 ,7.362 ,6.655 ,8.931 ,-2.845 | -3.017
0 ,0 ,0 ,5.405 ,6.138 ,-6.172 ,6.388 | 8.457
0 ,0 ,0 ,4.991 ,0.103 ,14.621 ,4.353 | -27.095

R5 --> R5 + 1.256*R4

4 ,0 ,0 ,0 ,-2.659 ,0.535 ,2.271 | -12.218
0 ,-6.25 ,0 ,0 ,-0.919 ,-11.167 ,5.79 | 2.068
0 ,0 ,4.64 ,0 ,6.632 ,7.226 ,-0.86 | -7.731
0 ,0 ,0 ,-5.862 ,-5.655 ,-4.931 ,-1.655 | 4.517
0 ,0 ,0 ,0 ,-0.447 ,2.738 ,-4.924 | 2.656
0 ,0 ,0 ,5.405 ,6.138 ,-6.172 ,6.388 | 8.457
0 ,0 ,0 ,4.991 ,0.103 ,14.621 ,4.353 | -27.095

R6 --> R6 + 0.922*R4

4 ,0 ,0 ,0 ,-2.659 ,0.535 ,2.271 | -12.218
0 ,-6.25 ,0 ,0 ,-0.919 ,-11.167 ,5.79 | 2.068
0 ,0 ,4.64 ,0 ,6.632 ,7.226 ,-0.86 | -7.731
0 ,0 ,0 ,-5.862 ,-5.655 ,-4.931 ,-1.655 | 4.517
0 ,0 ,0 ,0 ,-0.447 ,2.738 ,-4.924 | 2.656
0 ,0 ,0 ,0 ,0.924 ,-10.719 ,4.862 | 12.622
0 ,0 ,0 ,4.991 ,0.103 ,14.621 ,4.353 | -27.095

R7 --> R7 + 0.851*R4

4 ,0 ,0 ,0 ,-2.659 ,0.535 ,2.271 | -12.218
0 ,-6.25 ,0 ,0 ,-0.919 ,-11.167 ,5.79 | 2.068
0 ,0 ,4.64 ,0 ,6.632 ,7.226 ,-0.86 | -7.731
0 ,0 ,0 ,-5.862 ,-5.655 ,-4.931 ,-1.655 | 4.517
0 ,0 ,0 ,0 ,-0.447 ,2.738 ,-4.924 | 2.656
0 ,0 ,0 ,0 ,0.924 ,-10.719 ,4.862 | 12.622
0 ,0 ,0 ,0 ,-4.712 ,10.422 ,2.944 | -23.249

R1 --> R1 - 5.947*R5

4 ,0 ,0 ,0 ,0 ,-15.75 ,31.553 | -28.013
0 ,-6.25 ,0 ,0 ,-0.919 ,-11.167 ,5.79 | 2.068
0 ,0 ,4.64 ,0 ,6.632 ,7.226 ,-0.86 | -7.731
0 ,0 ,0 ,-5.862 ,-5.655 ,-4.931 ,-1.655 | 4.517
0 ,0 ,0 ,0 ,-0.447 ,2.738 ,-4.924 | 2.656
0 ,0 ,0 ,0 ,0.924 ,-10.719 ,4.862 | 12.622
0 ,0 ,0 ,0 ,-4.712 ,10.422 ,2.944 | -23.249

R2 --> R2 - 2.056*R5

4 ,0 ,0 ,0 ,0 ,-15.75 ,31.553 | -28.013
0 ,-6.25 ,0 ,0 ,0 ,-16.797 ,15.913 | -3.392
0 ,0 ,4.64 ,0 ,6.632 ,7.226 ,-0.86 | -7.731
0 ,0 ,0 ,-5.862 ,-5.655 ,-4.931 ,-1.655 | 4.517
0 ,0 ,0 ,0 ,-0.447 ,2.738 ,-4.924 | 2.656
0 ,0 ,0 ,0 ,0.924 ,-10.719 ,4.862 | 12.622
0 ,0 ,0 ,0 ,-4.712 ,10.422 ,2.944 | -23.249

R3 --> R3 + 14.836*R5

4 ,0 ,0 ,0 ,0 ,-15.75 ,31.553 | -28.013
0 ,-6.25 ,0 ,0 ,0 ,-16.797 ,15.913 | -3.392
0 ,0 ,4.64 ,0 ,0 ,47.85 ,-73.904 | 31.671
0 ,0 ,0 ,-5.862 ,-5.655 ,-4.931 ,-1.655 | 4.517
0 ,0 ,0 ,0 ,-0.447 ,2.738 ,-4.924 | 2.656
0 ,0 ,0 ,0 ,0.924 ,-10.719 ,4.862 | 12.622
0 ,0 ,0 ,0 ,-4.712 ,10.422 ,2.944 | -23.249

R4 --> R4 - 12.65*R5

4 ,0 ,0 ,0 ,0 ,-15.75 ,31.553 | -28.013
0 ,-6.25 ,0 ,0 ,0 ,-16.797 ,15.913 | -3.392
0 ,0 ,4.64 ,0 ,0 ,47.85 ,-73.904 | 31.671
0 ,0 ,0 ,-5.862 ,0 ,-39.569 ,60.626 | -29.079
0 ,0 ,0 ,0 ,-0.447 ,2.738 ,-4.924 | 2.656
0 ,0 ,0 ,0 ,0.924 ,-10.719 ,4.862 | 12.622
0 ,0 ,0 ,0 ,-4.712 ,10.422 ,2.944 | -23.249

R6 --> R6 + 2.066*R5

4 ,0 ,0 ,0 ,0 ,-15.75 ,31.553 | -28.013
0 ,-6.25 ,0 ,0 ,0 ,-16.797 ,15.913 | -3.392
0 ,0 ,4.64 ,0 ,0 ,47.85 ,-73.904 | 31.671
0 ,0 ,0 ,-5.862 ,0 ,-39.569 ,60.626 | -29.079
0 ,0 ,0 ,0 ,-0.447 ,2.738 ,-4.924 | 2.656
0 ,0 ,0 ,0 ,0 ,-5.062 ,-5.309 | 18.109
0 ,0 ,0 ,0 ,-4.712 ,10.422 ,2.944 | -23.249

R7 --> R7 - 10.539*R5

4 ,0 ,0 ,0 ,0 ,-15.75 ,31.553 | -28.013
0 ,-6.25 ,0 ,0 ,0 ,-16.797 ,15.913 | -3.392
0 ,0 ,4.64 ,0 ,0 ,47.85 ,-73.904 | 31.671
0 ,0 ,0 ,-5.862 ,0 ,-39.569 ,60.626 | -29.079
0 ,0 ,0 ,0 ,-0.447 ,2.738 ,-4.924 | 2.656
0 ,0 ,0 ,0 ,0 ,-5.062 ,-5.309 | 18.109
0 ,0 ,0 ,0 ,0 ,-18.438 ,54.836 | -51.24

R1 --> R1 - 3.111*R6

4 ,0 ,0 ,0 ,0 ,0 ,48.07 | -84.351
0 ,-6.25 ,0 ,0 ,0 ,-16.797 ,15.913 | -3.392
0 ,0 ,4.64 ,0 ,0 ,47.85 ,-73.904 | 31.671
0 ,0 ,0 ,-5.862 ,0 ,-39.569 ,60.626 | -29.079
0 ,0 ,0 ,0 ,-0.447 ,2.738 ,-4.924 | 2.656
0 ,0 ,0 ,0 ,0 ,-5.062 ,-5.309 | 18.109
0 ,0 ,0 ,0 ,0 ,-18.438 ,54.836 | -51.24

R2 --> R2 - 3.318*R6

4 ,0 ,0 ,0 ,0 ,0 ,48.07 | -84.351
0 ,-6.25 ,0 ,0 ,0 ,0 ,33.528 | -63.475
0 ,0 ,4.64 ,0 ,0 ,47.85 ,-73.904 | 31.671
0 ,0 ,0 ,-5.862 ,0 ,-39.569 ,60.626 | -29.079
0 ,0 ,0 ,0 ,-0.447 ,2.738 ,-4.924 | 2.656
0 ,0 ,0 ,0 ,0 ,-5.062 ,-5.309 | 18.109
0 ,0 ,0 ,0 ,0 ,-18.438 ,54.836 | -51.24

R3 --> R3 + 9.452*R6

4 ,0 ,0 ,0 ,0 ,0 ,48.07 | -84.351
0 ,-6.25 ,0 ,0 ,0 ,0 ,33.528 | -63.475
0 ,0 ,4.64 ,0 ,0 ,0 ,-124.086 | 202.831
0 ,0 ,0 ,-5.862 ,0 ,-39.569 ,60.626 | -29.079
0 ,0 ,0 ,0 ,-0.447 ,2.738 ,-4.924 | 2.656
0 ,0 ,0 ,0 ,0 ,-5.062 ,-5.309 | 18.109
0 ,0 ,0 ,0 ,0 ,-18.438 ,54.836 | -51.24

R4 --> R4 - 7.816*R6

4 ,0 ,0 ,0 ,0 ,0 ,48.07 | -84.351
0 ,-6.25 ,0 ,0 ,0 ,0 ,33.528 | -63.475
0 ,0 ,4.64 ,0 ,0 ,0 ,-124.086 | 202.831
0 ,0 ,0 ,-5.862 ,0 ,0 ,102.124 | -170.617
0 ,0 ,0 ,0 ,-0.447 ,2.738 ,-4.924 | 2.656
0 ,0 ,0 ,0 ,0 ,-5.062 ,-5.309 | 18.109
0 ,0 ,0 ,0 ,0 ,-18.438 ,54.836 | -51.24

R5 --> R5 + 0.541*R6

4 ,0 ,0 ,0 ,0 ,0 ,48.07 | -84.351
0 ,-6.25 ,0 ,0 ,0 ,0 ,33.528 | -63.475
0 ,0 ,4.64 ,0 ,0 ,0 ,-124.086 | 202.831
0 ,0 ,0 ,-5.862 ,0 ,0 ,102.124 | -170.617
0 ,0 ,0 ,0 ,-0.447 ,0 ,-7.795 | 12.451
0 ,0 ,0 ,0 ,0 ,-5.062 ,-5.309 | 18.109
0 ,0 ,0 ,0 ,0 ,-18.438 ,54.836 | -51.24

R7 --> R7 - 3.642*R6

4 ,0 ,0 ,0 ,0 ,0 ,48.07 | -84.351
0 ,-6.25 ,0 ,0 ,0 ,0 ,33.528 | -63.475
0 ,0 ,4.64 ,0 ,0 ,0 ,-124.086 | 202.831
0 ,0 ,0 ,-5.862 ,0 ,0 ,102.124 | -170.617
0 ,0 ,0 ,0 ,-0.447 ,0 ,-7.795 | 12.451
0 ,0 ,0 ,0 ,0 ,-5.062 ,-5.309 | 18.109
0 ,0 ,0 ,0 ,0 ,0 ,74.172 | -117.191

R7 --> 0.013*R7

4 ,0 ,0 ,0 ,0 ,0 ,48.07 | -84.351
0 ,-6.25 ,0 ,0 ,0 ,0 ,33.528 | -63.475
0 ,0 ,4.64 ,0 ,0 ,0 ,-124.086 | 202.831
0 ,0 ,0 ,-5.862 ,0 ,0 ,102.124 | -170.617
0 ,0 ,0 ,0 ,-0.447 ,0 ,-7.795 | 12.451
0 ,0 ,0 ,0 ,0 ,-5.062 ,-5.309 | 18.109
0 ,0 ,0 ,0 ,0 ,0 ,1 | -1.58

R1 --> R1 - 48.07*R7

4 ,0 ,0 ,0 ,0 ,0 ,0 | -8.4
0 ,-6.25 ,0 ,0 ,0 ,0 ,33.528 | -63.475
0 ,0 ,4.64 ,0 ,0 ,0 ,-124.086 | 202.831
0 ,0 ,0 ,-5.862 ,0 ,0 ,102.124 | -170.617
0 ,0 ,0 ,0 ,-0.447 ,0 ,-7.795 | 12.451
0 ,0 ,0 ,0 ,0 ,-5.062 ,-5.309 | 18.109
0 ,0 ,0 ,0 ,0 ,0 ,1 | -1.58

R1 --> 0.25*R1

1 ,0 ,0 ,0 ,0 ,0 ,0 | -2.1
0 ,-6.25 ,0 ,0 ,0 ,0 ,33.528 | -63.475
0 ,0 ,4.64 ,0 ,0 ,0 ,-124.086 | 202.831
0 ,0 ,0 ,-5.862 ,0 ,0 ,102.124 | -170.617
0 ,0 ,0 ,0 ,-0.447 ,0 ,-7.795 | 12.451
0 ,0 ,0 ,0 ,0 ,-5.062 ,-5.309 | 18.109
0 ,0 ,0 ,0 ,0 ,0 ,1 | -1.58

R2 --> R2 - 33.528*R7

1 ,0 ,0 ,0 ,0 ,0 ,0 | -2.1
0 ,-6.25 ,0 ,0 ,0 ,0 ,0 | -10.5
0 ,0 ,4.64 ,0 ,0 ,0 ,-124.086 | 202.831
0 ,0 ,0 ,-5.862 ,0 ,0 ,102.124 | -170.617
0 ,0 ,0 ,0 ,-0.447 ,0 ,-7.795 | 12.451
0 ,0 ,0 ,0 ,0 ,-5.062 ,-5.309 | 18.109
0 ,0 ,0 ,0 ,0 ,0 ,1 | -1.58

R2 --> -0.16*R2

1 ,0 ,0 ,0 ,0 ,0 ,0 | -2.1
0 ,1 ,0 ,0 ,0 ,0 ,0 | 1.68
0 ,0 ,4.64 ,0 ,0 ,0 ,-124.086 | 202.831
0 ,0 ,0 ,-5.862 ,0 ,0 ,102.124 | -170.617
0 ,0 ,0 ,0 ,-0.447 ,0 ,-7.795 | 12.451
0 ,0 ,0 ,0 ,0 ,-5.062 ,-5.309 | 18.109
0 ,0 ,0 ,0 ,0 ,0 ,1 | -1.58

R3 --> R3 + 124.086*R7

1 ,0 ,0 ,0 ,0 ,0 ,0 | -2.1
0 ,1 ,0 ,0 ,0 ,0 ,0 | 1.68
0 ,0 ,4.64 ,0 ,0 ,0 ,0 | 6.774
0 ,0 ,0 ,-5.862 ,0 ,0 ,102.124 | -170.617
0 ,0 ,0 ,0 ,-0.447 ,0 ,-7.795 | 12.451
0 ,0 ,0 ,0 ,0 ,-5.062 ,-5.309 | 18.109
0 ,0 ,0 ,0 ,0 ,0 ,1 | -1.58

R3 --> 0.216*R3

1 ,0 ,0 ,0 ,0 ,0 ,0 | -2.1
0 ,1 ,0 ,0 ,0 ,0 ,0 | 1.68
0 ,0 ,1 ,0 ,0 ,0 ,0 | 1.46
0 ,0 ,0 ,-5.862 ,0 ,0 ,102.124 | -170.617
0 ,0 ,0 ,0 ,-0.447 ,0 ,-7.795 | 12.451
0 ,0 ,0 ,0 ,0 ,-5.062 ,-5.309 | 18.109
0 ,0 ,0 ,0 ,0 ,0 ,1 | -1.58

R4 --> R4 - 102.124*R7

1 ,0 ,0 ,0 ,0 ,0 ,0 | -2.1
0 ,1 ,0 ,0 ,0 ,0 ,0 | 1.68
0 ,0 ,1 ,0 ,0 ,0 ,0 | 1.46
0 ,0 ,0 ,-5.862 ,0 ,0 ,0 | -9.262
0 ,0 ,0 ,0 ,-0.447 ,0 ,-7.795 | 12.451
0 ,0 ,0 ,0 ,0 ,-5.062 ,-5.309 | 18.109
0 ,0 ,0 ,0 ,0 ,0 ,1 | -1.58

R4 --> -0.171*R4

1 ,0 ,0 ,0 ,0 ,0 ,0 | -2.1
0 ,1 ,0 ,0 ,0 ,0 ,0 | 1.68
0 ,0 ,1 ,0 ,0 ,0 ,0 | 1.46
0 ,0 ,0 ,1 ,0 ,0 ,0 | 1.58
0 ,0 ,0 ,0 ,-0.447 ,0 ,-7.795 | 12.451
0 ,0 ,0 ,0 ,0 ,-5.062 ,-5.309 | 18.109
0 ,0 ,0 ,0 ,0 ,0 ,1 | -1.58

R5 --> R5 + 7.795*R7

1 ,0 ,0 ,0 ,0 ,0 ,0 | -2.1
0 ,1 ,0 ,0 ,0 ,0 ,0 | 1.68
0 ,0 ,1 ,0 ,0 ,0 ,0 | 1.46
0 ,0 ,0 ,1 ,0 ,0 ,0 | 1.58
0 ,0 ,0 ,0 ,-0.447 ,0 ,0 | 0.134
0 ,0 ,0 ,0 ,0 ,-5.062 ,-5.309 | 18.109
0 ,0 ,0 ,0 ,0 ,0 ,1 | -1.58

R5 --> -2.237*R5

1 ,0 ,0 ,0 ,0 ,0 ,0 | -2.1
0 ,1 ,0 ,0 ,0 ,0 ,0 | 1.68
0 ,0 ,1 ,0 ,0 ,0 ,0 | 1.46
0 ,0 ,0 ,1 ,0 ,0 ,0 | 1.58
0 ,0 ,0 ,0 ,1 ,0 ,0 | -0.3
0 ,0 ,0 ,0 ,0 ,-5.062 ,-5.309 | 18.109
0 ,0 ,0 ,0 ,0 ,0 ,1 | -1.58

R6 --> R6 + 5.309*R7

1 ,0 ,0 ,0 ,0 ,0 ,0 | -2.1
0 ,1 ,0 ,0 ,0 ,0 ,0 | 1.68
0 ,0 ,1 ,0 ,0 ,0 ,0 | 1.46
0 ,0 ,0 ,1 ,0 ,0 ,0 | 1.58
0 ,0 ,0 ,0 ,1 ,0 ,0 | -0.3
0 ,0 ,0 ,0 ,0 ,-5.062 ,0 | 9.72
0 ,0 ,0 ,0 ,0 ,0 ,1 | -1.58

R6 --> -0.198*R6

1 ,0 ,0 ,0 ,0 ,0 ,0 | -2.1
0 ,1 ,0 ,0 ,0 ,0 ,0 | 1.68
0 ,0 ,1 ,0 ,0 ,0 ,0 | 1.46
0 ,0 ,0 ,1 ,0 ,0 ,0 | 1.58
0 ,0 ,0 ,0 ,1 ,0 ,0 | -0.3
0 ,0 ,0 ,0 ,0 ,1 ,0 | -1.92
0 ,0 ,0 ,0 ,0 ,0 ,1 | -1.58

exist a single solution in R7 space for the system which is:
x = (-2.1 ,1.68 ,1.46 ,1.58 ,-0.3 ,-1.92 ,-1.58)
