solve the next system in R7 space:
eq1: -   x1        + 4*x3 -   x4 - 2*x5 + 5*x6 -   x7  = 6
eq2: + 6*x1 - 7*x2 + 7*x3 +   x4 - 7*x5 - 6*x6 + 5*x7  = -12
eq3:        + 2*x2 + 6*x3 +   x4 - 7*x5 + 6*x6 +   x7  = 8
eq4: + 2*x1 + 2*x2        - 2*x4 - 6*x5 + 6*x6 - 5*x7  = 20
eq5: + 3*x1 + 3*x2 - 3*x3 +   x4 + 7*x5 -   x6 - 2*x7  = -3
eq6: +   x1 - 5*x2 +   x3 - 4*x4 + 3*x5 +   x6 - 4*x7  = -4
eq7: + 7*x1 - 5*x2 + 5*x3        - 4*x5 - 4*x6 +   x7  = -6

-1 ,0 ,4 ,-1 ,-2 ,5 ,-1 | 6
6 ,-7 ,7 ,1 ,-7 ,-6 ,5 | -12
0 ,2 ,6 ,1 ,-7 ,6 ,1 | 8
2 ,2 ,0 ,-2 ,-6 ,6 ,-5 | 20
3 ,3 ,-3 ,1 ,7 ,-1 ,-2 | -3
1 ,-5 ,1 ,-4 ,3 ,1 ,-4 | -4
7 ,-5 ,5 ,0 ,-4 ,-4 ,1 | -6

implement the solution by parallel ranking method:
transform A matrix to I by a parallel ranking:
R2 --> R2 + 6*R1

-1 ,0 ,4 ,-1 ,-2 ,5 ,-1 | 6
0 ,-7 ,31 ,-5 ,-19 ,24 ,-1 | 24
0 ,2 ,6 ,1 ,-7 ,6 ,1 | 8
2 ,2 ,0 ,-2 ,-6 ,6 ,-5 | 20
3 ,3 ,-3 ,1 ,7 ,-1 ,-2 | -3
1 ,-5 ,1 ,-4 ,3 ,1 ,-4 | -4
7 ,-5 ,5 ,0 ,-4 ,-4 ,1 | -6

R4 --> R4 + 2*R1

-1 ,0 ,4 ,-1 ,-2 ,5 ,-1 | 6
0 ,-7 ,31 ,-5 ,-19 ,24 ,-1 | 24
0 ,2 ,6 ,1 ,-7 ,6 ,1 | 8
0 ,2 ,8 ,-4 ,-10 ,16 ,-7 | 32
3 ,3 ,-3 ,1 ,7 ,-1 ,-2 | -3
1 ,-5 ,1 ,-4 ,3 ,1 ,-4 | -4
7 ,-5 ,5 ,0 ,-4 ,-4 ,1 | -6

R5 --> R5 + 3*R1

-1 ,0 ,4 ,-1 ,-2 ,5 ,-1 | 6
0 ,-7 ,31 ,-5 ,-19 ,24 ,-1 | 24
0 ,2 ,6 ,1 ,-7 ,6 ,1 | 8
0 ,2 ,8 ,-4 ,-10 ,16 ,-7 | 32
0 ,3 ,9 ,-2 ,1 ,14 ,-5 | 15
1 ,-5 ,1 ,-4 ,3 ,1 ,-4 | -4
7 ,-5 ,5 ,0 ,-4 ,-4 ,1 | -6

R6 --> R6 + R1

-1 ,0 ,4 ,-1 ,-2 ,5 ,-1 | 6
0 ,-7 ,31 ,-5 ,-19 ,24 ,-1 | 24
0 ,2 ,6 ,1 ,-7 ,6 ,1 | 8
0 ,2 ,8 ,-4 ,-10 ,16 ,-7 | 32
0 ,3 ,9 ,-2 ,1 ,14 ,-5 | 15
0 ,-5 ,5 ,-5 ,1 ,6 ,-5 | 2
7 ,-5 ,5 ,0 ,-4 ,-4 ,1 | -6

R7 --> R7 + 7*R1

-1 ,0 ,4 ,-1 ,-2 ,5 ,-1 | 6
0 ,-7 ,31 ,-5 ,-19 ,24 ,-1 | 24
0 ,2 ,6 ,1 ,-7 ,6 ,1 | 8
0 ,2 ,8 ,-4 ,-10 ,16 ,-7 | 32
0 ,3 ,9 ,-2 ,1 ,14 ,-5 | 15
0 ,-5 ,5 ,-5 ,1 ,6 ,-5 | 2
0 ,-5 ,33 ,-7 ,-18 ,31 ,-6 | 36

R3 --> R3 + 0.286*R2

-1 ,0 ,4 ,-1 ,-2 ,5 ,-1 | 6
0 ,-7 ,31 ,-5 ,-19 ,24 ,-1 | 24
0 ,0 ,14.857 ,-0.429 ,-12.429 ,12.857 ,0.714 | 14.857
0 ,2 ,8 ,-4 ,-10 ,16 ,-7 | 32
0 ,3 ,9 ,-2 ,1 ,14 ,-5 | 15
0 ,-5 ,5 ,-5 ,1 ,6 ,-5 | 2
0 ,-5 ,33 ,-7 ,-18 ,31 ,-6 | 36

R4 --> R4 + 0.286*R2

-1 ,0 ,4 ,-1 ,-2 ,5 ,-1 | 6
0 ,-7 ,31 ,-5 ,-19 ,24 ,-1 | 24
0 ,0 ,14.857 ,-0.429 ,-12.429 ,12.857 ,0.714 | 14.857
0 ,0 ,16.857 ,-5.429 ,-15.429 ,22.857 ,-7.286 | 38.857
0 ,3 ,9 ,-2 ,1 ,14 ,-5 | 15
0 ,-5 ,5 ,-5 ,1 ,6 ,-5 | 2
0 ,-5 ,33 ,-7 ,-18 ,31 ,-6 | 36

R5 --> R5 + 0.429*R2

-1 ,0 ,4 ,-1 ,-2 ,5 ,-1 | 6
0 ,-7 ,31 ,-5 ,-19 ,24 ,-1 | 24
0 ,0 ,14.857 ,-0.429 ,-12.429 ,12.857 ,0.714 | 14.857
0 ,0 ,16.857 ,-5.429 ,-15.429 ,22.857 ,-7.286 | 38.857
0 ,0 ,22.286 ,-4.143 ,-7.143 ,24.286 ,-5.429 | 25.286
0 ,-5 ,5 ,-5 ,1 ,6 ,-5 | 2
0 ,-5 ,33 ,-7 ,-18 ,31 ,-6 | 36

R6 --> R6 - 0.714*R2

-1 ,0 ,4 ,-1 ,-2 ,5 ,-1 | 6
0 ,-7 ,31 ,-5 ,-19 ,24 ,-1 | 24
0 ,0 ,14.857 ,-0.429 ,-12.429 ,12.857 ,0.714 | 14.857
0 ,0 ,16.857 ,-5.429 ,-15.429 ,22.857 ,-7.286 | 38.857
0 ,0 ,22.286 ,-4.143 ,-7.143 ,24.286 ,-5.429 | 25.286
0 ,0 ,-17.143 ,-1.429 ,14.571 ,-11.143 ,-4.286 | -15.143
0 ,-5 ,33 ,-7 ,-18 ,31 ,-6 | 36

R7 --> R7 - 0.714*R2

-1 ,0 ,4 ,-1 ,-2 ,5 ,-1 | 6
0 ,-7 ,31 ,-5 ,-19 ,24 ,-1 | 24
0 ,0 ,14.857 ,-0.429 ,-12.429 ,12.857 ,0.714 | 14.857
0 ,0 ,16.857 ,-5.429 ,-15.429 ,22.857 ,-7.286 | 38.857
0 ,0 ,22.286 ,-4.143 ,-7.143 ,24.286 ,-5.429 | 25.286
0 ,0 ,-17.143 ,-1.429 ,14.571 ,-11.143 ,-4.286 | -15.143
0 ,0 ,10.857 ,-3.429 ,-4.429 ,13.857 ,-5.286 | 18.857

R1 --> R1 - 0.269*R3

-1 ,0 ,0 ,-0.885 ,1.346 ,1.538 ,-1.192 | 2
0 ,-7 ,31 ,-5 ,-19 ,24 ,-1 | 24
0 ,0 ,14.857 ,-0.429 ,-12.429 ,12.857 ,0.714 | 14.857
0 ,0 ,16.857 ,-5.429 ,-15.429 ,22.857 ,-7.286 | 38.857
0 ,0 ,22.286 ,-4.143 ,-7.143 ,24.286 ,-5.429 | 25.286
0 ,0 ,-17.143 ,-1.429 ,14.571 ,-11.143 ,-4.286 | -15.143
0 ,0 ,10.857 ,-3.429 ,-4.429 ,13.857 ,-5.286 | 18.857

R2 --> R2 - 2.087*R3

-1 ,0 ,0 ,-0.885 ,1.346 ,1.538 ,-1.192 | 2
0 ,-7 ,0 ,-4.106 ,6.933 ,-2.827 ,-2.49 | -7
0 ,0 ,14.857 ,-0.429 ,-12.429 ,12.857 ,0.714 | 14.857
0 ,0 ,16.857 ,-5.429 ,-15.429 ,22.857 ,-7.286 | 38.857
0 ,0 ,22.286 ,-4.143 ,-7.143 ,24.286 ,-5.429 | 25.286
0 ,0 ,-17.143 ,-1.429 ,14.571 ,-11.143 ,-4.286 | -15.143
0 ,0 ,10.857 ,-3.429 ,-4.429 ,13.857 ,-5.286 | 18.857

R4 --> R4 - 1.135*R3

-1 ,0 ,0 ,-0.885 ,1.346 ,1.538 ,-1.192 | 2
0 ,-7 ,0 ,-4.106 ,6.933 ,-2.827 ,-2.49 | -7
0 ,0 ,14.857 ,-0.429 ,-12.429 ,12.857 ,0.714 | 14.857
0 ,0 ,0 ,-4.942 ,-1.327 ,8.269 ,-8.096 | 22
0 ,0 ,22.286 ,-4.143 ,-7.143 ,24.286 ,-5.429 | 25.286
0 ,0 ,-17.143 ,-1.429 ,14.571 ,-11.143 ,-4.286 | -15.143
0 ,0 ,10.857 ,-3.429 ,-4.429 ,13.857 ,-5.286 | 18.857

R5 --> R5 - 1.5*R3

-1 ,0 ,0 ,-0.885 ,1.346 ,1.538 ,-1.192 | 2
0 ,-7 ,0 ,-4.106 ,6.933 ,-2.827 ,-2.49 | -7
0 ,0 ,14.857 ,-0.429 ,-12.429 ,12.857 ,0.714 | 14.857
0 ,0 ,0 ,-4.942 ,-1.327 ,8.269 ,-8.096 | 22
0 ,0 ,0 ,-3.5 ,11.5 ,5 ,-6.5 | 3
0 ,0 ,-17.143 ,-1.429 ,14.571 ,-11.143 ,-4.286 | -15.143
0 ,0 ,10.857 ,-3.429 ,-4.429 ,13.857 ,-5.286 | 18.857

R6 --> R6 + 1.154*R3

-1 ,0 ,0 ,-0.885 ,1.346 ,1.538 ,-1.192 | 2
0 ,-7 ,0 ,-4.106 ,6.933 ,-2.827 ,-2.49 | -7
0 ,0 ,14.857 ,-0.429 ,-12.429 ,12.857 ,0.714 | 14.857
0 ,0 ,0 ,-4.942 ,-1.327 ,8.269 ,-8.096 | 22
0 ,0 ,0 ,-3.5 ,11.5 ,5 ,-6.5 | 3
0 ,0 ,0 ,-1.923 ,0.231 ,3.692 ,-3.462 | 2
0 ,0 ,10.857 ,-3.429 ,-4.429 ,13.857 ,-5.286 | 18.857

R7 --> R7 - 0.731*R3

-1 ,0 ,0 ,-0.885 ,1.346 ,1.538 ,-1.192 | 2
0 ,-7 ,0 ,-4.106 ,6.933 ,-2.827 ,-2.49 | -7
0 ,0 ,14.857 ,-0.429 ,-12.429 ,12.857 ,0.714 | 14.857
0 ,0 ,0 ,-4.942 ,-1.327 ,8.269 ,-8.096 | 22
0 ,0 ,0 ,-3.5 ,11.5 ,5 ,-6.5 | 3
0 ,0 ,0 ,-1.923 ,0.231 ,3.692 ,-3.462 | 2
0 ,0 ,0 ,-3.115 ,4.654 ,4.462 ,-5.808 | 8

R1 --> R1 - 0.179*R4

-1 ,0 ,0 ,0 ,1.584 ,0.058 ,0.257 | -1.938
0 ,-7 ,0 ,-4.106 ,6.933 ,-2.827 ,-2.49 | -7
0 ,0 ,14.857 ,-0.429 ,-12.429 ,12.857 ,0.714 | 14.857
0 ,0 ,0 ,-4.942 ,-1.327 ,8.269 ,-8.096 | 22
0 ,0 ,0 ,-3.5 ,11.5 ,5 ,-6.5 | 3
0 ,0 ,0 ,-1.923 ,0.231 ,3.692 ,-3.462 | 2
0 ,0 ,0 ,-3.115 ,4.654 ,4.462 ,-5.808 | 8

R2 --> R2 - 0.831*R4

-1 ,0 ,0 ,0 ,1.584 ,0.058 ,0.257 | -1.938
0 ,-7 ,0 ,0 ,8.035 ,-9.696 ,4.235 | -25.276
0 ,0 ,14.857 ,-0.429 ,-12.429 ,12.857 ,0.714 | 14.857
0 ,0 ,0 ,-4.942 ,-1.327 ,8.269 ,-8.096 | 22
0 ,0 ,0 ,-3.5 ,11.5 ,5 ,-6.5 | 3
0 ,0 ,0 ,-1.923 ,0.231 ,3.692 ,-3.462 | 2
0 ,0 ,0 ,-3.115 ,4.654 ,4.462 ,-5.808 | 8

R3 --> R3 - 0.087*R4

-1 ,0 ,0 ,0 ,1.584 ,0.058 ,0.257 | -1.938
0 ,-7 ,0 ,0 ,8.035 ,-9.696 ,4.235 | -25.276
0 ,0 ,14.857 ,0 ,-12.314 ,12.14 ,1.416 | 12.949
0 ,0 ,0 ,-4.942 ,-1.327 ,8.269 ,-8.096 | 22
0 ,0 ,0 ,-3.5 ,11.5 ,5 ,-6.5 | 3
0 ,0 ,0 ,-1.923 ,0.231 ,3.692 ,-3.462 | 2
0 ,0 ,0 ,-3.115 ,4.654 ,4.462 ,-5.808 | 8

R5 --> R5 - 0.708*R4

-1 ,0 ,0 ,0 ,1.584 ,0.058 ,0.257 | -1.938
0 ,-7 ,0 ,0 ,8.035 ,-9.696 ,4.235 | -25.276
0 ,0 ,14.857 ,0 ,-12.314 ,12.14 ,1.416 | 12.949
0 ,0 ,0 ,-4.942 ,-1.327 ,8.269 ,-8.096 | 22
0 ,0 ,0 ,0 ,12.44 ,-0.856 ,-0.767 | -12.58
0 ,0 ,0 ,-1.923 ,0.231 ,3.692 ,-3.462 | 2
0 ,0 ,0 ,-3.115 ,4.654 ,4.462 ,-5.808 | 8

R6 --> R6 - 0.389*R4

-1 ,0 ,0 ,0 ,1.584 ,0.058 ,0.257 | -1.938
0 ,-7 ,0 ,0 ,8.035 ,-9.696 ,4.235 | -25.276
0 ,0 ,14.857 ,0 ,-12.314 ,12.14 ,1.416 | 12.949
0 ,0 ,0 ,-4.942 ,-1.327 ,8.269 ,-8.096 | 22
0 ,0 ,0 ,0 ,12.44 ,-0.856 ,-0.767 | -12.58
0 ,0 ,0 ,0 ,0.747 ,0.475 ,-0.311 | -6.56
0 ,0 ,0 ,-3.115 ,4.654 ,4.462 ,-5.808 | 8

R7 --> R7 - 0.63*R4

-1 ,0 ,0 ,0 ,1.584 ,0.058 ,0.257 | -1.938
0 ,-7 ,0 ,0 ,8.035 ,-9.696 ,4.235 | -25.276
0 ,0 ,14.857 ,0 ,-12.314 ,12.14 ,1.416 | 12.949
0 ,0 ,0 ,-4.942 ,-1.327 ,8.269 ,-8.096 | 22
0 ,0 ,0 ,0 ,12.44 ,-0.856 ,-0.767 | -12.58
0 ,0 ,0 ,0 ,0.747 ,0.475 ,-0.311 | -6.56
0 ,0 ,0 ,0 ,5.49 ,-0.751 ,-0.704 | -5.868

R1 --> R1 - 0.127*R5

-1 ,0 ,0 ,0 ,0 ,0.167 ,0.354 | -0.336
0 ,-7 ,0 ,0 ,8.035 ,-9.696 ,4.235 | -25.276
0 ,0 ,14.857 ,0 ,-12.314 ,12.14 ,1.416 | 12.949
0 ,0 ,0 ,-4.942 ,-1.327 ,8.269 ,-8.096 | 22
0 ,0 ,0 ,0 ,12.44 ,-0.856 ,-0.767 | -12.58
0 ,0 ,0 ,0 ,0.747 ,0.475 ,-0.311 | -6.56
0 ,0 ,0 ,0 ,5.49 ,-0.751 ,-0.704 | -5.868

R2 --> R2 - 0.646*R5

-1 ,0 ,0 ,0 ,0 ,0.167 ,0.354 | -0.336
0 ,-7 ,0 ,0 ,0 ,-9.144 ,4.731 | -17.151
0 ,0 ,14.857 ,0 ,-12.314 ,12.14 ,1.416 | 12.949
0 ,0 ,0 ,-4.942 ,-1.327 ,8.269 ,-8.096 | 22
0 ,0 ,0 ,0 ,12.44 ,-0.856 ,-0.767 | -12.58
0 ,0 ,0 ,0 ,0.747 ,0.475 ,-0.311 | -6.56
0 ,0 ,0 ,0 ,5.49 ,-0.751 ,-0.704 | -5.868

R3 --> R3 + 0.99*R5

-1 ,0 ,0 ,0 ,0 ,0.167 ,0.354 | -0.336
0 ,-7 ,0 ,0 ,0 ,-9.144 ,4.731 | -17.151
0 ,0 ,14.857 ,0 ,0 ,11.293 ,0.658 | 0.497
0 ,0 ,0 ,-4.942 ,-1.327 ,8.269 ,-8.096 | 22
0 ,0 ,0 ,0 ,12.44 ,-0.856 ,-0.767 | -12.58
0 ,0 ,0 ,0 ,0.747 ,0.475 ,-0.311 | -6.56
0 ,0 ,0 ,0 ,5.49 ,-0.751 ,-0.704 | -5.868

R4 --> R4 + 0.107*R5

-1 ,0 ,0 ,0 ,0 ,0.167 ,0.354 | -0.336
0 ,-7 ,0 ,0 ,0 ,-9.144 ,4.731 | -17.151
0 ,0 ,14.857 ,0 ,0 ,11.293 ,0.658 | 0.497
0 ,0 ,0 ,-4.942 ,0 ,8.178 ,-8.178 | 20.658
0 ,0 ,0 ,0 ,12.44 ,-0.856 ,-0.767 | -12.58
0 ,0 ,0 ,0 ,0.747 ,0.475 ,-0.311 | -6.56
0 ,0 ,0 ,0 ,5.49 ,-0.751 ,-0.704 | -5.868

R6 --> R6 - 0.06*R5

-1 ,0 ,0 ,0 ,0 ,0.167 ,0.354 | -0.336
0 ,-7 ,0 ,0 ,0 ,-9.144 ,4.731 | -17.151
0 ,0 ,14.857 ,0 ,0 ,11.293 ,0.658 | 0.497
0 ,0 ,0 ,-4.942 ,0 ,8.178 ,-8.178 | 20.658
0 ,0 ,0 ,0 ,12.44 ,-0.856 ,-0.767 | -12.58
0 ,0 ,0 ,0 ,0 ,0.526 ,-0.265 | -5.805
0 ,0 ,0 ,0 ,5.49 ,-0.751 ,-0.704 | -5.868

R7 --> R7 - 0.441*R5

-1 ,0 ,0 ,0 ,0 ,0.167 ,0.354 | -0.336
0 ,-7 ,0 ,0 ,0 ,-9.144 ,4.731 | -17.151
0 ,0 ,14.857 ,0 ,0 ,11.293 ,0.658 | 0.497
0 ,0 ,0 ,-4.942 ,0 ,8.178 ,-8.178 | 20.658
0 ,0 ,0 ,0 ,12.44 ,-0.856 ,-0.767 | -12.58
0 ,0 ,0 ,0 ,0 ,0.526 ,-0.265 | -5.805
0 ,0 ,0 ,0 ,0 ,-0.373 ,-0.366 | -0.316

R1 --> R1 - 0.318*R6

-1 ,0 ,0 ,0 ,0 ,0 ,0.439 | 1.51
0 ,-7 ,0 ,0 ,0 ,-9.144 ,4.731 | -17.151
0 ,0 ,14.857 ,0 ,0 ,11.293 ,0.658 | 0.497
0 ,0 ,0 ,-4.942 ,0 ,8.178 ,-8.178 | 20.658
0 ,0 ,0 ,0 ,12.44 ,-0.856 ,-0.767 | -12.58
0 ,0 ,0 ,0 ,0 ,0.526 ,-0.265 | -5.805
0 ,0 ,0 ,0 ,0 ,-0.373 ,-0.366 | -0.316

R2 --> R2 + 17.379*R6

-1 ,0 ,0 ,0 ,0 ,0 ,0.439 | 1.51
0 ,-7 ,0 ,0 ,0 ,0 ,0.121 | -118.034
0 ,0 ,14.857 ,0 ,0 ,11.293 ,0.658 | 0.497
0 ,0 ,0 ,-4.942 ,0 ,8.178 ,-8.178 | 20.658
0 ,0 ,0 ,0 ,12.44 ,-0.856 ,-0.767 | -12.58
0 ,0 ,0 ,0 ,0 ,0.526 ,-0.265 | -5.805
0 ,0 ,0 ,0 ,0 ,-0.373 ,-0.366 | -0.316

R3 --> R3 - 21.464*R6

-1 ,0 ,0 ,0 ,0 ,0 ,0.439 | 1.51
0 ,-7 ,0 ,0 ,0 ,0 ,0.121 | -118.034
0 ,0 ,14.857 ,0 ,0 ,0 ,6.351 | 125.093
0 ,0 ,0 ,-4.942 ,0 ,8.178 ,-8.178 | 20.658
0 ,0 ,0 ,0 ,12.44 ,-0.856 ,-0.767 | -12.58
0 ,0 ,0 ,0 ,0 ,0.526 ,-0.265 | -5.805
0 ,0 ,0 ,0 ,0 ,-0.373 ,-0.366 | -0.316

R4 --> R4 - 15.544*R6

-1 ,0 ,0 ,0 ,0 ,0 ,0.439 | 1.51
0 ,-7 ,0 ,0 ,0 ,0 ,0.121 | -118.034
0 ,0 ,14.857 ,0 ,0 ,0 ,6.351 | 125.093
0 ,0 ,0 ,-4.942 ,0 ,0 ,-4.055 | 110.887
0 ,0 ,0 ,0 ,12.44 ,-0.856 ,-0.767 | -12.58
0 ,0 ,0 ,0 ,0 ,0.526 ,-0.265 | -5.805
0 ,0 ,0 ,0 ,0 ,-0.373 ,-0.366 | -0.316

R5 --> R5 + 1.627*R6

-1 ,0 ,0 ,0 ,0 ,0 ,0.439 | 1.51
0 ,-7 ,0 ,0 ,0 ,0 ,0.121 | -118.034
0 ,0 ,14.857 ,0 ,0 ,0 ,6.351 | 125.093
0 ,0 ,0 ,-4.942 ,0 ,0 ,-4.055 | 110.887
0 ,0 ,0 ,0 ,12.44 ,0 ,-1.198 | -22.025
0 ,0 ,0 ,0 ,0 ,0.526 ,-0.265 | -5.805
0 ,0 ,0 ,0 ,0 ,-0.373 ,-0.366 | -0.316

R7 --> R7 + 0.709*R6

-1 ,0 ,0 ,0 ,0 ,0 ,0.439 | 1.51
0 ,-7 ,0 ,0 ,0 ,0 ,0.121 | -118.034
0 ,0 ,14.857 ,0 ,0 ,0 ,6.351 | 125.093
0 ,0 ,0 ,-4.942 ,0 ,0 ,-4.055 | 110.887
0 ,0 ,0 ,0 ,12.44 ,0 ,-1.198 | -22.025
0 ,0 ,0 ,0 ,0 ,0.526 ,-0.265 | -5.805
0 ,0 ,0 ,0 ,0 ,0 ,-0.554 | -4.433

R7 --> -1.805*R7

-1 ,0 ,0 ,0 ,0 ,0 ,0.439 | 1.51
0 ,-7 ,0 ,0 ,0 ,0 ,0.121 | -118.034
0 ,0 ,14.857 ,0 ,0 ,0 ,6.351 | 125.093
0 ,0 ,0 ,-4.942 ,0 ,0 ,-4.055 | 110.887
0 ,0 ,0 ,0 ,12.44 ,0 ,-1.198 | -22.025
0 ,0 ,0 ,0 ,0 ,0.526 ,-0.265 | -5.805
0 ,0 ,0 ,0 ,0 ,0 ,1 | 8

R1 --> R1 - 0.439*R7

-1 ,0 ,0 ,0 ,0 ,0 ,0 | -2
0 ,-7 ,0 ,0 ,0 ,0 ,0.121 | -118.034
0 ,0 ,14.857 ,0 ,0 ,0 ,6.351 | 125.093
0 ,0 ,0 ,-4.942 ,0 ,0 ,-4.055 | 110.887
0 ,0 ,0 ,0 ,12.44 ,0 ,-1.198 | -22.025
0 ,0 ,0 ,0 ,0 ,0.526 ,-0.265 | -5.805
0 ,0 ,0 ,0 ,0 ,0 ,1 | 8

R1 --> - R1

1 ,0 ,0 ,0 ,0 ,0 ,0 | 2
0 ,-7 ,0 ,0 ,0 ,0 ,0.121 | -118.034
0 ,0 ,14.857 ,0 ,0 ,0 ,6.351 | 125.093
0 ,0 ,0 ,-4.942 ,0 ,0 ,-4.055 | 110.887
0 ,0 ,0 ,0 ,12.44 ,0 ,-1.198 | -22.025
0 ,0 ,0 ,0 ,0 ,0.526 ,-0.265 | -5.805
0 ,0 ,0 ,0 ,0 ,0 ,1 | 8

R2 --> R2 - 0.121*R7

1 ,0 ,0 ,0 ,0 ,0 ,0 | 2
0 ,-7 ,0 ,0 ,0 ,0 ,0 | -119
0 ,0 ,14.857 ,0 ,0 ,0 ,6.351 | 125.093
0 ,0 ,0 ,-4.942 ,0 ,0 ,-4.055 | 110.887
0 ,0 ,0 ,0 ,12.44 ,0 ,-1.198 | -22.025
0 ,0 ,0 ,0 ,0 ,0.526 ,-0.265 | -5.805
0 ,0 ,0 ,0 ,0 ,0 ,1 | 8

R2 --> -0.143*R2

1 ,0 ,0 ,0 ,0 ,0 ,0 | 2
0 ,1 ,0 ,0 ,0 ,0 ,0 | 17
0 ,0 ,14.857 ,0 ,0 ,0 ,6.351 | 125.093
0 ,0 ,0 ,-4.942 ,0 ,0 ,-4.055 | 110.887
0 ,0 ,0 ,0 ,12.44 ,0 ,-1.198 | -22.025
0 ,0 ,0 ,0 ,0 ,0.526 ,-0.265 | -5.805
0 ,0 ,0 ,0 ,0 ,0 ,1 | 8

R3 --> R3 - 6.351*R7

1 ,0 ,0 ,0 ,0 ,0 ,0 | 2
0 ,1 ,0 ,0 ,0 ,0 ,0 | 17
0 ,0 ,14.857 ,0 ,0 ,0 ,0 | 74.286
0 ,0 ,0 ,-4.942 ,0 ,0 ,-4.055 | 110.887
0 ,0 ,0 ,0 ,12.44 ,0 ,-1.198 | -22.025
0 ,0 ,0 ,0 ,0 ,0.526 ,-0.265 | -5.805
0 ,0 ,0 ,0 ,0 ,0 ,1 | 8

R3 --> 0.067*R3

1 ,0 ,0 ,0 ,0 ,0 ,0 | 2
0 ,1 ,0 ,0 ,0 ,0 ,0 | 17
0 ,0 ,1 ,0 ,0 ,0 ,0 | 5
0 ,0 ,0 ,-4.942 ,0 ,0 ,-4.055 | 110.887
0 ,0 ,0 ,0 ,12.44 ,0 ,-1.198 | -22.025
0 ,0 ,0 ,0 ,0 ,0.526 ,-0.265 | -5.805
0 ,0 ,0 ,0 ,0 ,0 ,1 | 8

R4 --> R4 + 4.055*R7

1 ,0 ,0 ,0 ,0 ,0 ,0 | 2
0 ,1 ,0 ,0 ,0 ,0 ,0 | 17
0 ,0 ,1 ,0 ,0 ,0 ,0 | 5
0 ,0 ,0 ,-4.942 ,0 ,0 ,0 | 143.326
0 ,0 ,0 ,0 ,12.44 ,0 ,-1.198 | -22.025
0 ,0 ,0 ,0 ,0 ,0.526 ,-0.265 | -5.805
0 ,0 ,0 ,0 ,0 ,0 ,1 | 8

R4 --> -0.202*R4

1 ,0 ,0 ,0 ,0 ,0 ,0 | 2
0 ,1 ,0 ,0 ,0 ,0 ,0 | 17
0 ,0 ,1 ,0 ,0 ,0 ,0 | 5
0 ,0 ,0 ,1 ,0 ,0 ,0 | -29
0 ,0 ,0 ,0 ,12.44 ,0 ,-1.198 | -22.025
0 ,0 ,0 ,0 ,0 ,0.526 ,-0.265 | -5.805
0 ,0 ,0 ,0 ,0 ,0 ,1 | 8

R5 --> R5 + 1.198*R7

1 ,0 ,0 ,0 ,0 ,0 ,0 | 2
0 ,1 ,0 ,0 ,0 ,0 ,0 | 17
0 ,0 ,1 ,0 ,0 ,0 ,0 | 5
0 ,0 ,0 ,1 ,0 ,0 ,0 | -29
0 ,0 ,0 ,0 ,12.44 ,0 ,0 | -12.44
0 ,0 ,0 ,0 ,0 ,0.526 ,-0.265 | -5.805
0 ,0 ,0 ,0 ,0 ,0 ,1 | 8

R5 --> 0.08*R5

1 ,0 ,0 ,0 ,0 ,0 ,0 | 2
0 ,1 ,0 ,0 ,0 ,0 ,0 | 17
0 ,0 ,1 ,0 ,0 ,0 ,0 | 5
0 ,0 ,0 ,1 ,0 ,0 ,0 | -29
0 ,0 ,0 ,0 ,1 ,0 ,0 | -1
0 ,0 ,0 ,0 ,0 ,0.526 ,-0.265 | -5.805
0 ,0 ,0 ,0 ,0 ,0 ,1 | 8

R6 --> R6 + 0.265*R7

1 ,0 ,0 ,0 ,0 ,0 ,0 | 2
0 ,1 ,0 ,0 ,0 ,0 ,0 | 17
0 ,0 ,1 ,0 ,0 ,0 ,0 | 5
0 ,0 ,0 ,1 ,0 ,0 ,0 | -29
0 ,0 ,0 ,0 ,1 ,0 ,0 | -1
0 ,0 ,0 ,0 ,0 ,0.526 ,0 | -3.683
0 ,0 ,0 ,0 ,0 ,0 ,1 | 8

R6 --> 1.901*R6

1 ,0 ,0 ,0 ,0 ,0 ,0 | 2
0 ,1 ,0 ,0 ,0 ,0 ,0 | 17
0 ,0 ,1 ,0 ,0 ,0 ,0 | 5
0 ,0 ,0 ,1 ,0 ,0 ,0 | -29
0 ,0 ,0 ,0 ,1 ,0 ,0 | -1
0 ,0 ,0 ,0 ,0 ,1 ,0 | -7
0 ,0 ,0 ,0 ,0 ,0 ,1 | 8

exist a single solution in R7 space for the system which is:
x = (2 ,17 ,5 ,-29 ,-1 ,-7 ,8)
