invert the next matrix (4*4 size):
-2 ,3 ,3 ,-2
-1 ,4 ,2 ,-2
1 ,3 ,1 ,3
-3 ,-2 ,4 ,-5

-2 ,3 ,3 ,-2 | 1 ,0 ,0 ,0
-1 ,4 ,2 ,-2 | 0 ,1 ,0 ,0
1 ,3 ,1 ,3 | 0 ,0 ,1 ,0
-3 ,-2 ,4 ,-5 | 0 ,0 ,0 ,1

implement the solution by lower ranking method:
transform M matrix to L by a lower ranking:
R3 --> R3 + 0.6*R4

-2 ,3 ,3 ,-2 | 1 ,0 ,0 ,0
-1 ,4 ,2 ,-2 | 0 ,1 ,0 ,0
-0.8 ,1.8 ,3.4 ,0 | 0 ,0 ,1 ,0.6
-3 ,-2 ,4 ,-5 | 0 ,0 ,0 ,1

R2 --> R2 - 0.4*R4

-2 ,3 ,3 ,-2 | 1 ,0 ,0 ,0
0.2 ,4.8 ,0.4 ,0 | 0 ,1 ,0 ,-0.4
-0.8 ,1.8 ,3.4 ,0 | 0 ,0 ,1 ,0.6
-3 ,-2 ,4 ,-5 | 0 ,0 ,0 ,1

R1 --> R1 - 0.4*R4

-0.8 ,3.8 ,1.4 ,0 | 1 ,0 ,0 ,-0.4
0.2 ,4.8 ,0.4 ,0 | 0 ,1 ,0 ,-0.4
-0.8 ,1.8 ,3.4 ,0 | 0 ,0 ,1 ,0.6
-3 ,-2 ,4 ,-5 | 0 ,0 ,0 ,1

R2 --> R2 - 0.118*R3

-0.8 ,3.8 ,1.4 ,0 | 1 ,0 ,0 ,-0.4
0.294 ,4.588 ,0 ,0 | 0 ,1 ,-0.118 ,-0.471
-0.8 ,1.8 ,3.4 ,0 | 0 ,0 ,1 ,0.6
-3 ,-2 ,4 ,-5 | 0 ,0 ,0 ,1

R1 --> R1 - 0.412*R3

-0.471 ,3.059 ,0 ,0 | 1 ,0 ,-0.412 ,-0.647
0.294 ,4.588 ,0 ,0 | 0 ,1 ,-0.118 ,-0.471
-0.8 ,1.8 ,3.4 ,0 | 0 ,0 ,1 ,0.6
-3 ,-2 ,4 ,-5 | 0 ,0 ,0 ,1

R1 --> R1 - 0.667*R2

-0.667 ,0 ,0 ,0 | 1 ,-0.667 ,-0.333 ,-0.333
0.294 ,4.588 ,0 ,0 | 0 ,1 ,-0.118 ,-0.471
-0.8 ,1.8 ,3.4 ,0 | 0 ,0 ,1 ,0.6
-3 ,-2 ,4 ,-5 | 0 ,0 ,0 ,1

R1 --> -1.5*R1

1 ,0 ,0 ,0 | -1.5 ,1 ,0.5 ,0.5
0.294 ,4.588 ,0 ,0 | 0 ,1 ,-0.118 ,-0.471
-0.8 ,1.8 ,3.4 ,0 | 0 ,0 ,1 ,0.6
-3 ,-2 ,4 ,-5 | 0 ,0 ,0 ,1

and now transform L matrix to I by an upper ranking:
R2 --> R2 - 0.294*R1

1 ,0 ,0 ,0 | -1.5 ,1 ,0.5 ,0.5
0 ,4.588 ,0 ,0 | 0.441 ,0.706 ,-0.265 ,-0.618
-0.8 ,1.8 ,3.4 ,0 | 0 ,0 ,1 ,0.6
-3 ,-2 ,4 ,-5 | 0 ,0 ,0 ,1

R2 --> 0.218*R2

1 ,0 ,0 ,0 | -1.5 ,1 ,0.5 ,0.5
0 ,1 ,0 ,0 | 0.096 ,0.154 ,-0.058 ,-0.135
-0.8 ,1.8 ,3.4 ,0 | 0 ,0 ,1 ,0.6
-3 ,-2 ,4 ,-5 | 0 ,0 ,0 ,1

R3 --> R3 + 0.8*R1

1 ,0 ,0 ,0 | -1.5 ,1 ,0.5 ,0.5
0 ,1 ,0 ,0 | 0.096 ,0.154 ,-0.058 ,-0.135
0 ,1.8 ,3.4 ,0 | -1.2 ,0.8 ,1.4 ,1
-3 ,-2 ,4 ,-5 | 0 ,0 ,0 ,1

R4 --> R4 + 3*R1

1 ,0 ,0 ,0 | -1.5 ,1 ,0.5 ,0.5
0 ,1 ,0 ,0 | 0.096 ,0.154 ,-0.058 ,-0.135
0 ,1.8 ,3.4 ,0 | -1.2 ,0.8 ,1.4 ,1
0 ,-2 ,4 ,-5 | -4.5 ,3 ,1.5 ,2.5

R3 --> R3 - 1.8*R2

1 ,0 ,0 ,0 | -1.5 ,1 ,0.5 ,0.5
0 ,1 ,0 ,0 | 0.096 ,0.154 ,-0.058 ,-0.135
0 ,0 ,3.4 ,0 | -1.373 ,0.523 ,1.504 ,1.242
0 ,-2 ,4 ,-5 | -4.5 ,3 ,1.5 ,2.5

R3 --> 0.294*R3

1 ,0 ,0 ,0 | -1.5 ,1 ,0.5 ,0.5
0 ,1 ,0 ,0 | 0.096 ,0.154 ,-0.058 ,-0.135
0 ,0 ,1 ,0 | -0.404 ,0.154 ,0.442 ,0.365
0 ,-2 ,4 ,-5 | -4.5 ,3 ,1.5 ,2.5

R4 --> R4 + 2*R2

1 ,0 ,0 ,0 | -1.5 ,1 ,0.5 ,0.5
0 ,1 ,0 ,0 | 0.096 ,0.154 ,-0.058 ,-0.135
0 ,0 ,1 ,0 | -0.404 ,0.154 ,0.442 ,0.365
0 ,0 ,4 ,-5 | -4.308 ,3.308 ,1.385 ,2.231

R4 --> R4 - 4*R3

1 ,0 ,0 ,0 | -1.5 ,1 ,0.5 ,0.5
0 ,1 ,0 ,0 | 0.096 ,0.154 ,-0.058 ,-0.135
0 ,0 ,1 ,0 | -0.404 ,0.154 ,0.442 ,0.365
0 ,0 ,0 ,-5 | -2.692 ,2.692 ,-0.385 ,0.769

R4 --> -0.2*R4

1 ,0 ,0 ,0 | -1.5 ,1 ,0.5 ,0.5
0 ,1 ,0 ,0 | 0.096 ,0.154 ,-0.058 ,-0.135
0 ,0 ,1 ,0 | -0.404 ,0.154 ,0.442 ,0.365
0 ,0 ,0 ,1 | 0.538 ,-0.538 ,0.077 ,-0.154

the invertible of this matrix is:
-1.5 ,1 ,0.5 ,0.5
0.096 ,0.154 ,-0.058 ,-0.135
-0.404 ,0.154 ,0.442 ,0.365
0.538 ,-0.538 ,0.077 ,-0.154

