invert the next matrix (4*4 size):
-2 ,3 ,3 ,-2
-1 ,4 ,2 ,-2
1 ,3 ,1 ,3
-3 ,-2 ,4 ,-5

-2 ,3 ,3 ,-2 | 1 ,0 ,0 ,0
-1 ,4 ,2 ,-2 | 0 ,1 ,0 ,0
1 ,3 ,1 ,3 | 0 ,0 ,1 ,0
-3 ,-2 ,4 ,-5 | 0 ,0 ,0 ,1

implement the solution by parallel ranking method:
transform M matrix to I by a parallel ranking:
R2 --> R2 - 0.5*R1

-2 ,3 ,3 ,-2 | 1 ,0 ,0 ,0
0 ,2.5 ,0.5 ,-1 | 0 ,1 ,0 ,0
1 ,3 ,1 ,3 | 0 ,0 ,1 ,0
-3 ,-2 ,4 ,-5 | 0 ,0 ,0 ,1

R3 --> R3 + 0.5*R1

-2 ,3 ,3 ,-2 | 1 ,0 ,0 ,0
0 ,2.5 ,0.5 ,-1 | 0 ,1 ,0 ,0
0 ,4.5 ,2.5 ,2 | 0 ,0 ,1 ,0
-3 ,-2 ,4 ,-5 | 0 ,0 ,0 ,1

R4 --> R4 - 1.5*R1

-2 ,3 ,3 ,-2 | 1 ,0 ,0 ,0
0 ,2.5 ,0.5 ,-1 | 0 ,1 ,0 ,0
0 ,4.5 ,2.5 ,2 | 0 ,0 ,1 ,0
0 ,-6.5 ,-0.5 ,-2 | 0 ,0 ,0 ,1

R1 --> R1 - 1.2*R2

-2 ,0 ,2.4 ,-0.8 | 1 ,0 ,0 ,0
0 ,2.5 ,0.5 ,-1 | 0 ,1 ,0 ,0
0 ,4.5 ,2.5 ,2 | 0 ,0 ,1 ,0
0 ,-6.5 ,-0.5 ,-2 | 0 ,0 ,0 ,1

R3 --> R3 - 1.8*R2

-2 ,0 ,2.4 ,-0.8 | 1 ,0 ,0 ,0
0 ,2.5 ,0.5 ,-1 | 0 ,1 ,0 ,0
0 ,0 ,1.6 ,3.8 | 0 ,0 ,1 ,0
0 ,-6.5 ,-0.5 ,-2 | 0 ,0 ,0 ,1

R4 --> R4 + 2.6*R2

-2 ,0 ,2.4 ,-0.8 | 1 ,0 ,0 ,0
0 ,2.5 ,0.5 ,-1 | 0 ,1 ,0 ,0
0 ,0 ,1.6 ,3.8 | 0 ,0 ,1 ,0
0 ,0 ,0.8 ,-4.6 | 0 ,0 ,0 ,1

R1 --> R1 - 1.5*R3

-2 ,0 ,0 ,-6.5 | 1 ,0 ,0 ,0
0 ,2.5 ,0.5 ,-1 | 0 ,1 ,0 ,0
0 ,0 ,1.6 ,3.8 | 0 ,0 ,1 ,0
0 ,0 ,0.8 ,-4.6 | 0 ,0 ,0 ,1

R2 --> R2 - 0.313*R3

-2 ,0 ,0 ,-6.5 | 1 ,0 ,0 ,0
0 ,2.5 ,0 ,-2.187 | 0 ,1 ,0 ,0
0 ,0 ,1.6 ,3.8 | 0 ,0 ,1 ,0
0 ,0 ,0.8 ,-4.6 | 0 ,0 ,0 ,1

R4 --> R4 - 0.5*R3

-2 ,0 ,0 ,-6.5 | 1 ,0 ,0 ,0
0 ,2.5 ,0 ,-2.187 | 0 ,1 ,0 ,0
0 ,0 ,1.6 ,3.8 | 0 ,0 ,1 ,0
0 ,0 ,0 ,-6.5 | 0 ,0 ,0 ,1

R4 --> -0.154*R4

-2 ,0 ,0 ,-6.5 | 1 ,0 ,0 ,0
0 ,2.5 ,0 ,-2.187 | 0 ,1 ,0 ,0
0 ,0 ,1.6 ,3.8 | 0 ,0 ,1 ,0
0 ,0 ,0 ,1 | 0 ,0 ,0 ,1

R1 --> R1 + 6.5*R4

-2 ,0 ,0 ,0 | 1 ,0 ,0 ,0
0 ,2.5 ,0 ,-2.187 | 0 ,1 ,0 ,0
0 ,0 ,1.6 ,3.8 | 0 ,0 ,1 ,0
0 ,0 ,0 ,1 | 0 ,0 ,0 ,1

R1 --> -0.5*R1

1 ,0 ,0 ,0 | 1 ,0 ,0 ,0
0 ,2.5 ,0 ,-2.187 | 0 ,1 ,0 ,0
0 ,0 ,1.6 ,3.8 | 0 ,0 ,1 ,0
0 ,0 ,0 ,1 | 0 ,0 ,0 ,1

R2 --> R2 + 2.187*R4

1 ,0 ,0 ,0 | 1 ,0 ,0 ,0
0 ,2.5 ,0 ,0 | 0 ,1 ,0 ,0
0 ,0 ,1.6 ,3.8 | 0 ,0 ,1 ,0
0 ,0 ,0 ,1 | 0 ,0 ,0 ,1

R2 --> 0.4*R2

1 ,0 ,0 ,0 | 1 ,0 ,0 ,0
0 ,1 ,0 ,0 | 0 ,1 ,0 ,0
0 ,0 ,1.6 ,3.8 | 0 ,0 ,1 ,0
0 ,0 ,0 ,1 | 0 ,0 ,0 ,1

R3 --> R3 - 3.8*R4

1 ,0 ,0 ,0 | 1 ,0 ,0 ,0
0 ,1 ,0 ,0 | 0 ,1 ,0 ,0
0 ,0 ,1.6 ,0 | 0 ,0 ,1 ,0
0 ,0 ,0 ,1 | 0 ,0 ,0 ,1

R3 --> 0.625*R3

1 ,0 ,0 ,0 | 1 ,0 ,0 ,0
0 ,1 ,0 ,0 | 0 ,1 ,0 ,0
0 ,0 ,1 ,0 | 0 ,0 ,1 ,0
0 ,0 ,0 ,1 | 0 ,0 ,0 ,1

the invertible of this matrix is:
-1.5 ,1 ,0.5 ,0.5
0.096 ,0.154 ,-0.058 ,-0.135
-0.404 ,0.154 ,0.442 ,0.365
0.538 ,-0.538 ,0.077 ,-0.154

