invert the next matrix (7*7 size):
-1 ,0 ,4 ,-1 ,-2 ,5 ,-1
6 ,-7 ,7 ,1 ,-7 ,-6 ,5
0 ,2 ,6 ,1 ,-7 ,6 ,1
2 ,2 ,0 ,-2 ,-6 ,6 ,-5
3 ,3 ,-3 ,1 ,7 ,-1 ,-2
1 ,-5 ,1 ,-4 ,3 ,1 ,-4
7 ,-5 ,5 ,0 ,-4 ,-4 ,1

-1 ,0 ,4 ,-1 ,-2 ,5 ,-1 | 1 ,0 ,0 ,0 ,0 ,0 ,0
6 ,-7 ,7 ,1 ,-7 ,-6 ,5 | 0 ,1 ,0 ,0 ,0 ,0 ,0
0 ,2 ,6 ,1 ,-7 ,6 ,1 | 0 ,0 ,1 ,0 ,0 ,0 ,0
2 ,2 ,0 ,-2 ,-6 ,6 ,-5 | 0 ,0 ,0 ,1 ,0 ,0 ,0
3 ,3 ,-3 ,1 ,7 ,-1 ,-2 | 0 ,0 ,0 ,0 ,1 ,0 ,0
1 ,-5 ,1 ,-4 ,3 ,1 ,-4 | 0 ,0 ,0 ,0 ,0 ,1 ,0
7 ,-5 ,5 ,0 ,-4 ,-4 ,1 | 0 ,0 ,0 ,0 ,0 ,0 ,1

implement the solution by ranking rows method:
transform M matrix to I by a parallel ranking:
R2 --> R2 + 6*R1

-1 ,0 ,4 ,-1 ,-2 ,5 ,-1 | 1 ,0 ,0 ,0 ,0 ,0 ,0
0 ,-7 ,31 ,-5 ,-19 ,24 ,-1 | 6 ,1 ,0 ,0 ,0 ,0 ,0
0 ,2 ,6 ,1 ,-7 ,6 ,1 | 0 ,0 ,1 ,0 ,0 ,0 ,0
2 ,2 ,0 ,-2 ,-6 ,6 ,-5 | 0 ,0 ,0 ,1 ,0 ,0 ,0
3 ,3 ,-3 ,1 ,7 ,-1 ,-2 | 0 ,0 ,0 ,0 ,1 ,0 ,0
1 ,-5 ,1 ,-4 ,3 ,1 ,-4 | 0 ,0 ,0 ,0 ,0 ,1 ,0
7 ,-5 ,5 ,0 ,-4 ,-4 ,1 | 0 ,0 ,0 ,0 ,0 ,0 ,1

R4 --> R4 + 2*R1

-1 ,0 ,4 ,-1 ,-2 ,5 ,-1 | 1 ,0 ,0 ,0 ,0 ,0 ,0
0 ,-7 ,31 ,-5 ,-19 ,24 ,-1 | 6 ,1 ,0 ,0 ,0 ,0 ,0
0 ,2 ,6 ,1 ,-7 ,6 ,1 | 0 ,0 ,1 ,0 ,0 ,0 ,0
0 ,2 ,8 ,-4 ,-10 ,16 ,-7 | 2 ,0 ,0 ,1 ,0 ,0 ,0
3 ,3 ,-3 ,1 ,7 ,-1 ,-2 | 0 ,0 ,0 ,0 ,1 ,0 ,0
1 ,-5 ,1 ,-4 ,3 ,1 ,-4 | 0 ,0 ,0 ,0 ,0 ,1 ,0
7 ,-5 ,5 ,0 ,-4 ,-4 ,1 | 0 ,0 ,0 ,0 ,0 ,0 ,1

R5 --> R5 + 3*R1

-1 ,0 ,4 ,-1 ,-2 ,5 ,-1 | 1 ,0 ,0 ,0 ,0 ,0 ,0
0 ,-7 ,31 ,-5 ,-19 ,24 ,-1 | 6 ,1 ,0 ,0 ,0 ,0 ,0
0 ,2 ,6 ,1 ,-7 ,6 ,1 | 0 ,0 ,1 ,0 ,0 ,0 ,0
0 ,2 ,8 ,-4 ,-10 ,16 ,-7 | 2 ,0 ,0 ,1 ,0 ,0 ,0
0 ,3 ,9 ,-2 ,1 ,14 ,-5 | 3 ,0 ,0 ,0 ,1 ,0 ,0
1 ,-5 ,1 ,-4 ,3 ,1 ,-4 | 0 ,0 ,0 ,0 ,0 ,1 ,0
7 ,-5 ,5 ,0 ,-4 ,-4 ,1 | 0 ,0 ,0 ,0 ,0 ,0 ,1

R6 --> R6 + R1

-1 ,0 ,4 ,-1 ,-2 ,5 ,-1 | 1 ,0 ,0 ,0 ,0 ,0 ,0
0 ,-7 ,31 ,-5 ,-19 ,24 ,-1 | 6 ,1 ,0 ,0 ,0 ,0 ,0
0 ,2 ,6 ,1 ,-7 ,6 ,1 | 0 ,0 ,1 ,0 ,0 ,0 ,0
0 ,2 ,8 ,-4 ,-10 ,16 ,-7 | 2 ,0 ,0 ,1 ,0 ,0 ,0
0 ,3 ,9 ,-2 ,1 ,14 ,-5 | 3 ,0 ,0 ,0 ,1 ,0 ,0
0 ,-5 ,5 ,-5 ,1 ,6 ,-5 | 1 ,0 ,0 ,0 ,0 ,1 ,0
7 ,-5 ,5 ,0 ,-4 ,-4 ,1 | 0 ,0 ,0 ,0 ,0 ,0 ,1

R7 --> R7 + 7*R1

-1 ,0 ,4 ,-1 ,-2 ,5 ,-1 | 1 ,0 ,0 ,0 ,0 ,0 ,0
0 ,-7 ,31 ,-5 ,-19 ,24 ,-1 | 6 ,1 ,0 ,0 ,0 ,0 ,0
0 ,2 ,6 ,1 ,-7 ,6 ,1 | 0 ,0 ,1 ,0 ,0 ,0 ,0
0 ,2 ,8 ,-4 ,-10 ,16 ,-7 | 2 ,0 ,0 ,1 ,0 ,0 ,0
0 ,3 ,9 ,-2 ,1 ,14 ,-5 | 3 ,0 ,0 ,0 ,1 ,0 ,0
0 ,-5 ,5 ,-5 ,1 ,6 ,-5 | 1 ,0 ,0 ,0 ,0 ,1 ,0
0 ,-5 ,33 ,-7 ,-18 ,31 ,-6 | 7 ,0 ,0 ,0 ,0 ,0 ,1

R3 --> R3 + 0.286*R2

-1 ,0 ,4 ,-1 ,-2 ,5 ,-1 | 1 ,0 ,0 ,0 ,0 ,0 ,0
0 ,-7 ,31 ,-5 ,-19 ,24 ,-1 | 6 ,1 ,0 ,0 ,0 ,0 ,0
0 ,0 ,14.857 ,-0.429 ,-12.429 ,12.857 ,0.714 | 1.714 ,0.286 ,1 ,0 ,0 ,0 ,0
0 ,2 ,8 ,-4 ,-10 ,16 ,-7 | 2 ,0 ,0 ,1 ,0 ,0 ,0
0 ,3 ,9 ,-2 ,1 ,14 ,-5 | 3 ,0 ,0 ,0 ,1 ,0 ,0
0 ,-5 ,5 ,-5 ,1 ,6 ,-5 | 1 ,0 ,0 ,0 ,0 ,1 ,0
0 ,-5 ,33 ,-7 ,-18 ,31 ,-6 | 7 ,0 ,0 ,0 ,0 ,0 ,1

R4 --> R4 + 0.286*R2

-1 ,0 ,4 ,-1 ,-2 ,5 ,-1 | 1 ,0 ,0 ,0 ,0 ,0 ,0
0 ,-7 ,31 ,-5 ,-19 ,24 ,-1 | 6 ,1 ,0 ,0 ,0 ,0 ,0
0 ,0 ,14.857 ,-0.429 ,-12.429 ,12.857 ,0.714 | 1.714 ,0.286 ,1 ,0 ,0 ,0 ,0
0 ,0 ,16.857 ,-5.429 ,-15.429 ,22.857 ,-7.286 | 3.714 ,0.286 ,0 ,1 ,0 ,0 ,0
0 ,3 ,9 ,-2 ,1 ,14 ,-5 | 3 ,0 ,0 ,0 ,1 ,0 ,0
0 ,-5 ,5 ,-5 ,1 ,6 ,-5 | 1 ,0 ,0 ,0 ,0 ,1 ,0
0 ,-5 ,33 ,-7 ,-18 ,31 ,-6 | 7 ,0 ,0 ,0 ,0 ,0 ,1

R5 --> R5 + 0.429*R2

-1 ,0 ,4 ,-1 ,-2 ,5 ,-1 | 1 ,0 ,0 ,0 ,0 ,0 ,0
0 ,-7 ,31 ,-5 ,-19 ,24 ,-1 | 6 ,1 ,0 ,0 ,0 ,0 ,0
0 ,0 ,14.857 ,-0.429 ,-12.429 ,12.857 ,0.714 | 1.714 ,0.286 ,1 ,0 ,0 ,0 ,0
0 ,0 ,16.857 ,-5.429 ,-15.429 ,22.857 ,-7.286 | 3.714 ,0.286 ,0 ,1 ,0 ,0 ,0
0 ,0 ,22.286 ,-4.143 ,-7.143 ,24.286 ,-5.429 | 5.571 ,0.429 ,0 ,0 ,1 ,0 ,0
0 ,-5 ,5 ,-5 ,1 ,6 ,-5 | 1 ,0 ,0 ,0 ,0 ,1 ,0
0 ,-5 ,33 ,-7 ,-18 ,31 ,-6 | 7 ,0 ,0 ,0 ,0 ,0 ,1

R6 --> R6 - 0.714*R2

-1 ,0 ,4 ,-1 ,-2 ,5 ,-1 | 1 ,0 ,0 ,0 ,0 ,0 ,0
0 ,-7 ,31 ,-5 ,-19 ,24 ,-1 | 6 ,1 ,0 ,0 ,0 ,0 ,0
0 ,0 ,14.857 ,-0.429 ,-12.429 ,12.857 ,0.714 | 1.714 ,0.286 ,1 ,0 ,0 ,0 ,0
0 ,0 ,16.857 ,-5.429 ,-15.429 ,22.857 ,-7.286 | 3.714 ,0.286 ,0 ,1 ,0 ,0 ,0
0 ,0 ,22.286 ,-4.143 ,-7.143 ,24.286 ,-5.429 | 5.571 ,0.429 ,0 ,0 ,1 ,0 ,0
0 ,0 ,-17.143 ,-1.429 ,14.571 ,-11.143 ,-4.286 | -3.286 ,-0.714 ,0 ,0 ,0 ,1 ,0
0 ,-5 ,33 ,-7 ,-18 ,31 ,-6 | 7 ,0 ,0 ,0 ,0 ,0 ,1

R7 --> R7 - 0.714*R2

-1 ,0 ,4 ,-1 ,-2 ,5 ,-1 | 1 ,0 ,0 ,0 ,0 ,0 ,0
0 ,-7 ,31 ,-5 ,-19 ,24 ,-1 | 6 ,1 ,0 ,0 ,0 ,0 ,0
0 ,0 ,14.857 ,-0.429 ,-12.429 ,12.857 ,0.714 | 1.714 ,0.286 ,1 ,0 ,0 ,0 ,0
0 ,0 ,16.857 ,-5.429 ,-15.429 ,22.857 ,-7.286 | 3.714 ,0.286 ,0 ,1 ,0 ,0 ,0
0 ,0 ,22.286 ,-4.143 ,-7.143 ,24.286 ,-5.429 | 5.571 ,0.429 ,0 ,0 ,1 ,0 ,0
0 ,0 ,-17.143 ,-1.429 ,14.571 ,-11.143 ,-4.286 | -3.286 ,-0.714 ,0 ,0 ,0 ,1 ,0
0 ,0 ,10.857 ,-3.429 ,-4.429 ,13.857 ,-5.286 | 2.714 ,-0.714 ,0 ,0 ,0 ,0 ,1

R1 --> R1 - 0.269*R3

-1 ,0 ,0 ,-0.885 ,1.346 ,1.538 ,-1.192 | 0.538 ,-0.077 ,-0.269 ,0 ,0 ,0 ,0
0 ,-7 ,31 ,-5 ,-19 ,24 ,-1 | 6 ,1 ,0 ,0 ,0 ,0 ,0
0 ,0 ,14.857 ,-0.429 ,-12.429 ,12.857 ,0.714 | 1.714 ,0.286 ,1 ,0 ,0 ,0 ,0
0 ,0 ,16.857 ,-5.429 ,-15.429 ,22.857 ,-7.286 | 3.714 ,0.286 ,0 ,1 ,0 ,0 ,0
0 ,0 ,22.286 ,-4.143 ,-7.143 ,24.286 ,-5.429 | 5.571 ,0.429 ,0 ,0 ,1 ,0 ,0
0 ,0 ,-17.143 ,-1.429 ,14.571 ,-11.143 ,-4.286 | -3.286 ,-0.714 ,0 ,0 ,0 ,1 ,0
0 ,0 ,10.857 ,-3.429 ,-4.429 ,13.857 ,-5.286 | 2.714 ,-0.714 ,0 ,0 ,0 ,0 ,1

R2 --> R2 - 2.087*R3

-1 ,0 ,0 ,-0.885 ,1.346 ,1.538 ,-1.192 | 0.538 ,-0.077 ,-0.269 ,0 ,0 ,0 ,0
0 ,-7 ,0 ,-4.106 ,6.933 ,-2.827 ,-2.49 | 2.423 ,0.404 ,-2.087 ,0 ,0 ,0 ,0
0 ,0 ,14.857 ,-0.429 ,-12.429 ,12.857 ,0.714 | 1.714 ,0.286 ,1 ,0 ,0 ,0 ,0
0 ,0 ,16.857 ,-5.429 ,-15.429 ,22.857 ,-7.286 | 3.714 ,0.286 ,0 ,1 ,0 ,0 ,0
0 ,0 ,22.286 ,-4.143 ,-7.143 ,24.286 ,-5.429 | 5.571 ,0.429 ,0 ,0 ,1 ,0 ,0
0 ,0 ,-17.143 ,-1.429 ,14.571 ,-11.143 ,-4.286 | -3.286 ,-0.714 ,0 ,0 ,0 ,1 ,0
0 ,0 ,10.857 ,-3.429 ,-4.429 ,13.857 ,-5.286 | 2.714 ,-0.714 ,0 ,0 ,0 ,0 ,1

R4 --> R4 - 1.135*R3

-1 ,0 ,0 ,-0.885 ,1.346 ,1.538 ,-1.192 | 0.538 ,-0.077 ,-0.269 ,0 ,0 ,0 ,0
0 ,-7 ,0 ,-4.106 ,6.933 ,-2.827 ,-2.49 | 2.423 ,0.404 ,-2.087 ,0 ,0 ,0 ,0
0 ,0 ,14.857 ,-0.429 ,-12.429 ,12.857 ,0.714 | 1.714 ,0.286 ,1 ,0 ,0 ,0 ,0
0 ,0 ,0 ,-4.942 ,-1.327 ,8.269 ,-8.096 | 1.769 ,-0.038 ,-1.135 ,1 ,0 ,0 ,0
0 ,0 ,22.286 ,-4.143 ,-7.143 ,24.286 ,-5.429 | 5.571 ,0.429 ,0 ,0 ,1 ,0 ,0
0 ,0 ,-17.143 ,-1.429 ,14.571 ,-11.143 ,-4.286 | -3.286 ,-0.714 ,0 ,0 ,0 ,1 ,0
0 ,0 ,10.857 ,-3.429 ,-4.429 ,13.857 ,-5.286 | 2.714 ,-0.714 ,0 ,0 ,0 ,0 ,1

R5 --> R5 - 1.5*R3

-1 ,0 ,0 ,-0.885 ,1.346 ,1.538 ,-1.192 | 0.538 ,-0.077 ,-0.269 ,0 ,0 ,0 ,0
0 ,-7 ,0 ,-4.106 ,6.933 ,-2.827 ,-2.49 | 2.423 ,0.404 ,-2.087 ,0 ,0 ,0 ,0
0 ,0 ,14.857 ,-0.429 ,-12.429 ,12.857 ,0.714 | 1.714 ,0.286 ,1 ,0 ,0 ,0 ,0
0 ,0 ,0 ,-4.942 ,-1.327 ,8.269 ,-8.096 | 1.769 ,-0.038 ,-1.135 ,1 ,0 ,0 ,0
0 ,0 ,0 ,-3.5 ,11.5 ,5 ,-6.5 | 3 ,0 ,-1.5 ,0 ,1 ,0 ,0
0 ,0 ,-17.143 ,-1.429 ,14.571 ,-11.143 ,-4.286 | -3.286 ,-0.714 ,0 ,0 ,0 ,1 ,0
0 ,0 ,10.857 ,-3.429 ,-4.429 ,13.857 ,-5.286 | 2.714 ,-0.714 ,0 ,0 ,0 ,0 ,1

R6 --> R6 + 1.154*R3

-1 ,0 ,0 ,-0.885 ,1.346 ,1.538 ,-1.192 | 0.538 ,-0.077 ,-0.269 ,0 ,0 ,0 ,0
0 ,-7 ,0 ,-4.106 ,6.933 ,-2.827 ,-2.49 | 2.423 ,0.404 ,-2.087 ,0 ,0 ,0 ,0
0 ,0 ,14.857 ,-0.429 ,-12.429 ,12.857 ,0.714 | 1.714 ,0.286 ,1 ,0 ,0 ,0 ,0
0 ,0 ,0 ,-4.942 ,-1.327 ,8.269 ,-8.096 | 1.769 ,-0.038 ,-1.135 ,1 ,0 ,0 ,0
0 ,0 ,0 ,-3.5 ,11.5 ,5 ,-6.5 | 3 ,0 ,-1.5 ,0 ,1 ,0 ,0
0 ,0 ,0 ,-1.923 ,0.231 ,3.692 ,-3.462 | -1.308 ,-0.385 ,1.154 ,0 ,0 ,1 ,0
0 ,0 ,10.857 ,-3.429 ,-4.429 ,13.857 ,-5.286 | 2.714 ,-0.714 ,0 ,0 ,0 ,0 ,1

R7 --> R7 - 0.731*R3

-1 ,0 ,0 ,-0.885 ,1.346 ,1.538 ,-1.192 | 0.538 ,-0.077 ,-0.269 ,0 ,0 ,0 ,0
0 ,-7 ,0 ,-4.106 ,6.933 ,-2.827 ,-2.49 | 2.423 ,0.404 ,-2.087 ,0 ,0 ,0 ,0
0 ,0 ,14.857 ,-0.429 ,-12.429 ,12.857 ,0.714 | 1.714 ,0.286 ,1 ,0 ,0 ,0 ,0
0 ,0 ,0 ,-4.942 ,-1.327 ,8.269 ,-8.096 | 1.769 ,-0.038 ,-1.135 ,1 ,0 ,0 ,0
0 ,0 ,0 ,-3.5 ,11.5 ,5 ,-6.5 | 3 ,0 ,-1.5 ,0 ,1 ,0 ,0
0 ,0 ,0 ,-1.923 ,0.231 ,3.692 ,-3.462 | -1.308 ,-0.385 ,1.154 ,0 ,0 ,1 ,0
0 ,0 ,0 ,-3.115 ,4.654 ,4.462 ,-5.808 | 1.462 ,-0.923 ,-0.731 ,0 ,0 ,0 ,1

R1 --> R1 - 0.179*R4

-1 ,0 ,0 ,0 ,1.584 ,0.058 ,0.257 | 0.222 ,-0.07 ,-0.066 ,-0.179 ,0 ,0 ,0
0 ,-7 ,0 ,-4.106 ,6.933 ,-2.827 ,-2.49 | 2.423 ,0.404 ,-2.087 ,0 ,0 ,0 ,0
0 ,0 ,14.857 ,-0.429 ,-12.429 ,12.857 ,0.714 | 1.714 ,0.286 ,1 ,0 ,0 ,0 ,0
0 ,0 ,0 ,-4.942 ,-1.327 ,8.269 ,-8.096 | 1.769 ,-0.038 ,-1.135 ,1 ,0 ,0 ,0
0 ,0 ,0 ,-3.5 ,11.5 ,5 ,-6.5 | 3 ,0 ,-1.5 ,0 ,1 ,0 ,0
0 ,0 ,0 ,-1.923 ,0.231 ,3.692 ,-3.462 | -1.308 ,-0.385 ,1.154 ,0 ,0 ,1 ,0
0 ,0 ,0 ,-3.115 ,4.654 ,4.462 ,-5.808 | 1.462 ,-0.923 ,-0.731 ,0 ,0 ,0 ,1

R2 --> R2 - 0.831*R4

-1 ,0 ,0 ,0 ,1.584 ,0.058 ,0.257 | 0.222 ,-0.07 ,-0.066 ,-0.179 ,0 ,0 ,0
0 ,-7 ,0 ,0 ,8.035 ,-9.696 ,4.235 | 0.953 ,0.436 ,-1.144 ,-0.831 ,0 ,0 ,0
0 ,0 ,14.857 ,-0.429 ,-12.429 ,12.857 ,0.714 | 1.714 ,0.286 ,1 ,0 ,0 ,0 ,0
0 ,0 ,0 ,-4.942 ,-1.327 ,8.269 ,-8.096 | 1.769 ,-0.038 ,-1.135 ,1 ,0 ,0 ,0
0 ,0 ,0 ,-3.5 ,11.5 ,5 ,-6.5 | 3 ,0 ,-1.5 ,0 ,1 ,0 ,0
0 ,0 ,0 ,-1.923 ,0.231 ,3.692 ,-3.462 | -1.308 ,-0.385 ,1.154 ,0 ,0 ,1 ,0
0 ,0 ,0 ,-3.115 ,4.654 ,4.462 ,-5.808 | 1.462 ,-0.923 ,-0.731 ,0 ,0 ,0 ,1

R3 --> R3 - 0.087*R4

-1 ,0 ,0 ,0 ,1.584 ,0.058 ,0.257 | 0.222 ,-0.07 ,-0.066 ,-0.179 ,0 ,0 ,0
0 ,-7 ,0 ,0 ,8.035 ,-9.696 ,4.235 | 0.953 ,0.436 ,-1.144 ,-0.831 ,0 ,0 ,0
0 ,0 ,14.857 ,0 ,-12.314 ,12.14 ,1.416 | 1.561 ,0.289 ,1.098 ,-0.087 ,0 ,0 ,0
0 ,0 ,0 ,-4.942 ,-1.327 ,8.269 ,-8.096 | 1.769 ,-0.038 ,-1.135 ,1 ,0 ,0 ,0
0 ,0 ,0 ,-3.5 ,11.5 ,5 ,-6.5 | 3 ,0 ,-1.5 ,0 ,1 ,0 ,0
0 ,0 ,0 ,-1.923 ,0.231 ,3.692 ,-3.462 | -1.308 ,-0.385 ,1.154 ,0 ,0 ,1 ,0
0 ,0 ,0 ,-3.115 ,4.654 ,4.462 ,-5.808 | 1.462 ,-0.923 ,-0.731 ,0 ,0 ,0 ,1

R5 --> R5 - 0.708*R4

-1 ,0 ,0 ,0 ,1.584 ,0.058 ,0.257 | 0.222 ,-0.07 ,-0.066 ,-0.179 ,0 ,0 ,0
0 ,-7 ,0 ,0 ,8.035 ,-9.696 ,4.235 | 0.953 ,0.436 ,-1.144 ,-0.831 ,0 ,0 ,0
0 ,0 ,14.857 ,0 ,-12.314 ,12.14 ,1.416 | 1.561 ,0.289 ,1.098 ,-0.087 ,0 ,0 ,0
0 ,0 ,0 ,-4.942 ,-1.327 ,8.269 ,-8.096 | 1.769 ,-0.038 ,-1.135 ,1 ,0 ,0 ,0
0 ,0 ,0 ,0 ,12.44 ,-0.856 ,-0.767 | 1.747 ,0.027 ,-0.696 ,-0.708 ,1 ,0 ,0
0 ,0 ,0 ,-1.923 ,0.231 ,3.692 ,-3.462 | -1.308 ,-0.385 ,1.154 ,0 ,0 ,1 ,0
0 ,0 ,0 ,-3.115 ,4.654 ,4.462 ,-5.808 | 1.462 ,-0.923 ,-0.731 ,0 ,0 ,0 ,1

R6 --> R6 - 0.389*R4

-1 ,0 ,0 ,0 ,1.584 ,0.058 ,0.257 | 0.222 ,-0.07 ,-0.066 ,-0.179 ,0 ,0 ,0
0 ,-7 ,0 ,0 ,8.035 ,-9.696 ,4.235 | 0.953 ,0.436 ,-1.144 ,-0.831 ,0 ,0 ,0
0 ,0 ,14.857 ,0 ,-12.314 ,12.14 ,1.416 | 1.561 ,0.289 ,1.098 ,-0.087 ,0 ,0 ,0
0 ,0 ,0 ,-4.942 ,-1.327 ,8.269 ,-8.096 | 1.769 ,-0.038 ,-1.135 ,1 ,0 ,0 ,0
0 ,0 ,0 ,0 ,12.44 ,-0.856 ,-0.767 | 1.747 ,0.027 ,-0.696 ,-0.708 ,1 ,0 ,0
0 ,0 ,0 ,0 ,0.747 ,0.475 ,-0.311 | -1.996 ,-0.37 ,1.595 ,-0.389 ,0 ,1 ,0
0 ,0 ,0 ,-3.115 ,4.654 ,4.462 ,-5.808 | 1.462 ,-0.923 ,-0.731 ,0 ,0 ,0 ,1

R7 --> R7 - 0.63*R4

-1 ,0 ,0 ,0 ,1.584 ,0.058 ,0.257 | 0.222 ,-0.07 ,-0.066 ,-0.179 ,0 ,0 ,0
0 ,-7 ,0 ,0 ,8.035 ,-9.696 ,4.235 | 0.953 ,0.436 ,-1.144 ,-0.831 ,0 ,0 ,0
0 ,0 ,14.857 ,0 ,-12.314 ,12.14 ,1.416 | 1.561 ,0.289 ,1.098 ,-0.087 ,0 ,0 ,0
0 ,0 ,0 ,-4.942 ,-1.327 ,8.269 ,-8.096 | 1.769 ,-0.038 ,-1.135 ,1 ,0 ,0 ,0
0 ,0 ,0 ,0 ,12.44 ,-0.856 ,-0.767 | 1.747 ,0.027 ,-0.696 ,-0.708 ,1 ,0 ,0
0 ,0 ,0 ,0 ,0.747 ,0.475 ,-0.311 | -1.996 ,-0.37 ,1.595 ,-0.389 ,0 ,1 ,0
0 ,0 ,0 ,0 ,5.49 ,-0.751 ,-0.704 | 0.346 ,-0.899 ,-0.016 ,-0.63 ,0 ,0 ,1

R1 --> R1 - 0.127*R5

-1 ,0 ,0 ,0 ,0 ,0.167 ,0.354 | -0.001 ,-0.074 ,0.023 ,-0.089 ,-0.127 ,0 ,0
0 ,-7 ,0 ,0 ,8.035 ,-9.696 ,4.235 | 0.953 ,0.436 ,-1.144 ,-0.831 ,0 ,0 ,0
0 ,0 ,14.857 ,0 ,-12.314 ,12.14 ,1.416 | 1.561 ,0.289 ,1.098 ,-0.087 ,0 ,0 ,0
0 ,0 ,0 ,-4.942 ,-1.327 ,8.269 ,-8.096 | 1.769 ,-0.038 ,-1.135 ,1 ,0 ,0 ,0
0 ,0 ,0 ,0 ,12.44 ,-0.856 ,-0.767 | 1.747 ,0.027 ,-0.696 ,-0.708 ,1 ,0 ,0
0 ,0 ,0 ,0 ,0.747 ,0.475 ,-0.311 | -1.996 ,-0.37 ,1.595 ,-0.389 ,0 ,1 ,0
0 ,0 ,0 ,0 ,5.49 ,-0.751 ,-0.704 | 0.346 ,-0.899 ,-0.016 ,-0.63 ,0 ,0 ,1

R2 --> R2 - 0.646*R5

-1 ,0 ,0 ,0 ,0 ,0.167 ,0.354 | -0.001 ,-0.074 ,0.023 ,-0.089 ,-0.127 ,0 ,0
0 ,-7 ,0 ,0 ,0 ,-9.144 ,4.731 | -0.175 ,0.418 ,-0.694 ,-0.373 ,-0.646 ,0 ,0
0 ,0 ,14.857 ,0 ,-12.314 ,12.14 ,1.416 | 1.561 ,0.289 ,1.098 ,-0.087 ,0 ,0 ,0
0 ,0 ,0 ,-4.942 ,-1.327 ,8.269 ,-8.096 | 1.769 ,-0.038 ,-1.135 ,1 ,0 ,0 ,0
0 ,0 ,0 ,0 ,12.44 ,-0.856 ,-0.767 | 1.747 ,0.027 ,-0.696 ,-0.708 ,1 ,0 ,0
0 ,0 ,0 ,0 ,0.747 ,0.475 ,-0.311 | -1.996 ,-0.37 ,1.595 ,-0.389 ,0 ,1 ,0
0 ,0 ,0 ,0 ,5.49 ,-0.751 ,-0.704 | 0.346 ,-0.899 ,-0.016 ,-0.63 ,0 ,0 ,1

R3 --> R3 + 0.99*R5

-1 ,0 ,0 ,0 ,0 ,0.167 ,0.354 | -0.001 ,-0.074 ,0.023 ,-0.089 ,-0.127 ,0 ,0
0 ,-7 ,0 ,0 ,0 ,-9.144 ,4.731 | -0.175 ,0.418 ,-0.694 ,-0.373 ,-0.646 ,0 ,0
0 ,0 ,14.857 ,0 ,0 ,11.293 ,0.658 | 3.29 ,0.316 ,0.409 ,-0.788 ,0.99 ,0 ,0
0 ,0 ,0 ,-4.942 ,-1.327 ,8.269 ,-8.096 | 1.769 ,-0.038 ,-1.135 ,1 ,0 ,0 ,0
0 ,0 ,0 ,0 ,12.44 ,-0.856 ,-0.767 | 1.747 ,0.027 ,-0.696 ,-0.708 ,1 ,0 ,0
0 ,0 ,0 ,0 ,0.747 ,0.475 ,-0.311 | -1.996 ,-0.37 ,1.595 ,-0.389 ,0 ,1 ,0
0 ,0 ,0 ,0 ,5.49 ,-0.751 ,-0.704 | 0.346 ,-0.899 ,-0.016 ,-0.63 ,0 ,0 ,1

R4 --> R4 + 0.107*R5

-1 ,0 ,0 ,0 ,0 ,0.167 ,0.354 | -0.001 ,-0.074 ,0.023 ,-0.089 ,-0.127 ,0 ,0
0 ,-7 ,0 ,0 ,0 ,-9.144 ,4.731 | -0.175 ,0.418 ,-0.694 ,-0.373 ,-0.646 ,0 ,0
0 ,0 ,14.857 ,0 ,0 ,11.293 ,0.658 | 3.29 ,0.316 ,0.409 ,-0.788 ,0.99 ,0 ,0
0 ,0 ,0 ,-4.942 ,0 ,8.178 ,-8.178 | 1.956 ,-0.036 ,-1.209 ,0.924 ,0.107 ,0 ,0
0 ,0 ,0 ,0 ,12.44 ,-0.856 ,-0.767 | 1.747 ,0.027 ,-0.696 ,-0.708 ,1 ,0 ,0
0 ,0 ,0 ,0 ,0.747 ,0.475 ,-0.311 | -1.996 ,-0.37 ,1.595 ,-0.389 ,0 ,1 ,0
0 ,0 ,0 ,0 ,5.49 ,-0.751 ,-0.704 | 0.346 ,-0.899 ,-0.016 ,-0.63 ,0 ,0 ,1

R6 --> R6 - 0.06*R5

-1 ,0 ,0 ,0 ,0 ,0.167 ,0.354 | -0.001 ,-0.074 ,0.023 ,-0.089 ,-0.127 ,0 ,0
0 ,-7 ,0 ,0 ,0 ,-9.144 ,4.731 | -0.175 ,0.418 ,-0.694 ,-0.373 ,-0.646 ,0 ,0
0 ,0 ,14.857 ,0 ,0 ,11.293 ,0.658 | 3.29 ,0.316 ,0.409 ,-0.788 ,0.99 ,0 ,0
0 ,0 ,0 ,-4.942 ,0 ,8.178 ,-8.178 | 1.956 ,-0.036 ,-1.209 ,0.924 ,0.107 ,0 ,0
0 ,0 ,0 ,0 ,12.44 ,-0.856 ,-0.767 | 1.747 ,0.027 ,-0.696 ,-0.708 ,1 ,0 ,0
0 ,0 ,0 ,0 ,0 ,0.526 ,-0.265 | -2.101 ,-0.371 ,1.637 ,-0.347 ,-0.06 ,1 ,0
0 ,0 ,0 ,0 ,5.49 ,-0.751 ,-0.704 | 0.346 ,-0.899 ,-0.016 ,-0.63 ,0 ,0 ,1

R7 --> R7 - 0.441*R5

-1 ,0 ,0 ,0 ,0 ,0.167 ,0.354 | -0.001 ,-0.074 ,0.023 ,-0.089 ,-0.127 ,0 ,0
0 ,-7 ,0 ,0 ,0 ,-9.144 ,4.731 | -0.175 ,0.418 ,-0.694 ,-0.373 ,-0.646 ,0 ,0
0 ,0 ,14.857 ,0 ,0 ,11.293 ,0.658 | 3.29 ,0.316 ,0.409 ,-0.788 ,0.99 ,0 ,0
0 ,0 ,0 ,-4.942 ,0 ,8.178 ,-8.178 | 1.956 ,-0.036 ,-1.209 ,0.924 ,0.107 ,0 ,0
0 ,0 ,0 ,0 ,12.44 ,-0.856 ,-0.767 | 1.747 ,0.027 ,-0.696 ,-0.708 ,1 ,0 ,0
0 ,0 ,0 ,0 ,0 ,0.526 ,-0.265 | -2.101 ,-0.371 ,1.637 ,-0.347 ,-0.06 ,1 ,0
0 ,0 ,0 ,0 ,0 ,-0.373 ,-0.366 | -0.425 ,-0.911 ,0.292 ,-0.318 ,-0.441 ,0 ,1

R1 --> R1 - 0.318*R6

-1 ,0 ,0 ,0 ,0 ,0 ,0.439 | 0.668 ,0.045 ,-0.498 ,0.021 ,-0.108 ,-0.318 ,0
0 ,-7 ,0 ,0 ,0 ,-9.144 ,4.731 | -0.175 ,0.418 ,-0.694 ,-0.373 ,-0.646 ,0 ,0
0 ,0 ,14.857 ,0 ,0 ,11.293 ,0.658 | 3.29 ,0.316 ,0.409 ,-0.788 ,0.99 ,0 ,0
0 ,0 ,0 ,-4.942 ,0 ,8.178 ,-8.178 | 1.956 ,-0.036 ,-1.209 ,0.924 ,0.107 ,0 ,0
0 ,0 ,0 ,0 ,12.44 ,-0.856 ,-0.767 | 1.747 ,0.027 ,-0.696 ,-0.708 ,1 ,0 ,0
0 ,0 ,0 ,0 ,0 ,0.526 ,-0.265 | -2.101 ,-0.371 ,1.637 ,-0.347 ,-0.06 ,1 ,0
0 ,0 ,0 ,0 ,0 ,-0.373 ,-0.366 | -0.425 ,-0.911 ,0.292 ,-0.318 ,-0.441 ,0 ,1

R2 --> R2 + 17.379*R6

-1 ,0 ,0 ,0 ,0 ,0 ,0.439 | 0.668 ,0.045 ,-0.498 ,0.021 ,-0.108 ,-0.318 ,0
0 ,-7 ,0 ,0 ,0 ,0 ,0.121 | -36.69 ,-6.034 ,27.759 ,-6.397 ,-1.69 ,17.379 ,0
0 ,0 ,14.857 ,0 ,0 ,11.293 ,0.658 | 3.29 ,0.316 ,0.409 ,-0.788 ,0.99 ,0 ,0
0 ,0 ,0 ,-4.942 ,0 ,8.178 ,-8.178 | 1.956 ,-0.036 ,-1.209 ,0.924 ,0.107 ,0 ,0
0 ,0 ,0 ,0 ,12.44 ,-0.856 ,-0.767 | 1.747 ,0.027 ,-0.696 ,-0.708 ,1 ,0 ,0
0 ,0 ,0 ,0 ,0 ,0.526 ,-0.265 | -2.101 ,-0.371 ,1.637 ,-0.347 ,-0.06 ,1 ,0
0 ,0 ,0 ,0 ,0 ,-0.373 ,-0.366 | -0.425 ,-0.911 ,0.292 ,-0.318 ,-0.441 ,0 ,1

R3 --> R3 - 21.464*R6

-1 ,0 ,0 ,0 ,0 ,0 ,0.439 | 0.668 ,0.045 ,-0.498 ,0.021 ,-0.108 ,-0.318 ,0
0 ,-7 ,0 ,0 ,0 ,0 ,0.121 | -36.69 ,-6.034 ,27.759 ,-6.397 ,-1.69 ,17.379 ,0
0 ,0 ,14.857 ,0 ,0 ,0 ,6.351 | 48.387 ,8.285 ,-34.731 ,6.651 ,2.279 ,-21.464 ,0
0 ,0 ,0 ,-4.942 ,0 ,8.178 ,-8.178 | 1.956 ,-0.036 ,-1.209 ,0.924 ,0.107 ,0 ,0
0 ,0 ,0 ,0 ,12.44 ,-0.856 ,-0.767 | 1.747 ,0.027 ,-0.696 ,-0.708 ,1 ,0 ,0
0 ,0 ,0 ,0 ,0 ,0.526 ,-0.265 | -2.101 ,-0.371 ,1.637 ,-0.347 ,-0.06 ,1 ,0
0 ,0 ,0 ,0 ,0 ,-0.373 ,-0.366 | -0.425 ,-0.911 ,0.292 ,-0.318 ,-0.441 ,0 ,1

R4 --> R4 - 15.544*R6

-1 ,0 ,0 ,0 ,0 ,0 ,0.439 | 0.668 ,0.045 ,-0.498 ,0.021 ,-0.108 ,-0.318 ,0
0 ,-7 ,0 ,0 ,0 ,0 ,0.121 | -36.69 ,-6.034 ,27.759 ,-6.397 ,-1.69 ,17.379 ,0
0 ,0 ,14.857 ,0 ,0 ,0 ,6.351 | 48.387 ,8.285 ,-34.731 ,6.651 ,2.279 ,-21.464 ,0
0 ,0 ,0 ,-4.942 ,0 ,0 ,-4.055 | 34.614 ,5.736 ,-26.657 ,6.312 ,1.04 ,-15.544 ,0
0 ,0 ,0 ,0 ,12.44 ,-0.856 ,-0.767 | 1.747 ,0.027 ,-0.696 ,-0.708 ,1 ,0 ,0
0 ,0 ,0 ,0 ,0 ,0.526 ,-0.265 | -2.101 ,-0.371 ,1.637 ,-0.347 ,-0.06 ,1 ,0
0 ,0 ,0 ,0 ,0 ,-0.373 ,-0.366 | -0.425 ,-0.911 ,0.292 ,-0.318 ,-0.441 ,0 ,1

R5 --> R5 + 1.627*R6

-1 ,0 ,0 ,0 ,0 ,0 ,0.439 | 0.668 ,0.045 ,-0.498 ,0.021 ,-0.108 ,-0.318 ,0
0 ,-7 ,0 ,0 ,0 ,0 ,0.121 | -36.69 ,-6.034 ,27.759 ,-6.397 ,-1.69 ,17.379 ,0
0 ,0 ,14.857 ,0 ,0 ,0 ,6.351 | 48.387 ,8.285 ,-34.731 ,6.651 ,2.279 ,-21.464 ,0
0 ,0 ,0 ,-4.942 ,0 ,0 ,-4.055 | 34.614 ,5.736 ,-26.657 ,6.312 ,1.04 ,-15.544 ,0
0 ,0 ,0 ,0 ,12.44 ,0 ,-1.198 | -1.671 ,-0.577 ,1.967 ,-1.272 ,0.902 ,1.627 ,0
0 ,0 ,0 ,0 ,0 ,0.526 ,-0.265 | -2.101 ,-0.371 ,1.637 ,-0.347 ,-0.06 ,1 ,0
0 ,0 ,0 ,0 ,0 ,-0.373 ,-0.366 | -0.425 ,-0.911 ,0.292 ,-0.318 ,-0.441 ,0 ,1

R7 --> R7 + 0.709*R6

-1 ,0 ,0 ,0 ,0 ,0 ,0.439 | 0.668 ,0.045 ,-0.498 ,0.021 ,-0.108 ,-0.318 ,0
0 ,-7 ,0 ,0 ,0 ,0 ,0.121 | -36.69 ,-6.034 ,27.759 ,-6.397 ,-1.69 ,17.379 ,0
0 ,0 ,14.857 ,0 ,0 ,0 ,6.351 | 48.387 ,8.285 ,-34.731 ,6.651 ,2.279 ,-21.464 ,0
0 ,0 ,0 ,-4.942 ,0 ,0 ,-4.055 | 34.614 ,5.736 ,-26.657 ,6.312 ,1.04 ,-15.544 ,0
0 ,0 ,0 ,0 ,12.44 ,0 ,-1.198 | -1.671 ,-0.577 ,1.967 ,-1.272 ,0.902 ,1.627 ,0
0 ,0 ,0 ,0 ,0 ,0.526 ,-0.265 | -2.101 ,-0.371 ,1.637 ,-0.347 ,-0.06 ,1 ,0
0 ,0 ,0 ,0 ,0 ,0 ,-0.554 | -1.915 ,-1.174 ,1.453 ,-0.564 ,-0.484 ,0.709 ,1

R7 --> -1.805*R7

-1 ,0 ,0 ,0 ,0 ,0 ,0.439 | 0.668 ,0.045 ,-0.498 ,0.021 ,-0.108 ,-0.318 ,0
0 ,-7 ,0 ,0 ,0 ,0 ,0.121 | -36.69 ,-6.034 ,27.759 ,-6.397 ,-1.69 ,17.379 ,0
0 ,0 ,14.857 ,0 ,0 ,0 ,6.351 | 48.387 ,8.285 ,-34.731 ,6.651 ,2.279 ,-21.464 ,0
0 ,0 ,0 ,-4.942 ,0 ,0 ,-4.055 | 34.614 ,5.736 ,-26.657 ,6.312 ,1.04 ,-15.544 ,0
0 ,0 ,0 ,0 ,12.44 ,0 ,-1.198 | -1.671 ,-0.577 ,1.967 ,-1.272 ,0.902 ,1.627 ,0
0 ,0 ,0 ,0 ,0 ,0.526 ,-0.265 | -2.101 ,-0.371 ,1.637 ,-0.347 ,-0.06 ,1 ,0
0 ,0 ,0 ,0 ,0 ,0 ,1 | 3.456 ,2.119 ,-2.622 ,1.017 ,0.873 ,-1.28 ,-1.805

R1 --> R1 - 0.439*R7

-1 ,0 ,0 ,0 ,0 ,0 ,0 | -0.849 ,-0.885 ,0.652 ,-0.425 ,-0.491 ,0.244 ,0.792
0 ,-7 ,0 ,0 ,0 ,0 ,0.121 | -36.69 ,-6.034 ,27.759 ,-6.397 ,-1.69 ,17.379 ,0
0 ,0 ,14.857 ,0 ,0 ,0 ,6.351 | 48.387 ,8.285 ,-34.731 ,6.651 ,2.279 ,-21.464 ,0
0 ,0 ,0 ,-4.942 ,0 ,0 ,-4.055 | 34.614 ,5.736 ,-26.657 ,6.312 ,1.04 ,-15.544 ,0
0 ,0 ,0 ,0 ,12.44 ,0 ,-1.198 | -1.671 ,-0.577 ,1.967 ,-1.272 ,0.902 ,1.627 ,0
0 ,0 ,0 ,0 ,0 ,0.526 ,-0.265 | -2.101 ,-0.371 ,1.637 ,-0.347 ,-0.06 ,1 ,0
0 ,0 ,0 ,0 ,0 ,0 ,1 | 3.456 ,2.119 ,-2.622 ,1.017 ,0.873 ,-1.28 ,-1.805

R1 --> - R1

1 ,0 ,0 ,0 ,0 ,0 ,0 | 0.849 ,0.885 ,-0.652 ,0.425 ,0.491 ,-0.244 ,-0.792
0 ,-7 ,0 ,0 ,0 ,0 ,0.121 | -36.69 ,-6.034 ,27.759 ,-6.397 ,-1.69 ,17.379 ,0
0 ,0 ,14.857 ,0 ,0 ,0 ,6.351 | 48.387 ,8.285 ,-34.731 ,6.651 ,2.279 ,-21.464 ,0
0 ,0 ,0 ,-4.942 ,0 ,0 ,-4.055 | 34.614 ,5.736 ,-26.657 ,6.312 ,1.04 ,-15.544 ,0
0 ,0 ,0 ,0 ,12.44 ,0 ,-1.198 | -1.671 ,-0.577 ,1.967 ,-1.272 ,0.902 ,1.627 ,0
0 ,0 ,0 ,0 ,0 ,0.526 ,-0.265 | -2.101 ,-0.371 ,1.637 ,-0.347 ,-0.06 ,1 ,0
0 ,0 ,0 ,0 ,0 ,0 ,1 | 3.456 ,2.119 ,-2.622 ,1.017 ,0.873 ,-1.28 ,-1.805

R2 --> R2 - 0.121*R7

1 ,0 ,0 ,0 ,0 ,0 ,0 | 0.849 ,0.885 ,-0.652 ,0.425 ,0.491 ,-0.244 ,-0.792
0 ,-7 ,0 ,0 ,0 ,0 ,0 | -37.107 ,-6.29 ,28.075 ,-6.519 ,-1.795 ,17.534 ,0.218
0 ,0 ,14.857 ,0 ,0 ,0 ,6.351 | 48.387 ,8.285 ,-34.731 ,6.651 ,2.279 ,-21.464 ,0
0 ,0 ,0 ,-4.942 ,0 ,0 ,-4.055 | 34.614 ,5.736 ,-26.657 ,6.312 ,1.04 ,-15.544 ,0
0 ,0 ,0 ,0 ,12.44 ,0 ,-1.198 | -1.671 ,-0.577 ,1.967 ,-1.272 ,0.902 ,1.627 ,0
0 ,0 ,0 ,0 ,0 ,0.526 ,-0.265 | -2.101 ,-0.371 ,1.637 ,-0.347 ,-0.06 ,1 ,0
0 ,0 ,0 ,0 ,0 ,0 ,1 | 3.456 ,2.119 ,-2.622 ,1.017 ,0.873 ,-1.28 ,-1.805

R2 --> -0.143*R2

1 ,0 ,0 ,0 ,0 ,0 ,0 | 0.849 ,0.885 ,-0.652 ,0.425 ,0.491 ,-0.244 ,-0.792
0 ,1 ,0 ,0 ,0 ,0 ,0 | 5.301 ,0.899 ,-4.011 ,0.931 ,0.256 ,-2.505 ,-0.031
0 ,0 ,14.857 ,0 ,0 ,0 ,6.351 | 48.387 ,8.285 ,-34.731 ,6.651 ,2.279 ,-21.464 ,0
0 ,0 ,0 ,-4.942 ,0 ,0 ,-4.055 | 34.614 ,5.736 ,-26.657 ,6.312 ,1.04 ,-15.544 ,0
0 ,0 ,0 ,0 ,12.44 ,0 ,-1.198 | -1.671 ,-0.577 ,1.967 ,-1.272 ,0.902 ,1.627 ,0
0 ,0 ,0 ,0 ,0 ,0.526 ,-0.265 | -2.101 ,-0.371 ,1.637 ,-0.347 ,-0.06 ,1 ,0
0 ,0 ,0 ,0 ,0 ,0 ,1 | 3.456 ,2.119 ,-2.622 ,1.017 ,0.873 ,-1.28 ,-1.805

R3 --> R3 - 6.351*R7

1 ,0 ,0 ,0 ,0 ,0 ,0 | 0.849 ,0.885 ,-0.652 ,0.425 ,0.491 ,-0.244 ,-0.792
0 ,1 ,0 ,0 ,0 ,0 ,0 | 5.301 ,0.899 ,-4.011 ,0.931 ,0.256 ,-2.505 ,-0.031
0 ,0 ,14.857 ,0 ,0 ,0 ,0 | 26.438 ,-5.173 ,-18.077 ,0.191 ,-3.268 ,-13.335 ,11.462
0 ,0 ,0 ,-4.942 ,0 ,0 ,-4.055 | 34.614 ,5.736 ,-26.657 ,6.312 ,1.04 ,-15.544 ,0
0 ,0 ,0 ,0 ,12.44 ,0 ,-1.198 | -1.671 ,-0.577 ,1.967 ,-1.272 ,0.902 ,1.627 ,0
0 ,0 ,0 ,0 ,0 ,0.526 ,-0.265 | -2.101 ,-0.371 ,1.637 ,-0.347 ,-0.06 ,1 ,0
0 ,0 ,0 ,0 ,0 ,0 ,1 | 3.456 ,2.119 ,-2.622 ,1.017 ,0.873 ,-1.28 ,-1.805

R3 --> 0.067*R3

1 ,0 ,0 ,0 ,0 ,0 ,0 | 0.849 ,0.885 ,-0.652 ,0.425 ,0.491 ,-0.244 ,-0.792
0 ,1 ,0 ,0 ,0 ,0 ,0 | 5.301 ,0.899 ,-4.011 ,0.931 ,0.256 ,-2.505 ,-0.031
0 ,0 ,1 ,0 ,0 ,0 ,0 | 1.78 ,-0.348 ,-1.217 ,0.013 ,-0.22 ,-0.898 ,0.771
0 ,0 ,0 ,-4.942 ,0 ,0 ,-4.055 | 34.614 ,5.736 ,-26.657 ,6.312 ,1.04 ,-15.544 ,0
0 ,0 ,0 ,0 ,12.44 ,0 ,-1.198 | -1.671 ,-0.577 ,1.967 ,-1.272 ,0.902 ,1.627 ,0
0 ,0 ,0 ,0 ,0 ,0.526 ,-0.265 | -2.101 ,-0.371 ,1.637 ,-0.347 ,-0.06 ,1 ,0
0 ,0 ,0 ,0 ,0 ,0 ,1 | 3.456 ,2.119 ,-2.622 ,1.017 ,0.873 ,-1.28 ,-1.805

R4 --> R4 + 4.055*R7

1 ,0 ,0 ,0 ,0 ,0 ,0 | 0.849 ,0.885 ,-0.652 ,0.425 ,0.491 ,-0.244 ,-0.792
0 ,1 ,0 ,0 ,0 ,0 ,0 | 5.301 ,0.899 ,-4.011 ,0.931 ,0.256 ,-2.505 ,-0.031
0 ,0 ,1 ,0 ,0 ,0 ,0 | 1.78 ,-0.348 ,-1.217 ,0.013 ,-0.22 ,-0.898 ,0.771
0 ,0 ,0 ,-4.942 ,0 ,0 ,0 | 48.627 ,14.328 ,-37.29 ,10.436 ,4.582 ,-20.734 ,-7.318
0 ,0 ,0 ,0 ,12.44 ,0 ,-1.198 | -1.671 ,-0.577 ,1.967 ,-1.272 ,0.902 ,1.627 ,0
0 ,0 ,0 ,0 ,0 ,0.526 ,-0.265 | -2.101 ,-0.371 ,1.637 ,-0.347 ,-0.06 ,1 ,0
0 ,0 ,0 ,0 ,0 ,0 ,1 | 3.456 ,2.119 ,-2.622 ,1.017 ,0.873 ,-1.28 ,-1.805

R4 --> -0.202*R4

1 ,0 ,0 ,0 ,0 ,0 ,0 | 0.849 ,0.885 ,-0.652 ,0.425 ,0.491 ,-0.244 ,-0.792
0 ,1 ,0 ,0 ,0 ,0 ,0 | 5.301 ,0.899 ,-4.011 ,0.931 ,0.256 ,-2.505 ,-0.031
0 ,0 ,1 ,0 ,0 ,0 ,0 | 1.78 ,-0.348 ,-1.217 ,0.013 ,-0.22 ,-0.898 ,0.771
0 ,0 ,0 ,1 ,0 ,0 ,0 | -9.839 ,-2.899 ,7.545 ,-2.112 ,-0.927 ,4.195 ,1.481
0 ,0 ,0 ,0 ,12.44 ,0 ,-1.198 | -1.671 ,-0.577 ,1.967 ,-1.272 ,0.902 ,1.627 ,0
0 ,0 ,0 ,0 ,0 ,0.526 ,-0.265 | -2.101 ,-0.371 ,1.637 ,-0.347 ,-0.06 ,1 ,0
0 ,0 ,0 ,0 ,0 ,0 ,1 | 3.456 ,2.119 ,-2.622 ,1.017 ,0.873 ,-1.28 ,-1.805

R5 --> R5 + 1.198*R7

1 ,0 ,0 ,0 ,0 ,0 ,0 | 0.849 ,0.885 ,-0.652 ,0.425 ,0.491 ,-0.244 ,-0.792
0 ,1 ,0 ,0 ,0 ,0 ,0 | 5.301 ,0.899 ,-4.011 ,0.931 ,0.256 ,-2.505 ,-0.031
0 ,0 ,1 ,0 ,0 ,0 ,0 | 1.78 ,-0.348 ,-1.217 ,0.013 ,-0.22 ,-0.898 ,0.771
0 ,0 ,0 ,1 ,0 ,0 ,0 | -9.839 ,-2.899 ,7.545 ,-2.112 ,-0.927 ,4.195 ,1.481
0 ,0 ,0 ,0 ,12.44 ,0 ,0 | 2.469 ,1.962 ,-1.175 ,-0.053 ,1.949 ,0.093 ,-2.162
0 ,0 ,0 ,0 ,0 ,0.526 ,-0.265 | -2.101 ,-0.371 ,1.637 ,-0.347 ,-0.06 ,1 ,0
0 ,0 ,0 ,0 ,0 ,0 ,1 | 3.456 ,2.119 ,-2.622 ,1.017 ,0.873 ,-1.28 ,-1.805

R5 --> 0.08*R5

1 ,0 ,0 ,0 ,0 ,0 ,0 | 0.849 ,0.885 ,-0.652 ,0.425 ,0.491 ,-0.244 ,-0.792
0 ,1 ,0 ,0 ,0 ,0 ,0 | 5.301 ,0.899 ,-4.011 ,0.931 ,0.256 ,-2.505 ,-0.031
0 ,0 ,1 ,0 ,0 ,0 ,0 | 1.78 ,-0.348 ,-1.217 ,0.013 ,-0.22 ,-0.898 ,0.771
0 ,0 ,0 ,1 ,0 ,0 ,0 | -9.839 ,-2.899 ,7.545 ,-2.112 ,-0.927 ,4.195 ,1.481
0 ,0 ,0 ,0 ,1 ,0 ,0 | 0.198 ,0.158 ,-0.094 ,-0.004 ,0.157 ,0.008 ,-0.174
0 ,0 ,0 ,0 ,0 ,0.526 ,-0.265 | -2.101 ,-0.371 ,1.637 ,-0.347 ,-0.06 ,1 ,0
0 ,0 ,0 ,0 ,0 ,0 ,1 | 3.456 ,2.119 ,-2.622 ,1.017 ,0.873 ,-1.28 ,-1.805

R6 --> R6 + 0.265*R7

1 ,0 ,0 ,0 ,0 ,0 ,0 | 0.849 ,0.885 ,-0.652 ,0.425 ,0.491 ,-0.244 ,-0.792
0 ,1 ,0 ,0 ,0 ,0 ,0 | 5.301 ,0.899 ,-4.011 ,0.931 ,0.256 ,-2.505 ,-0.031
0 ,0 ,1 ,0 ,0 ,0 ,0 | 1.78 ,-0.348 ,-1.217 ,0.013 ,-0.22 ,-0.898 ,0.771
0 ,0 ,0 ,1 ,0 ,0 ,0 | -9.839 ,-2.899 ,7.545 ,-2.112 ,-0.927 ,4.195 ,1.481
0 ,0 ,0 ,0 ,1 ,0 ,0 | 0.198 ,0.158 ,-0.094 ,-0.004 ,0.157 ,0.008 ,-0.174
0 ,0 ,0 ,0 ,0 ,0.526 ,0 | -1.184 ,0.191 ,0.942 ,-0.077 ,0.172 ,0.66 ,-0.479
0 ,0 ,0 ,0 ,0 ,0 ,1 | 3.456 ,2.119 ,-2.622 ,1.017 ,0.873 ,-1.28 ,-1.805

R6 --> 1.901*R6

1 ,0 ,0 ,0 ,0 ,0 ,0 | 0.849 ,0.885 ,-0.652 ,0.425 ,0.491 ,-0.244 ,-0.792
0 ,1 ,0 ,0 ,0 ,0 ,0 | 5.301 ,0.899 ,-4.011 ,0.931 ,0.256 ,-2.505 ,-0.031
0 ,0 ,1 ,0 ,0 ,0 ,0 | 1.78 ,-0.348 ,-1.217 ,0.013 ,-0.22 ,-0.898 ,0.771
0 ,0 ,0 ,1 ,0 ,0 ,0 | -9.839 ,-2.899 ,7.545 ,-2.112 ,-0.927 ,4.195 ,1.481
0 ,0 ,0 ,0 ,1 ,0 ,0 | 0.198 ,0.158 ,-0.094 ,-0.004 ,0.157 ,0.008 ,-0.174
0 ,0 ,0 ,0 ,0 ,1 ,0 | -2.251 ,0.363 ,1.79 ,-0.146 ,0.326 ,1.255 ,-0.91
0 ,0 ,0 ,0 ,0 ,0 ,1 | 3.456 ,2.119 ,-2.622 ,1.017 ,0.873 ,-1.28 ,-1.805

the invertible of this matrix is:
0.849 ,0.885 ,-0.652 ,0.425 ,0.491 ,-0.244 ,-0.792
5.301 ,0.899 ,-4.011 ,0.931 ,0.256 ,-2.505 ,-0.031
1.78 ,-0.348 ,-1.217 ,0.013 ,-0.22 ,-0.898 ,0.771
-9.839 ,-2.899 ,7.545 ,-2.112 ,-0.927 ,4.195 ,1.481
0.198 ,0.158 ,-0.094 ,-0.004 ,0.157 ,0.008 ,-0.174
-2.251 ,0.363 ,1.79 ,-0.146 ,0.326 ,1.255 ,-0.91
3.456 ,2.119 ,-2.622 ,1.017 ,0.873 ,-1.28 ,-1.805

