invert the next matrix (5*5 size):
-2 ,2 ,2 ,-1 ,1
-4 ,4 ,4 ,4 ,3
2 ,3 ,2 ,3 ,2
-3 ,-1 ,1 ,2 ,2
5 ,5 ,3 ,5 ,5

-2 ,2 ,2 ,-1 ,1 | 1 ,0 ,0 ,0 ,0
-4 ,4 ,4 ,4 ,3 | 0 ,1 ,0 ,0 ,0
2 ,3 ,2 ,3 ,2 | 0 ,0 ,1 ,0 ,0
-3 ,-1 ,1 ,2 ,2 | 0 ,0 ,0 ,1 ,0
5 ,5 ,3 ,5 ,5 | 0 ,0 ,0 ,0 ,1

implement the solution by elementary matrices method:
transform M matrix to I by an elementary matrices:
R2 --> R2 - 2*R1

-2 ,2 ,2 ,-1 ,1 | 1 ,0 ,0 ,0 ,0
0 ,0 ,0 ,6 ,1 | -2 ,1 ,0 ,0 ,0
2 ,3 ,2 ,3 ,2 | 0 ,0 ,1 ,0 ,0
-3 ,-1 ,1 ,2 ,2 | 0 ,0 ,0 ,1 ,0
5 ,5 ,3 ,5 ,5 | 0 ,0 ,0 ,0 ,1

R3 --> R3 + R1

-2 ,2 ,2 ,-1 ,1 | 1 ,0 ,0 ,0 ,0
0 ,0 ,0 ,6 ,1 | -2 ,1 ,0 ,0 ,0
0 ,5 ,4 ,2 ,3 | 1 ,0 ,1 ,0 ,0
-3 ,-1 ,1 ,2 ,2 | 0 ,0 ,0 ,1 ,0
5 ,5 ,3 ,5 ,5 | 0 ,0 ,0 ,0 ,1

R4 --> R4 - 1.5*R1

-2 ,2 ,2 ,-1 ,1 | 1 ,0 ,0 ,0 ,0
0 ,0 ,0 ,6 ,1 | -2 ,1 ,0 ,0 ,0
0 ,5 ,4 ,2 ,3 | 1 ,0 ,1 ,0 ,0
0 ,-4 ,-2 ,3.5 ,0.5 | -1.5 ,0 ,0 ,1 ,0
5 ,5 ,3 ,5 ,5 | 0 ,0 ,0 ,0 ,1

R5 --> R5 + 2.5*R1

-2 ,2 ,2 ,-1 ,1 | 1 ,0 ,0 ,0 ,0
0 ,0 ,0 ,6 ,1 | -2 ,1 ,0 ,0 ,0
0 ,5 ,4 ,2 ,3 | 1 ,0 ,1 ,0 ,0
0 ,-4 ,-2 ,3.5 ,0.5 | -1.5 ,0 ,0 ,1 ,0
0 ,10 ,8 ,2.5 ,7.5 | 2.5 ,0 ,0 ,0 ,1

R2 <--> R3

-2 ,2 ,2 ,-1 ,1 | 1 ,0 ,0 ,0 ,0
0 ,5 ,4 ,2 ,3 | 1 ,0 ,1 ,0 ,0
0 ,0 ,0 ,6 ,1 | -2 ,1 ,0 ,0 ,0
0 ,-4 ,-2 ,3.5 ,0.5 | -1.5 ,0 ,0 ,1 ,0
0 ,10 ,8 ,2.5 ,7.5 | 2.5 ,0 ,0 ,0 ,1

R1 --> R1 - 0.4*R2

-2 ,0 ,0.4 ,-1.8 ,-0.2 | 0.6 ,0 ,-0.4 ,0 ,0
0 ,5 ,4 ,2 ,3 | 1 ,0 ,1 ,0 ,0
0 ,0 ,0 ,6 ,1 | -2 ,1 ,0 ,0 ,0
0 ,-4 ,-2 ,3.5 ,0.5 | -1.5 ,0 ,0 ,1 ,0
0 ,10 ,8 ,2.5 ,7.5 | 2.5 ,0 ,0 ,0 ,1

R4 --> R4 + 0.8*R2

-2 ,0 ,0.4 ,-1.8 ,-0.2 | 0.6 ,0 ,-0.4 ,0 ,0
0 ,5 ,4 ,2 ,3 | 1 ,0 ,1 ,0 ,0
0 ,0 ,0 ,6 ,1 | -2 ,1 ,0 ,0 ,0
0 ,0 ,1.2 ,5.1 ,2.9 | -0.7 ,0 ,0.8 ,1 ,0
0 ,10 ,8 ,2.5 ,7.5 | 2.5 ,0 ,0 ,0 ,1

R5 --> R5 - 2*R2

-2 ,0 ,0.4 ,-1.8 ,-0.2 | 0.6 ,0 ,-0.4 ,0 ,0
0 ,5 ,4 ,2 ,3 | 1 ,0 ,1 ,0 ,0
0 ,0 ,0 ,6 ,1 | -2 ,1 ,0 ,0 ,0
0 ,0 ,1.2 ,5.1 ,2.9 | -0.7 ,0 ,0.8 ,1 ,0
0 ,0 ,0 ,-1.5 ,1.5 | 0.5 ,0 ,-2 ,0 ,1

R3 <--> R4

-2 ,0 ,0.4 ,-1.8 ,-0.2 | 0.6 ,0 ,-0.4 ,0 ,0
0 ,5 ,4 ,2 ,3 | 1 ,0 ,1 ,0 ,0
0 ,0 ,1.2 ,5.1 ,2.9 | -0.7 ,0 ,0.8 ,1 ,0
0 ,0 ,0 ,6 ,1 | -2 ,1 ,0 ,0 ,0
0 ,0 ,0 ,-1.5 ,1.5 | 0.5 ,0 ,-2 ,0 ,1

R1 --> R1 - 0.333*R3

-2 ,0 ,0 ,-3.5 ,-1.167 | 0.833 ,0 ,-0.667 ,-0.333 ,0
0 ,5 ,4 ,2 ,3 | 1 ,0 ,1 ,0 ,0
0 ,0 ,1.2 ,5.1 ,2.9 | -0.7 ,0 ,0.8 ,1 ,0
0 ,0 ,0 ,6 ,1 | -2 ,1 ,0 ,0 ,0
0 ,0 ,0 ,-1.5 ,1.5 | 0.5 ,0 ,-2 ,0 ,1

R2 --> R2 - 3.333*R3

-2 ,0 ,0 ,-3.5 ,-1.167 | 0.833 ,0 ,-0.667 ,-0.333 ,0
0 ,5 ,0 ,-15 ,-6.667 | 3.333 ,0 ,-1.667 ,-3.333 ,0
0 ,0 ,1.2 ,5.1 ,2.9 | -0.7 ,0 ,0.8 ,1 ,0
0 ,0 ,0 ,6 ,1 | -2 ,1 ,0 ,0 ,0
0 ,0 ,0 ,-1.5 ,1.5 | 0.5 ,0 ,-2 ,0 ,1

R1 --> R1 + 0.583*R4

-2 ,0 ,0 ,0 ,-0.583 | -0.333 ,0.583 ,-0.667 ,-0.333 ,0
0 ,5 ,0 ,-15 ,-6.667 | 3.333 ,0 ,-1.667 ,-3.333 ,0
0 ,0 ,1.2 ,5.1 ,2.9 | -0.7 ,0 ,0.8 ,1 ,0
0 ,0 ,0 ,6 ,1 | -2 ,1 ,0 ,0 ,0
0 ,0 ,0 ,-1.5 ,1.5 | 0.5 ,0 ,-2 ,0 ,1

R2 --> R2 + 2.5*R4

-2 ,0 ,0 ,0 ,-0.583 | -0.333 ,0.583 ,-0.667 ,-0.333 ,0
0 ,5 ,0 ,0 ,-4.167 | -1.667 ,2.5 ,-1.667 ,-3.333 ,0
0 ,0 ,1.2 ,5.1 ,2.9 | -0.7 ,0 ,0.8 ,1 ,0
0 ,0 ,0 ,6 ,1 | -2 ,1 ,0 ,0 ,0
0 ,0 ,0 ,-1.5 ,1.5 | 0.5 ,0 ,-2 ,0 ,1

R3 --> R3 - 0.85*R4

-2 ,0 ,0 ,0 ,-0.583 | -0.333 ,0.583 ,-0.667 ,-0.333 ,0
0 ,5 ,0 ,0 ,-4.167 | -1.667 ,2.5 ,-1.667 ,-3.333 ,0
0 ,0 ,1.2 ,0 ,2.05 | 1 ,-0.85 ,0.8 ,1 ,0
0 ,0 ,0 ,6 ,1 | -2 ,1 ,0 ,0 ,0
0 ,0 ,0 ,-1.5 ,1.5 | 0.5 ,0 ,-2 ,0 ,1

R5 --> R5 + 0.25*R4

-2 ,0 ,0 ,0 ,-0.583 | -0.333 ,0.583 ,-0.667 ,-0.333 ,0
0 ,5 ,0 ,0 ,-4.167 | -1.667 ,2.5 ,-1.667 ,-3.333 ,0
0 ,0 ,1.2 ,0 ,2.05 | 1 ,-0.85 ,0.8 ,1 ,0
0 ,0 ,0 ,6 ,1 | -2 ,1 ,0 ,0 ,0
0 ,0 ,0 ,0 ,1.75 | 0 ,0.25 ,-2 ,0 ,1

R5 --> 0.571*R5

-2 ,0 ,0 ,0 ,-0.583 | -0.333 ,0.583 ,-0.667 ,-0.333 ,0
0 ,5 ,0 ,0 ,-4.167 | -1.667 ,2.5 ,-1.667 ,-3.333 ,0
0 ,0 ,1.2 ,0 ,2.05 | 1 ,-0.85 ,0.8 ,1 ,0
0 ,0 ,0 ,6 ,1 | -2 ,1 ,0 ,0 ,0
0 ,0 ,0 ,0 ,1 | 0 ,0.143 ,-1.143 ,0 ,0.571

R1 --> R1 + 0.583*R5

-2 ,0 ,0 ,0 ,0 | -0.333 ,0.667 ,-1.333 ,-0.333 ,0.333
0 ,5 ,0 ,0 ,-4.167 | -1.667 ,2.5 ,-1.667 ,-3.333 ,0
0 ,0 ,1.2 ,0 ,2.05 | 1 ,-0.85 ,0.8 ,1 ,0
0 ,0 ,0 ,6 ,1 | -2 ,1 ,0 ,0 ,0
0 ,0 ,0 ,0 ,1 | 0 ,0.143 ,-1.143 ,0 ,0.571

R1 --> -0.5*R1

1 ,0 ,0 ,0 ,0 | 0.167 ,-0.333 ,0.667 ,0.167 ,-0.167
0 ,5 ,0 ,0 ,-4.167 | -1.667 ,2.5 ,-1.667 ,-3.333 ,0
0 ,0 ,1.2 ,0 ,2.05 | 1 ,-0.85 ,0.8 ,1 ,0
0 ,0 ,0 ,6 ,1 | -2 ,1 ,0 ,0 ,0
0 ,0 ,0 ,0 ,1 | 0 ,0.143 ,-1.143 ,0 ,0.571

R2 --> R2 + 4.167*R5

1 ,0 ,0 ,0 ,0 | 0.167 ,-0.333 ,0.667 ,0.167 ,-0.167
0 ,5 ,0 ,0 ,0 | -1.667 ,3.095 ,-6.429 ,-3.333 ,2.381
0 ,0 ,1.2 ,0 ,2.05 | 1 ,-0.85 ,0.8 ,1 ,0
0 ,0 ,0 ,6 ,1 | -2 ,1 ,0 ,0 ,0
0 ,0 ,0 ,0 ,1 | 0 ,0.143 ,-1.143 ,0 ,0.571

R2 --> 0.2*R2

1 ,0 ,0 ,0 ,0 | 0.167 ,-0.333 ,0.667 ,0.167 ,-0.167
0 ,1 ,0 ,0 ,0 | -0.333 ,0.619 ,-1.286 ,-0.667 ,0.476
0 ,0 ,1.2 ,0 ,2.05 | 1 ,-0.85 ,0.8 ,1 ,0
0 ,0 ,0 ,6 ,1 | -2 ,1 ,0 ,0 ,0
0 ,0 ,0 ,0 ,1 | 0 ,0.143 ,-1.143 ,0 ,0.571

R3 --> R3 - 2.05*R5

1 ,0 ,0 ,0 ,0 | 0.167 ,-0.333 ,0.667 ,0.167 ,-0.167
0 ,1 ,0 ,0 ,0 | -0.333 ,0.619 ,-1.286 ,-0.667 ,0.476
0 ,0 ,1.2 ,0 ,0 | 1 ,-1.143 ,3.143 ,1 ,-1.171
0 ,0 ,0 ,6 ,1 | -2 ,1 ,0 ,0 ,0
0 ,0 ,0 ,0 ,1 | 0 ,0.143 ,-1.143 ,0 ,0.571

R3 --> 0.833*R3

1 ,0 ,0 ,0 ,0 | 0.167 ,-0.333 ,0.667 ,0.167 ,-0.167
0 ,1 ,0 ,0 ,0 | -0.333 ,0.619 ,-1.286 ,-0.667 ,0.476
0 ,0 ,1 ,0 ,0 | 0.833 ,-0.952 ,2.619 ,0.833 ,-0.976
0 ,0 ,0 ,6 ,1 | -2 ,1 ,0 ,0 ,0
0 ,0 ,0 ,0 ,1 | 0 ,0.143 ,-1.143 ,0 ,0.571

R4 --> R4 - R5

1 ,0 ,0 ,0 ,0 | 0.167 ,-0.333 ,0.667 ,0.167 ,-0.167
0 ,1 ,0 ,0 ,0 | -0.333 ,0.619 ,-1.286 ,-0.667 ,0.476
0 ,0 ,1 ,0 ,0 | 0.833 ,-0.952 ,2.619 ,0.833 ,-0.976
0 ,0 ,0 ,6 ,0 | -2 ,0.857 ,1.143 ,0 ,-0.571
0 ,0 ,0 ,0 ,1 | 0 ,0.143 ,-1.143 ,0 ,0.571

R4 --> 0.167*R4

1 ,0 ,0 ,0 ,0 | 0.167 ,-0.333 ,0.667 ,0.167 ,-0.167
0 ,1 ,0 ,0 ,0 | -0.333 ,0.619 ,-1.286 ,-0.667 ,0.476
0 ,0 ,1 ,0 ,0 | 0.833 ,-0.952 ,2.619 ,0.833 ,-0.976
0 ,0 ,0 ,1 ,0 | -0.333 ,0.143 ,0.19 ,0 ,-0.095
0 ,0 ,0 ,0 ,1 | 0 ,0.143 ,-1.143 ,0 ,0.571

the invertible of this matrix is:
0.167 ,-0.333 ,0.667 ,0.167 ,-0.167
-0.333 ,0.619 ,-1.286 ,-0.667 ,0.476
0.833 ,-0.952 ,2.619 ,0.833 ,-0.976
-0.333 ,0.143 ,0.19 ,0 ,-0.095
0 ,0.143 ,-1.143 ,0 ,0.571

